%SaveThr
0
0
3
0
5
0
8000
0
0
5
5
10000
200000
0
5
1
12000
0
0
5
5
0
0
0
1
0
8000
0
0
0
513890
500000
479166
2
513890
10
1
0
414036
738
65
12
479166
0
0
0
476532
0
61
0
100000
100000
99990
99980
99960
99930
99900
99850
99800
99740
99670
99600
99510
99420
99120
99120
100000
100000
100000
100000
100000
100000
100000
100000
99940
99880
99820
99760
99700
99640
99580
99520
99460
99400
99350
99290
99230
99170
99110
99050
98990
98930
98870
98810
98760
98700
98640
98580
98520
98460
98400
98340
98280
98220
98160
98110
98050
97990
97930
97870
97810
97750
97690
97630
97570
97520
97460
97400
97340
97280
97220
97160
97100
97040
96980
96920
96870
96810
96750
96690
96630
96570
96510
96450
96390
96330
96280
96220
96160
96100
96040
95980
95920
95860
95800
95740
95680
95630
95570
95510
95450
95390
95330
95270
95210
95150
95090
95040
94980
94920
94860
94800
94740
94680
94620
94560
94500
94440
94390
94330
94270
94210
94150
94090
94030
93970
93910
93850
12940
18510
22820
26480
29710
32640
35330
37840
40190
42420
44530
46540
48470
50320
52100
53820
55470
57070
58620
60120
61580
62990
64360
65690
66990
68250
69480
70670
71830
72960
74060
75140
76180
77200
78190
79150
80090
81000
81890
82750
83590
84410
85200
85970
86720
87440
88150
88830
89490
90130
90740
91340
91920
92470
93000
93520
94010
94480
94940
95370
95790
96180
96550
96910
97240
97560
97850
98130
98390
98630
98850
99050
99230
99390
99530
99650
99760
99840
99910
99960
99990
100000
99990
100000
100000
100000
100000
100000
100000
100000
100000
100000
100000
100000
100000
100000
100000
100000
100000
100000
100000
100000
100000
100000
100000
100000
100000
100000
100000
100000
100000
100000
100000
100000
100000
100000
100000
100000
100000
100000
100000
100000
100000
100000
100000
100000
100000
100000
0
0
0
0
0
0
0
0
0
0
0
0
0
0
0
0
0
0
0
0
0
0
0
0
0
0
0
0
0
0
0
0
0
0
0
0
0
14120
19750
24020
27600
30740
33560
36150
38540
40780
42890
44890
46800
48610
50350
52020
53630
55180
56680
58130
59530
60890
62210
63490
64730
65940
67120
68260
69380
70470
71520
72560
73560
74540
75500
76430
77340
78230
79090
79940
80760
81560
82340
83100
83850
84570
85270
85960
86630
87280
87910
88520
89120
89700
90260
90800
91330
91840
92340
92820
93280
93720
94150
94570
94970
95350
95720
96070
96410
96730
97030
97320
97600
97860
98100
98330
98550
98750
98930
99100
99260
99400
99520
99630
99730
99810
99880
99930
99970
99990
100000
99990
0
0
0
0
0
0
0
0
0
0
0
0
0
0
0
0
0
0
0
0
0
0
0
0
0
0
0
0
0
0
0
0
0
0
0
0
0
0
0
0
0
0
0
0
0
0
0
0
0
0
0
0
0
0
0
0
0
0
0
0
0
0
0
0
0
0
0
0
0
0
0
0
0
0
0
0
0
0
0
0
0
0
0
0
0
0
0
0
0
0
0
0
0
0
0
0
0
0
0
0
0
0
0
0
0
0
0
0
0
0
0
0
0
0
0
0
0
0
0
0
0
0
0
0
0
0
0
0
0
0
0
0
0
0
0
0
0
0
0
0
0
0
0
0
0
0
0
0
0
0
0
0
0
0
0
0
0
0
0
0
0
0
0
0
0
0
0
0
0
0
0
0
0
0
0
0
0
0
0
0
0
0
0
0
0
0
0
0
0
0
0
0
0
0
0
0
0
0
0
0
0
0
0
0
0
0
0
0
0
0
0
0
0
0
0
0
0
0
0
0
0
0
0
0
0
0
0
0
0
0
0
0
0
0
0
0
0
0
0
0
0
0
0
0
0
0
0
0
0
0
0
0
0
0
0
0
0
0
0
0
0
0
0
0
0
0
0
0
40
0
127
76
0
0
0
0
127
76
127
0
0
64
0
0
0
0
0
64
0
0
0
127
0
0
0
0
0
127
0
0
5
5
0
0
0
0
5
5
5
0
1000
754
0
0
0
0
1000
754
643
0
2
0
0
0
0
0
2
0
0
0
0
0
0
0
0
0
0
0
0
0
0
0
0
0
0
0
0
0
0
0
0
0
0
0
0
0
0
0
0
0
0
0
0
0
0
0
0
0
0
0
0
0
0
0
0
0
0
0
0
0
0
0
0
0
0
0
0
0
0
0
0
0
0
0
0
0
0
0
0
0
0
0
0
0
0
0
0
0
0
0
0
0
0
0
0
0
0
0
0
0
0
0
0
0
0
0
0
0
0
0
0
0
0
0
0
0
0
0
0
0
0
0
0
0
0
0
0
1000000
0
0
0
0
0
0
0
0
0
0
0
0
0
0
0
0
0
0
0
0
0
0
0
0
0
0
0
0
0
0
1000000
1000000
1000000
1000000
1000000
1000000
0
0
400000
0
1000000
1000000
1000000
0
0
0
0
0
0
0
0
0
0
0
0
0
0
0
500000
500000
469727
365637
642578
991211
62500
458008
782227
0
0
0
0
0
0
0
0
0
0
0
500000
396484
0
0
0
0
0
0
0
0
226563
396850
725586
0
717773
0
0
0
0
0
500000
396484
500000
0
0
0
0
0
0
0
0
0
0
0
0
0
0
0
0
0
0
0
0
0
0
0
0
0
0
0
0
0
0
0
0
0
0
0
0
0
0
0
0
0
0
0
0
0
0
0
0
0
0
0
0
0
0
0
0
0
0
0
0
0
0
0
0
0
0
0
0
0
0
0
0
0
0
0
0
0
0
0
0
0
0
0
0
0
0
0
0
0
0
0
0
0
0
0
0
0
0
0
0
0
0
0
0
0
0
0
0
0
0
0
0
0
0
0
0
0
0
0
0
0
0
0
0
0
0
0
0
0
0
0
0
0
0
0
0
0
0
0
0
0
0
0
0
0
0
0
0
0
0
0
0
0
0
0
0
0
0
0
0
0
0
0
0
0
0
0
0
0
569
0
0
0
0
0
0
0
0
0
0
0
0
0
0
0
0
0
0
0
0
0
0
0
0
0
0
0
0
0
0
0
0
0
0
0
0
0
0
0
0
0
0
0
0
0
0
0
0
0
0
0
0
0
0
0
0
0
0
0
0
0
0
0
0
0
0
0
0
0
0
0
0
0
0
0
0
0
0
0
0
0
0
0
0
0
0
0
0
0
0
0
0
0
0
0
0
0
0
0
0
0
0
0
0
0
0
0
0
0
0
0
0
0
0
0
0
0
0
0
0
0
0
0
0
0
0
0
0
0
0
0
0
0
0
0
0
0
0
0
0
0
0
0
0
0
0
0
0
0
0
0
0
0
0
0
0
0
0
0
0
0
0
0
0
0
0
0
0
0
0
0
0
0
0
0
0
0
0
0
0
0
0
0
0
0
0
0
0
0
0
0
0
0
0
0
0
0
0
0
0
0
0
0
0
0
0
0
0
0
1
0
0
0
0
0
0
0
0
0
0
0
0
0
0
0
0
0
0
0
0
0
0
0
0
0
0
0
0
0
0
0
0
0
0
0
0
0
0
0
0
0
0
0
0
0
0
0
0
0
0
0
0
0
0
0
0
0
0
0
0
0
0
0
0
0
0
0
55
24
6
21
0
0
0
0
0
0
0
0
0
0
0
0
0
0
0
0
0
0
0
1
0
0
0
1
0
0
0
0
0
0
0
0
0
0
0
0
0
0
0
0
0
0
0
0
0
0
0
0
0
0
0
0
0
0
0
0
0
0
0
0
0
0
0
0
0
0
0
0
0
0
0
0
0
0
0
0
0
0
0
0
0
0
0
0
0
0
0
0
0
0
0
0
0
0
0
0
0
0
0
0
0
0
0
0
0
0
0
0
0
0
0
0
0
0
0
0
0
0
0
0
0
0
0
0
0
0
0
0
0
0
0
0
0
0
0
0
0
0
0
0
0
0
0
0
0
0
0
0
0
0
0
0
0
0
0
0
0
0
0
0
0
0
0
0
0
0
0
0
0
0
0
0
0
0
0
0
0
0
0
0
0
0
0
0
0
0
0
0
0
0
0
0
0
0
0
0
0
0
0
0
0
0
0
0
0
0
0
0
0
0
0
0
0
0
0
0
0
0
0
0
0
0
0
0
0
0
0
0
0
0
0
0
0
0
0
0
0
0
0
0
0
0
0
0
0
0
0
0
0
0
0
0
0
0
0
0
0
0
0
0
0
0
0
0
0
0
0
0
0
0
0
0
0
0
0
0
0
0
0
0
0
0
0
0
0
0
0
0
0
0
0
0
0
0
0
0
0
0
0
0
0
0
0
0
0
0
0
0
0
0
0
0
0
0
0
0
0
0
0
0
0
0
0
0
0
0
0
0
0
0
0
0
0
0
0
0
0
0
0
0
0
0
0
0
0
0
0
0
0
0
0
0
0
0
0
0
0
0
0
0
0
0
0
0
0
0
0
0
0
0
0
0
0
0
0
0
0
0
0
0
0
0
0
0
0
0
0
0
0
0
0
0
0
0
0
0
0
0
0
0
0
0
0
0
0
0
0
0
0
0
0
0
0
0
0
0
0
0
0
0
0
0
0
0
0
0
0
0
0
0
0
0
0
0
0
0
0
0
0
0
0
0
0
0
0
0
0
0
0
0
0
0
0
0
0
0
0
0
0
0
0
0
0
0
0
0
0
0
0
0
0
0
0
0
0
0
0
0
0
0
0
0
0
0
0
0
0
0
0
0
0
0
0
0
0
0
0
0
0
0
0
0
0
0
0
0
0
0
0
0
0
0
0
0
0
0
0
0
0
0
0
0
0
0
0
0
0
0
0
0
0
0
0
0
0
0
0
0
0
0
0
0
0
0
0
0
0
0
0
0
0
0
0
0
0
0
0
0
0
0
0
0
0
0
0
0
500000
0
0
0
499968
0
64
0
0
0
0
0
0
0
0
0
1
0
1
465000
500000
0
0
0
0
0
0
0
0
0
0
0
0
0
0
0
0
0
0
0
0
0
0
0
0
0
0
0
0
0
0
0
0
0
0
0
0
0
0
0
0
0
0
0
0
0
0
0
0
0
0
0
0
0
0
0
0
0
0
0
0
0
0
0
0
0
0
0
0
0
0
0
0
0
0
0
0
0
0
0
0
0
0
0
0
0
0
0
0
0
0
0
0
0
0
0
0
0
0
0
0
0
0
0
0
0
0
0
0
0
0
0
0
0
0
0
0
0
0
0
0
0
0
0
0
0
0
0
0
0
0
0
0
0
0
0
0
0
0
0
0
0
0
0
0
0
0
0
0
0
0
0
0
0
0
0
0
0
0
0
0
0
0
0
0
0
0
0
0
0
0
0
0
0
0
0
0
0
0
0
0
7
3
0
51
3
5000
0
0
52
0
6000
100000
0
52
1
9000
0
0
51
3
1500
0
0
1
0
3000
0
0
0
500000
500000
500000
1
500000
10
1
0
406224
738
64
12
500000
0
0
0
499968
0
64
0
99990
100000
99990
99990
99990
99990
99990
99990
99990
99990
99980
99980
99980
99970
99970
99960
99960
99960
99950
99950
99940
99930
99930
99920
99910
99910
99900
99890
99880
99870
99860
99850
100000
99920
99850
99770
99700
99630
99550
99480
99400
99330
99260
99180
100000
99880
99760
99650
99530
99410
99300
99180
99060
98950
98830
98720
98600
98480
98370
98250
98130
98020
97900
97790
97670
97550
97440
97320
97200
97090
96970
96860
96740
96620
96510
96390
96270
96160
96040
95930
95810
95690
95580
95460
95340
95230
95110
95000
94880
94760
94650
94530
94410
94300
94180
94070
93950
93830
93720
93600
93480
93370
93250
93140
93020
92900
92790
92670
92550
92440
92320
92210
92090
91970
91860
91740
91620
91510
91390
91280
91160
91040
90930
90810
90690
90580
90460
90350
35960
43170
48040
51810
54930
57640
60010
62150
64090
65870
67520
69050
70490
71850
73120
74340
75490
76580
77630
78620
79570
80500
81380
82220
83030
83810
84570
85290
85990
86660
87310
87940
88540
89130
89690
90230
90760
91260
91750
92220
92680
93120
93540
93940
94330
94710
95070
95420
95750
96070
96370
96670
96940
97210
97460
97700
97930
98140
98350
98540
98720
98880
99040
99180
99310
99430
99540
99630
99720
99790
99850
99900
99940
99970
100000
99880
99760
99640
99520
100000
99830
100000
99880
99770
99650
99540
99420
99310
99190
99080
98970
98850
98740
98620
98510
98390
98280
98160
98050
97940
97820
97710
97590
97480
97360
97250
97130
97020
96910
96790
96680
96560
96450
96330
96220
96100
95990
95880
95760
95650
95530
95420
95300
95190
95080
94960
94850
94730
0
0
0
0
0
0
0
0
0
0
0
0
0
0
0
0
0
0
0
0
0
0
0
0
0
0
0
0
0
0
0
0
0
0
0
0
0
0
0
0
22220
28810
33540
37350
40600
43460
46030
48370
50540
52550
54440
56220
57900
59500
61020
62470
63860
65200
66480
67720
68910
70060
71170
72240
73280
74290
75260
76210
77130
78020
78880
79720
80540
81330
82100
82840
83570
84280
84960
85630
86280
86910
87520
88110
88690
89250
89790
90320
90830
91330
91810
92270
92720
93160
93580
93980
94370
94750
95110
95460
95800
96120
96430
96720
97000
97270
97530
97770
98000
98220
98420
98610
98790
98960
99110
99250
99380
99500
99600
99700
99780
99840
99900
99940
99970
99990
100000
99990
0
0
0
0
0
0
0
0
0
0
0
0
0
0
0
0
0
0
0
0
0
0
0
0
0
0
0
0
0
0
0
0
0
0
0
0
0
0
0
0
0
0
0
0
0
0
0
0
0
0
0
0
0
0
0
0
0
0
0
0
0
0
0
0
0
0
0
0
0
0
0
0
0
0
0
0
0
0
0
0
0
0
0
0
0
0
0
0
0
0
0
0
0
0
0
0
0
0
0
0
0
0
0
0
0
0
0
0
0
0
0
0
0
0
0
0
0
0
0
0
0
0
0
0
0
0
0
0
0
0
0
0
0
0
0
0
0
0
0
0
0
0
0
0
0
0
0
0
0
0
0
0
0
0
0
0
0
0
0
0
0
0
0
0
0
0
0
0
0
0
0
0
0
0
0
0
0
0
0
0
0
0
0
0
0
0
0
0
0
0
0
0
0
0
0
0
0
0
0
0
0
0
0
0
0
0
0
0
0
0
0
0
0
0
0
0
0
0
0
0
0
0
0
0
0
0
0
0
0
0
0
0
0
0
0
0
0
0
0
0
0
0
0
0
0
0
0
0
0
0
0
0
0
0
0
0
0
0
0
0
0
0
0
0
0
0
0
0
40
0
127
76
0
0
0
0
127
76
127
0
0
64
0
0
0
0
0
64
0
0
0
127
0
0
0
0
0
127
0
0
5
5
0
0
0
0
5
5
5
0
1000
754
0
0
0
0
1000
754
643
0
2
0
0
0
0
0
2
0
0
0
0
0
0
0
0
0
0
0
0
0
0
0
0
0
0
0
0
0
0
0
0
0
0
0
0
0
0
0
0
0
0
0
0
0
0
0
0
0
0
0
0
0
0
0
0
0
0
0
0
0
0
0
0
0
0
0
0
0
0
0
0
0
0
0
0
0
0
0
0
0
0
0
0
0
0
0
0
0
0
0
0
0
0
0
0
0
0
0
0
0
0
0
0
0
0
0
0
0
0
0
0
0
0
0
0
0
0
0
0
0
0
0
0
0
0
0
0
1000000
0
0
0
0
0
0
0
0
0
0
0
0
0
0
0
0
0
0
0
0
0
0
0
0
0
0
0
0
0
0
1000000
1000000
1000000
1000000
1000000
1000000
0
0
400000
0
1000000
1000000
1000000
0
0
0
0
0
0
0
0
0
0
0
0
0
0
0
500000
500000
470703
365637
802734
973633
62500
458008
782227
0
0
0
0
0
0
0
0
0
0
0
500000
396484
0
0
0
0
0
0
0
0
226563
396850
725586
0
717773
0
0
0
0
0
500000
396484
500000
0
0
0
0
0
0
0
0
0
0
0
0
0
0
0
0
0
0
0
0
0
0
0
0
0
0
0
0
0
0
0
0
0
0
0
0
0
0
0
0
0
0
0
0
0
0
0
0
0
0
0
0
0
0
0
0
0
0
0
0
0
0
0
0
0
0
0
0
0
0
0
0
0
0
0
0
0
0
0
0
0
0
0
0
0
0
0
0
0
0
0
0
0
0
0
0
0
0
0
0
0
0
0
0
0
0
0
0
0
0
0
0
0
0
0
0
0
0
0
0
0
0
0
0
0
0
0
0
0
0
0
0
0
0
0
0
0
0
0
0
0
0
0
0
0
0
0
0
0
0
0
0
0
0
0
0
0
0
0
0
0
0
0
0
0
0
0
0
69
530
0
0
0
0
0
0
0
0
0
0
0
0
0
0
0
0
0
0
0
0
0
0
0
0
0
0
0
0
0
0
0
0
0
0
0
0
0
0
0
0
0
0
0
0
0
0
0
0
0
0
0
0
0
0
0
0
0
0
0
0
0
0
0
0
0
0
0
0
0
0
0
0
0
0
0
0
0
0
0
0
0
0
0
0
0
0
0
0
0
0
0
0
0
0
0
0
0
0
0
0
0
0
0
0
0
0
0
0
0
0
0
0
0
0
0
0
0
0
0
0
0
0
0
0
0
0
0
0
0
0
0
0
0
0
0
0
0
0
0
0
0
0
0
0
0
0
0
0
0
0
0
0
0
0
0
0
0
0
0
0
0
0
0
0
0
0
0
0
0
0
0
0
0
0
0
0
0
0
0
0
0
0
0
0
0
0
0
0
0
0
0
0
0
0
0
0
0
0
0
0
0
0
0
0
0
0
0
0
1
1
0
0
0
0
0
0
0
0
0
0
0
0
0
0
0
0
0
0
0
0
0
0
0
0
0
0
0
0
0
0
0
0
0
0
0
0
0
0
0
0
0
0
0
0
0
0
0
0
0
0
0
0
0
0
0
0
0
0
0
0
0
0
0
0
0
0
0
55
24
6
21
0
0
0
0
0
0
0
0
0
0
0
0
0
0
0
0
0
0
0
1
0
0
0
1
0
0
0
0
0
0
0
0
0
0
0
0
0
0
0
0
0
0
0
0
0
0
0
0
0
0
0
0
0
0
0
0
0
0
0
0
0
0
0
0
0
0
0
0
0
0
0
0
0
0
0
0
0
0
0
0
0
0
0
0
0
0
0
0
0
0
0
0
0
0
0
0
0
0
0
0
0
0
0
0
0
0
0
0
0
0
0
0
0
0
0
0
0
0
0
0
0
0
0
0
0
0
0
0
0
0
0
0
0
0
0
0
0
0
0
0
0
0
0
0
0
0
0
0
0
0
0
0
0
0
0
0
0
0
0
0
0
0
0
0
0
0
0
0
0
0
0
0
0
0
0
0
0
0
0
0
0
0
0
0
0
0
0
0
0
0
0
0
0
0
0
0
0
0
0
0
0
0
0
0
0
0
0
0
0
0
0
0
0
0
0
0
0
0
0
0
0
0
0
0
0
0
0
0
0
0
0
0
0
0
0
0
0
0
0
0
0
0
0
0
0
0
0
0
0
0
0
0
0
0
0
0
0
0
0
0
0
0
0
0
0
0
0
0
0
0
0
0
0
0
0
0
0
0
0
0
0
0
0
0
0
0
0
0
0
0
0
0
0
0
0
0
0
0
0
0
0
0
0
0
0
0
0
0
0
0
0
0
0
0
0
0
0
0
0
0
0
0
0
0
0
0
0
0
0
0
0
0
0
0
0
0
0
0
0
0
0
0
0
0
0
0
0
0
0
0
0
0
0
0
0
0
0
0
0
0
0
0
0
0
0
0
0
0
0
0
0
0
0
0
0
0
0
0
0
0
0
0
0
0
0
0
0
0
0
0
0
0
0
0
0
0
0
0
0
0
0
0
0
0
0
0
0
0
0
0
0
0
0
0
0
0
0
0
0
0
0
0
0
0
0
0
0
0
0
0
0
0
0
0
0
0
0
0
0
0
0
0
0
0
0
0
0
0
0
0
0
0
0
0
0
0
0
0
0
0
0
0
0
0
0
0
0
0
0
0
0
0
0
0
0
0
0
0
0
0
0
0
0
0
0
0
0
0
0
0
0
0
0
0
0
0
0
0
0
0
0
0
0
0
0
0
0
0
0
0
0
0
0
0
0
0
0
0
0
0
0
0
0
0
0
0
0
0
0
0
0
0
0
0
0
0
0
0
0
0
0
0
0
0
0
0
0
0
0
0
0
0
0
0
0
0
0
0
0
0
0
0
0
0
0
0
500000
0
0
0
499968
0
64
0
0
0
0
0
0
0
0
0
1
0
1
465000
500000
0
0
0
0
0
0
0
0
0
0
0
0
0
0
0
0
0
0
0
0
0
0
0
0
0
0
0
0
0
0
0
0
0
0
0
0
0
0
0
0
0
0
0
0
0
0
0
0
0
0
0
0
0
0
0
0
0
0
0
0
0
0
0
0
0
0
0
0
0
0
0
0
0
0
0
0
0
0
0
0
0
0
0
0
0
0
0
0
0
0
0
0
0
0
0
0
0
0
0
0
0
0
0
0
0
0
0
0
0
0
0
0
0
0
0
0
0
0
0
0
0
0
0
0
0
0
0
0
0
0
0
0
0
0
0
0
0
0
0
0
0
0
0
0
0
0
0
0
0
0
0
0
0
0
0
0
0
0
0
0
0
0
0
0
0
0
0
0
0
0
0
0
0
0
0
0
0
0
0
1
0
1
0
0
0
0
0
0
0
0
0
0
0
630000
0
562501
0
0
0
1000000
80
0
72
0
0
0
128
0
0
20
0
0
0
0
0
0
25
0
0
0
0
0
0
0
0
0
0
0
0
0
0
0
0
0
0
0
397000
500000
0
365000
500000
0
3101
-1070
0
7812
-1523
1171
3101
0
0
500000
397000
260000
500000
0
0
3101
0
-562
820
0
0
0
0
500000
0
0
0
0
0
0
0
1562
0
0
0
0
0
960000
0
0
0
0
0
0
0
0
0
0
0
0
0
410000
0
0
0
0
0
0
1093
0
0
0
0
0
0
950000
0
0
0
0
0
0
0
0
0
0
0
0
0
1000000
0
0
0
0
0
0
0
0
0
0
0
0
0
360000
0
0
0
0
0
0
2109
0
0
0
0
0
0
1000000
0
0
0
0
0
0
0
0
0
0
0
0
0
410000
0
0
0
0
0
0
-312
0
0
0
0
0
0
0
0
0
0
0
0
0
5468
0
0
0
0
0
0
1000000
0
0
0
0
0
0
-4453
0
0
0
0
0
0
630000
0
0
0
0
0
0
351
0
0
0
0
0
0
500000
10
1
0
406224
738
64
12
0
0
500000
0
0
0
499968
0
64
0
500000
0
0
0
499968
0
64
0
500000
0
0
0
499968
0
64
0
0
0
0
0
0
0
0
0
1000000
0
0
0
999936
0
128
0
5
0
0
0
0
0
0
0
0
0
0
0
0
0
0
0
0
0
0
0
0
0
0
0
0
0
0
0
0
0
0
0
0
0
0
0
0
0
0
0
0
0
0
0
0
0
0
0
0
0
0
0
0
0
0
0
0
0
0
0
0
0
0
0
0
0
0
0
0
0
0
0
0
0
0
0
0
0
0
0
0
0
0
0
0
0
0
0
0
0
0
0
0
0
0
0
0
0
0
0
0
0
0
0
0
0
0
0
0
0
1
500000
437500
500000
500000
500000
62500
500000
500000
0
1
10
500000
500000
272000
0
0
0
0
0
0
0
0
0
0
0
0
0
0
0
0
0
0
0
0
0
0
0
0
0
0
0
0
0
0
0
0
0
0
0
0
0
0
0
0
0
0
0
0
0
0
0
0
0
0
0
0
0
0
0
0
0
0
0
0
0
0
0
0
0
0
0
0
0
0
0
0
0
0
0
0
0
0
0
0
0
0
0
0
0
0
0
0
0
0
0
0
0
0
0
0
0
0
0
0
0
0
0
0
0
0
0
0
0
0
0
0
0
0
0
0
0
0
0
0
0
0
0
0
0
0
0
0
0
0
0
0
0
0
0
0
0
0
0
0
0
0
0
0
0
0
0
0
0
0
0
0
0
0
0
0
0
0
0
0
0
0
0
0
0
0
0
0
0
0
0
0
0
0
0
0
0
0
0
0
0
0
0
0
0
81
3
0
1
0
0
0
0
0
0
0
0
0
0
0
0
0
0
0
0
0
0
0
0
0
0
0
0
0
0
0
0
0
0
0
0
0
0
0
0
0
0
0
0
0
0
0
0
0
0
0
0
0
0
0
0
0
0
0
0
0
0
0
0
0
0
0
0
0
0
0
0
0
0
0
0
0
0
0
0
0
0
0
0
0
0
0
0
0
0
0
0
0
0
0
0
0
0
0
0
103
229
1
1
0
0
0
0
0
0
0
0
0
0
0
0
0
0
0
0
0
0
0
0
0
0
0
0
0
0
0
0
0
0
0
0
0
0
0
0
0
0
0
0
0
0
0
0
0
0
0
0
0
0
0
0
0
0
0
0
0
0
0
0
0
0
0
0
0
0
0
0
0
0
0
0
0
0
0
0
0
0
0
0
0
0
0
0
0
0
0
0
0
0
0
0
0
0
0
0
