%SaveThr
0
7
3
2
23
0
8000
0
0
23
1
9000
0
0
23
2
10000
0
0
23
3
12000
0
0
1
0
3500
2
2
2
500000
500000
527778
0
500000
5
1
0
453096
369
64
6
527778
4
1
0
484344
307
67
5
100000
100000
100000
100000
100000
100000
100000
100000
100000
100000
100000
100000
100000
100000
100000
100000
100000
100000
100000
100000
100000
100000
100000
100000
100000
100000
100000
100000
100000
100000
100000
100000
100000
100000
100000
100000
100000
100000
100000
100000
100000
100000
100000
100000
100000
100000
100000
100000
99120
99120
99120
100000
100000
100000
100000
100000
100000
100000
100000
100000
100000
100000
100000
100000
100000
100000
100000
100000
100000
100000
100000
100000
100000
100000
100000
100000
100000
100000
100000
100000
100000
100000
100000
100000
100000
100000
100000
100000
100000
100000
100000
100000
100000
100000
100000
100000
100000
100000
100000
100000
100000
100000
100000
100000
100000
100000
100000
100000
100000
100000
100000
100000
100000
100000
100000
100000
100000
100000
100000
100000
100000
100000
100000
100000
100000
100000
100000
100000
9660
15000
19410
23300
26830
30110
33180
36080
38850
41480
44010
46440
48780
51040
53230
55340
57380
59360
61280
63140
64950
66700
68400
70040
71640
73190
74690
76140
77540
78900
80220
81490
82710
83900
85040
86130
87180
88190
89160
90090
90970
91810
92610
93370
94090
94760
95400
95990
96540
97050
97520
97950
98340
98690
98990
99260
99480
99670
99810
99910
99970
100000
99970
100000
100000
100000
100000
100000
100000
100000
100000
100000
100000
100000
100000
100000
100000
100000
100000
100000
100000
100000
100000
100000
100000
100000
100000
100000
100000
100000
100000
100000
100000
100000
100000
100000
100000
100000
100000
100000
100000
100000
100000
100000
100000
100000
100000
100000
100000
100000
100000
100000
100000
100000
100000
100000
100000
100000
100000
100000
100000
100000
100000
100000
100000
100000
100000
100000
0
0
0
0
0
0
0
0
0
0
0
0
0
0
0
0
0
0
0
0
0
0
14150
20150
24760
28660
32100
35210
38060
40720
43200
45550
47780
49900
51920
53860
55720
57510
59240
60900
62510
64070
65570
67030
68440
69810
71140
72420
73670
74880
76060
77200
78300
79380
80420
81430
82410
83350
84270
85160
86020
86850
87660
88440
89180
89910
90600
91270
91920
92530
93130
93690
94240
94750
95240
95710
96150
96570
96960
97330
97680
98000
98290
98570
98810
99040
99240
99420
99570
99700
99810
99890
99950
99980
100000
99980
100000
100000
100000
100000
100000
100000
100000
100000
100000
100000
100000
100000
100000
100000
100000
100000
100000
100000
100000
100000
100000
100000
100000
100000
100000
100000
100000
100000
100000
100000
100000
100000
0
0
0
0
0
0
0
0
0
0
0
0
0
0
0
0
0
0
0
0
0
0
0
0
0
0
0
0
0
0
0
0
0
0
0
0
0
0
9300
14120
18020
21430
24500
27340
29980
32470
34840
37090
39260
41330
43330
45260
47130
48940
50700
52400
54060
55680
57250
58780
60270
61720
63140
64520
65870
67190
68470
69720
70950
72140
73300
74440
75550
76630
77680
78710
79710
80680
81630
82550
83450
84320
85170
85990
86790
87560
88310
89040
89740
90410
91070
91700
92300
92890
93450
93980
94500
94990
95450
95900
96320
96720
97090
97440
97770
98080
98360
98620
98860
99080
99270
99440
99590
99710
99810
99890
99950
99980
100000
99980
100000
100000
100000
100000
100000
100000
100000
100000
0
0
0
0
0
0
0
0
0
0
0
0
0
0
0
0
0
0
0
0
0
0
0
0
0
0
0
0
0
0
0
0
0
0
0
0
0
0
0
0
0
0
0
0
0
0
0
0
0
0
0
0
0
0
0
0
0
0
0
0
0
0
0
0
0
0
0
0
0
0
0
0
0
0
0
0
0
0
0
0
0
0
0
0
0
0
0
0
0
0
0
0
0
0
0
0
0
0
0
0
0
0
0
0
0
0
0
0
0
0
0
0
0
0
0
0
0
0
0
0
0
0
0
0
0
0
0
0
0
0
0
0
0
0
0
0
0
0
0
0
17
53
47
55
0
0
0
0
47
70
110
127
0
56
0
0
0
0
0
56
102
0
0
127
0
0
0
0
0
127
127
0
5
5
0
0
0
0
5
5
5
5
562
562
0
0
0
0
562
605
527
579
2
1
0
0
0
0
2
0
0
0
0
0
0
0
0
0
0
0
0
0
0
0
0
0
0
0
0
0
0
0
0
0
0
0
0
0
0
0
0
0
0
0
0
0
0
0
0
0
0
0
0
0
0
0
0
0
0
0
0
0
0
0
0
0
0
0
0
0
0
0
0
0
0
0
0
0
0
0
0
0
0
0
0
0
0
0
0
0
0
0
0
0
0
0
0
0
0
0
0
0
0
0
0
0
0
0
0
0
0
0
0
0
0
0
0
0
0
0
0
0
0
0
0
0
0
0
0
1000000
0
0
0
0
0
0
0
0
0
0
0
0
0
0
0
0
0
0
0
0
0
0
0
0
0
0
0
0
0
0
1000000
1000000
1000000
1000000
1000000
1000000
0
0
400000
0
1000000
1000000
1000000
0
0
0
0
0
0
0
0
0
0
0
0
0
0
0
500000
491211
470703
321289
682617
973633
285156
458008
782227
0
0
0
0
0
0
0
0
0
0
0
500000
396484
0
0
0
0
0
0
0
0
226563
396850
725586
0
717773
0
0
0
0
0
500000
396484
500000
0
0
0
0
0
0
0
500000
500000
0
500000
500000
500000
526367
864258
655273
540039
416016
0
396850
0
0
0
0
0
0
0
0
0
0
0
0
0
0
0
0
0
0
0
0
0
0
0
0
0
0
0
0
0
0
0
0
0
0
0
0
0
0
0
0
0
0
0
0
0
0
0
0
0
0
0
0
0
0
0
0
0
0
0
0
0
0
0
0
0
0
0
0
0
0
0
0
0
0
0
0
0
0
0
0
0
0
0
0
0
0
0
0
0
0
0
0
0
0
0
0
0
0
0
0
0
0
0
0
0
0
0
0
0
0
0
0
0
0
0
0
0
0
0
0
0
0
0
0
0
0
0
0
0
0
0
0
0
0
0
0
0
0
0
0
0
0
0
0
0
0
0
0
-369
392
0
0
0
0
0
0
0
0
0
0
0
0
0
0
0
0
0
0
0
0
0
0
0
0
0
0
0
0
0
0
0
0
0
0
0
0
0
0
0
0
0
0
0
0
0
0
0
0
0
0
0
0
0
0
0
0
0
0
0
0
0
0
0
0
0
0
0
0
0
0
0
0
0
0
0
0
0
0
0
0
0
0
0
0
0
0
0
0
0
0
0
0
0
0
0
0
0
0
0
0
0
0
0
0
0
0
0
0
0
0
0
0
0
0
0
0
0
0
0
0
0
0
0
0
0
0
0
0
0
0
0
0
0
0
0
0
0
0
0
0
0
0
0
0
0
0
0
0
0
0
0
0
0
0
0
0
0
0
0
0
0
0
0
0
0
0
0
0
0
0
0
0
0
0
0
0
0
0
0
0
0
0
0
0
0
0
0
0
0
0
0
0
0
0
0
0
0
0
0
0
0
0
0
0
0
0
0
0
1
1
0
0
0
0
0
0
0
0
0
0
0
0
0
0
0
0
0
0
0
0
0
0
0
0
0
0
0
0
0
0
0
0
0
0
0
0
0
0
0
0
0
0
0
0
0
0
0
0
0
0
0
0
0
0
0
0
0
0
0
0
0
0
0
0
0
0
0
55
24
6
21
28
0
0
0
0
0
0
0
0
0
0
0
0
0
0
0
0
0
0
1
0
0
0
1
0
0
0
0
0
0
0
0
0
0
0
0
0
0
0
0
0
0
0
0
0
0
0
0
0
0
0
0
0
0
0
0
0
0
0
0
0
0
0
0
0
0
0
0
0
0
0
0
0
0
0
0
0
0
0
0
0
0
0
0
0
0
0
0
0
0
0
0
0
0
0
0
0
0
0
0
0
0
0
0
0
0
0
0
0
0
0
0
0
0
0
0
0
0
0
0
0
0
0
0
0
0
0
0
0
0
0
0
0
0
0
0
0
0
0
0
0
0
0
0
0
0
0
0
0
0
0
0
0
0
0
0
0
0
0
0
0
0
0
0
0
0
0
0
0
0
0
0
0
0
0
0
0
0
0
0
0
0
0
0
0
0
0
0
0
0
0
0
0
0
0
0
0
0
0
0
0
0
0
0
0
0
0
0
0
0
0
0
0
0
0
0
0
0
0
0
0
0
0
0
0
0
0
0
0
0
0
0
0
0
0
0
0
0
0
0
0
0
0
0
0
0
0
0
0
0
0
0
0
0
0
0
0
0
0
0
0
0
0
0
0
0
0
0
0
0
0
0
0
0
0
0
0
0
0
0
0
0
0
0
0
0
0
0
0
0
0
0
0
0
0
0
0
0
0
0
0
0
0
0
0
0
0
0
0
0
0
0
0
0
0
0
0
0
0
0
0
0
0
0
0
0
0
0
0
0
0
0
0
0
0
0
0
0
0
0
0
0
0
0
0
0
0
0
0
0
0
0
0
0
0
0
0
0
0
0
0
0
0
0
0
0
0
0
0
0
0
0
0
0
0
0
0
0
0
0
0
0
0
0
0
0
0
0
0
0
0
0
0
0
0
0
0
0
0
0
0
0
0
0
0
0
0
0
0
0
0
0
0
0
0
0
0
0
0
0
0
0
0
0
0
0
0
0
0
0
0
0
0
0
0
0
0
0
0
0
0
0
0
0
0
0
0
0
0
0
0
0
0
0
0
0
0
0
0
0
0
0
0
0
0
0
0
0
0
0
0
0
0
0
0
0
0
0
0
0
0
0
0
0
0
0
0
0
0
0
0
0
0
0
0
0
0
0
0
0
0
0
0
0
0
0
0
0
0
0
0
0
0
0
0
0
0
0
0
0
0
0
0
0
0
0
0
0
0
0
0
0
0
0
0
0
0
0
0
0
0
0
0
0
0
0
0
0
0
0
0
0
0
0
0
0
0
0
0
0
0
0
0
0
0
0
500000
0
0
0
499968
0
64
0
583334
14
1
0
44
10
74
17
0
1
1
465000
500000
0
0
0
0
0
0
0
0
0
0
0
0
0
0
0
0
0
0
0
0
0
0
0
0
0
0
0
0
0
0
0
0
0
0
0
0
0
0
0
0
0
0
0
0
0
0
0
0
0
0
0
0
0
0
0
0
0
0
0
0
0
0
0
0
0
0
0
0
0
0
0
0
0
0
0
0
0
0
0
0
0
0
0
0
0
0
0
0
0
0
0
0
0
0
0
0
0
0
0
0
0
0
0
0
0
0
0
0
0
0
0
0
0
0
0
0
0
0
0
0
0
0
0
0
0
0
0
0
0
0
0
0
0
0
0
0
0
0
0
0
0
0
0
0
0
0
0
0
0
0
0
0
0
0
0
0
0
0
0
0
0
0
0
0
0
0
0
0
0
0
0
0
0
0
0
0
0
0
0
0
7
4
2
24
0
8000
0
0
24
1
7000
0
0
24
2
7000
0
0
24
3
8000
0
0
1
0
4000
2
2
2
500000
500000
520833
0
500000
10
1
0
406224
738
64
12
520833
3
1
0
492156
184
66
3
99990
100000
99990
99970
99950
100000
99930
99870
99800
99740
99670
99610
99540
99480
99410
99350
99280
100000
99870
99740
99610
99480
99120
99070
99020
98970
98920
98870
98820
98770
98720
98670
98620
98570
98520
98470
98420
98370
98320
98270
98220
98170
98120
98070
98020
97970
97910
97860
97810
97760
97710
97660
97610
97560
97510
97460
97410
97360
97310
97260
97210
97160
97110
97060
97010
96960
96910
96860
96810
96760
96710
96660
96610
96560
96510
96460
96410
96360
96310
96260
96210
96160
96110
96060
96010
95960
95910
95860
95810
95760
95710
95660
95610
95560
95510
95460
95410
95360
95310
95260
95210
95160
95110
95060
95010
94960
94910
94860
94810
94760
94710
94660
94610
94560
94510
94460
94410
94360
94310
94260
94210
94160
94110
94060
94010
93950
93900
93850
20900
27810
32870
37000
40550
43700
46540
49150
51570
53820
55940
57930
59820
61620
63340
64970
66540
68040
69490
70880
72210
73500
74740
75940
77090
78210
79280
80320
81330
82300
83240
84150
85020
85870
86680
87470
88230
88960
89670
90350
91000
91630
92230
92810
93370
93900
94400
94890
95350
95790
96200
96600
96970
97320
97640
97950
98230
98490
98730
98950
99150
99330
99490
99620
99740
99830
99900
99950
99980
100000
99980
100000
100000
100000
100000
100000
100000
100000
100000
100000
100000
100000
100000
100000
100000
100000
100000
100000
100000
100000
100000
100000
100000
100000
100000
100000
100000
100000
100000
100000
100000
100000
100000
100000
100000
100000
100000
100000
100000
100000
100000
100000
100000
100000
100000
100000
100000
100000
100000
100000
100000
100000
100000
100000
100000
100000
100000
100000
8280
12540
15970
18980
21680
24170
26490
28700
30780
32770
34670
36500
38270
39980
41640
43240
44800
46320
47800
49250
50650
52020
53370
54680
55970
57230
58450
59670
60850
62000
63140
64250
65340
66410
67450
68480
69490
70470
71440
72390
73320
74220
75120
76000
76860
77700
78520
79320
80110
80890
81650
82390
83110
83820
84510
85180
85840
86490
87120
87730
88320
88910
89470
90020
90560
91080
91590
92080
92550
93010
93460
93890
94300
94700
95090
95460
95820
96160
96490
96800
97100
97380
97650
97900
98140
98370
98580
98770
98950
99120
99270
99410
99530
99640
99730
99810
99880
99930
99970
99990
100000
100000
99730
99460
99190
98920
98650
98380
98110
97840
97570
97300
97030
96760
96490
96220
95950
95680
95410
95140
94870
94600
94330
94060
93790
93520
93250
92980
0
0
0
0
0
0
0
0
0
0
0
0
0
0
0
0
0
0
0
0
0
0
0
0
0
0
0
0
0
0
0
0
0
0
0
0
0
0
0
0
0
0
0
0
0
0
0
0
0
0
0
0
0
18510
25070
29940
33950
37420
40520
43330
45910
48310
50560
52680
54690
56590
58400
60140
61800
63390
64920
66390
67810
69180
70510
71780
73020
74210
75370
76490
77570
78620
79640
80630
81580
82500
83400
84270
85110
85920
86700
87460
88200
88900
89590
90250
90890
91500
92090
92660
93200
93720
94220
94700
95160
95590
96010
96400
96770
97120
97450
97760
98050
98320
98570
98800
99010
99190
99360
99510
99640
99750
99840
99910
99960
99990
100000
99990
0
0
0
0
0
0
0
0
0
0
0
0
0
0
0
0
0
0
0
0
0
0
0
0
0
0
0
0
0
0
0
0
0
0
0
0
0
0
0
0
0
0
0
0
0
0
0
0
0
0
0
0
0
0
0
0
0
0
0
0
0
0
0
0
0
0
0
0
0
0
0
0
0
0
0
0
0
0
0
0
0
0
0
0
0
0
0
0
0
0
0
0
0
0
0
0
0
0
0
0
0
0
0
0
0
0
0
0
0
0
0
0
0
0
0
0
0
0
0
0
0
0
0
0
0
0
0
0
0
0
0
0
0
0
0
0
0
0
0
0
17
53
47
55
0
0
0
0
47
70
110
127
0
56
0
0
0
0
0
56
102
0
0
127
0
0
0
0
0
127
127
0
5
5
0
0
0
0
5
5
5
5
562
562
0
0
0
0
562
605
527
579
2
1
0
0
0
0
2
0
0
0
0
0
0
0
0
0
0
0
0
0
0
0
0
0
0
0
0
0
0
0
0
0
0
0
0
0
0
0
0
0
0
0
0
0
0
0
0
0
0
0
0
0
0
0
0
0
0
0
0
0
0
0
0
0
0
0
0
0
0
0
0
0
0
0
0
0
0
0
0
0
0
0
0
0
0
0
0
0
0
0
0
0
0
0
0
0
0
0
0
0
0
0
0
0
0
0
0
0
0
0
0
0
0
0
0
0
0
0
0
0
0
0
0
0
0
0
0
1000000
0
0
0
0
0
0
0
0
0
0
0
0
0
0
0
0
0
0
0
0
0
0
0
0
0
0
0
0
0
0
1000000
1000000
1000000
1000000
1000000
1000000
0
0
400000
0
1000000
1000000
1000000
0
0
0
0
0
0
0
0
0
0
0
0
0
0
0
500000
491211
470703
321289
682617
973633
285156
458008
782227
0
0
0
0
0
0
0
0
0
0
0
500000
396484
0
0
0
0
0
0
0
0
226563
396850
725586
0
717773
0
0
0
0
0
500000
396484
500000
0
0
0
0
0
0
0
0
0
0
0
0
0
0
0
0
0
0
0
0
0
0
0
0
0
0
0
0
0
0
0
0
0
0
0
0
0
0
0
0
0
0
0
0
0
0
0
0
0
0
0
0
0
0
0
0
0
0
0
0
0
0
0
0
0
0
0
0
0
0
0
0
0
0
0
0
0
0
0
0
0
0
0
0
0
0
0
0
0
0
0
0
0
0
0
0
0
0
0
0
0
0
0
0
0
0
0
0
0
0
0
0
0
0
0
0
0
0
0
0
0
0
0
0
0
0
0
0
0
0
0
0
0
0
0
0
0
0
0
0
0
0
0
0
0
0
0
0
0
0
0
0
0
0
0
0
0
0
0
0
0
0
0
0
0
0
0
0
-369
392
0
0
0
0
0
0
0
0
0
0
0
0
0
0
0
0
0
0
0
0
0
0
0
0
0
0
0
0
0
0
0
0
0
0
0
0
0
0
0
0
0
0
0
0
0
0
0
0
0
0
0
0
0
0
0
0
0
0
0
0
0
0
0
0
0
0
0
0
0
0
0
0
0
0
0
0
0
0
0
0
0
0
0
0
0
0
0
0
0
0
0
0
0
0
0
0
0
0
0
0
0
0
0
0
0
0
0
0
0
0
0
0
0
0
0
0
0
0
0
0
0
0
0
0
0
0
0
0
0
0
0
0
0
0
0
0
0
0
0
0
0
0
0
0
0
0
0
0
0
0
0
0
0
0
0
0
0
0
0
0
0
0
0
0
0
0
0
0
0
0
0
0
0
0
0
0
0
0
0
0
0
0
0
0
0
0
0
0
0
0
0
0
0
0
0
0
0
0
0
0
0
0
0
0
0
0
0
0
1
1
0
0
0
0
0
0
0
0
0
0
0
0
0
0
0
0
0
0
0
0
0
0
0
0
0
0
0
0
0
0
0
0
0
0
0
0
0
0
0
0
0
0
0
0
0
0
0
0
0
0
0
0
0
0
0
0
0
0
0
0
0
0
0
0
0
0
0
55
24
6
21
0
0
0
0
0
0
0
0
0
0
0
0
0
0
0
0
0
0
0
1
0
0
0
1
0
0
0
0
0
0
0
0
0
0
0
0
0
0
0
0
0
0
0
0
0
0
0
0
0
0
0
0
0
0
0
0
0
0
0
0
0
0
0
0
0
0
0
0
0
0
0
0
0
0
0
0
0
0
0
0
0
0
0
0
0
0
0
0
0
0
0
0
0
0
0
0
0
0
0
0
0
0
0
0
0
0
0
0
0
0
0
0
0
0
0
0
0
0
0
0
0
0
0
0
0
0
0
0
0
0
0
0
0
0
0
0
0
0
0
0
0
0
0
0
0
0
0
0
0
0
0
0
0
0
0
0
0
0
0
0
0
0
0
0
0
0
0
0
0
0
0
0
0
0
0
0
0
0
0
0
0
0
0
0
0
0
0
0
0
0
0
0
0
0
0
0
0
0
0
0
0
0
0
0
0
0
0
0
0
0
0
0
0
0
0
0
0
0
0
0
0
0
0
0
0
0
0
0
0
0
0
0
0
0
0
0
0
0
0
0
0
0
0
0
0
0
0
0
0
0
0
0
0
0
0
0
0
0
0
0
0
0
0
0
0
0
0
0
0
0
0
0
0
0
0
0
0
0
0
0
0
0
0
0
0
0
0
0
0
0
0
0
0
0
0
0
0
0
0
0
0
0
0
0
0
0
0
0
0
0
0
0
0
0
0
0
0
0
0
0
0
0
0
0
0
0
0
0
0
0
0
0
0
0
0
0
0
0
0
0
0
0
0
0
0
0
0
0
0
0
0
0
0
0
0
0
0
0
0
0
0
0
0
0
0
0
0
0
0
0
0
0
0
0
0
0
0
0
0
0
0
0
0
0
0
0
0
0
0
0
0
0
0
0
0
0
0
0
0
0
0
0
0
0
0
0
0
0
0
0
0
0
0
0
0
0
0
0
0
0
0
0
0
0
0
0
0
0
0
0
0
0
0
0
0
0
0
0
0
0
0
0
0
0
0
0
0
0
0
0
0
0
0
0
0
0
0
0
0
0
0
0
0
0
0
0
0
0
0
0
0
0
0
0
0
0
0
0
0
0
0
0
0
0
0
0
0
0
0
0
0
0
0
0
0
0
0
0
0
0
0
0
0
0
0
0
0
0
0
0
0
0
0
0
0
0
0
0
0
0
0
0
0
0
0
0
0
0
0
0
0
0
0
0
0
0
0
0
0
0
0
0
0
0
0
0
0
0
0
0
0
0
0
0
0
0
0
0
0
0
0
0
0
0
0
0
500000
0
0
0
499968
0
64
0
604167
24
1
0
36
18
77
30
1
1
1
465000
500000
0
0
0
0
0
0
0
0
0
0
0
0
0
0
0
0
0
0
0
0
0
0
0
0
0
0
0
0
0
0
0
0
0
0
0
0
0
0
0
0
0
0
0
0
0
0
0
0
0
0
0
0
0
0
0
0
0
0
0
0
0
0
0
0
0
0
0
0
0
0
0
0
0
0
0
0
0
0
0
0
0
0
0
0
0
0
0
0
0
0
0
0
0
0
0
0
0
0
0
0
0
0
0
0
0
0
0
0
0
0
0
0
0
0
0
0
0
0
0
0
0
0
0
0
0
0
0
0
0
0
0
0
0
0
0
0
0
0
0
0
0
0
0
0
0
0
0
0
0
0
0
0
0
0
0
0
0
0
0
0
0
0
0
0
0
0
0
0
0
0
0
0
0
0
0
0
0
0
0
1
0
1
0
0
0
0
0
0
0
0
0
0
0
630000
0
555556
0
0
0
1000000
80
0
71
0
0
0
128
0
0
30
0
0
0
0
0
0
38
0
0
0
0
0
0
0
0
0
0
0
0
0
0
0
0
0
0
0
397000
500000
0
365000
500000
0
3101
-1070
0
7812
-1523
1171
3101
0
0
500000
397000
260000
500000
0
0
3101
0
-562
820
0
0
0
0
500000
0
0
0
0
0
0
0
1562
0
0
0
0
0
960000
0
0
0
0
0
0
0
0
0
0
0
0
0
410000
0
0
0
0
0
0
1093
0
0
0
0
0
0
950000
0
0
0
0
0
0
0
0
0
0
0
0
0
1000000
0
0
0
0
0
0
0
0
0
0
0
0
0
360000
0
0
0
0
0
0
2109
0
0
0
0
0
0
1000000
0
0
0
0
0
0
0
0
0
0
0
0
0
410000
0
0
0
0
0
0
-312
0
0
0
0
0
0
0
0
0
0
0
0
0
5468
0
0
0
0
0
0
1000000
0
0
0
0
0
0
-4453
0
0
0
0
0
0
630000
0
0
0
0
0
0
351
0
0
0
0
0
0
409723
18
1
0
226548
1414
52
23
0
0
500000
0
0
0
499968
0
64
0
500000
0
0
0
499968
0
64
0
500000
0
0
0
499968
0
64
0
0
0
0
0
0
0
0
0
1000000
0
0
0
999936
0
128
0
0
0
0
0
0
0
0
0
0
0
0
0
0
0
0
0
0
0
0
0
0
0
0
0
0
0
0
0
0
0
0
0
0
0
0
0
0
0
0
0
0
0
0
0
0
0
0
0
0
0
0
0
0
0
0
0
0
0
0
0
0
0
0
0
0
0
0
0
0
0
0
0
0
0
0
0
0
0
0
0
0
0
0
0
0
0
0
0
0
0
0
0
0
0
0
0
0
0
0
0
0
0
0
0
0
0
0
0
0
0
1
500000
479166
500000
500000
500000
451389
500000
500000
0
1
22
409723
256944
224000
0
0
0
0
0
0
0
0
0
0
0
0
0
0
0
0
0
0
0
0
0
0
0
0
0
0
0
0
0
0
0
0
0
0
0
0
0
0
0
0
0
0
0
0
0
0
0
0
0
0
0
0
0
0
0
0
0
0
0
0
0
0
0
0
0
0
0
0
0
0
0
0
0
0
0
0
0
0
0
0
0
0
0
0
0
0
0
0
0
0
0
0
0
0
0
0
0
0
0
0
0
0
0
0
0
0
0
0
0
0
0
0
0
0
0
0
0
0
0
0
0
0
0
0
0
0
0
0
0
0
0
0
0
0
0
0
0
0
0
0
0
0
0
0
0
0
0
0
0
0
0
0
0
0
0
0
0
0
0
0
0
0
0
0
0
0
0
0
0
0
0
0
0
0
0
0
0
0
0
0
0
0
0
0
0
57
-1
0
0
0
0
0
0
0
0
0
0
0
0
0
0
0
0
0
0
0
0
0
0
0
0
0
0
0
0
0
0
0
0
0
0
0
0
0
0
0
0
0
0
0
0
0
0
0
0
0
0
0
0
0
0
0
0
0
0
0
0
0
0
0
0
0
0
0
0
0
0
0
0
0
0
0
0
0
0
0
0
0
0
0
0
0
0
0
0
0
0
0
0
0
0
0
0
0
0
257
258
1
1
0
0
0
0
0
0
0
0
0
0
0
0
0
0
0
0
0
0
0
0
0
0
0
0
0
0
0
0
0
0
0
0
0
0
0
0
0
0
0
0
0
0
0
0
0
0
0
0
0
0
0
0
0
0
0
0
0
0
0
0
0
0
0
0
0
0
0
0
0
0
0
0
0
0
0
0
0
0
0
0
0
0
0
0
0
0
0
0
0
0
0
0
0
0
0
0
