%SaveThr
0
9
4
2
20
0
7000
0
0
20
5
8000
0
0
20
1
9000
100000
0
20
2
9000
100000
0
1
0
8500
2
2
2
465278
500000
500000
1
465278
-6
1
0
515592
-430
59
-7
500000
9
1
0
414036
676
64
11
100000
100000
100000
100000
100000
100000
100000
100000
100000
100000
100000
100000
100000
100000
100000
100000
100000
100000
100000
100000
100000
100000
100000
100000
100000
100000
100000
100000
100000
100000
100000
100000
100000
99120
99030
98950
98860
98780
98690
98610
98520
98440
98350
98270
98180
98100
98010
97930
97840
97760
97670
97590
97500
97420
97340
97250
97170
97080
97000
96910
96830
96740
96660
96570
96490
96400
96320
96230
96150
96060
95980
95890
95810
95720
95640
95550
95470
95380
95300
95210
95130
95040
94960
94870
94790
94700
94620
94530
94450
94360
94280
94190
94110
94020
93940
93850
93770
93680
93600
93520
93430
93350
93260
93180
93090
93010
92920
92840
92750
92670
92580
92500
92410
92330
92240
92160
92070
91990
91900
91820
91730
91650
91560
91480
91390
91310
91220
92100
3090
6230
9370
12520
15660
18790
21920
25000
28090
31140
34160
37160
40110
43020
45890
48720
51490
54220
56890
59500
62050
64540
66960
69310
71590
73800
75930
77990
79960
81850
83660
85380
87010
88550
90000
91350
92620
93780
94850
95820
96690
97460
98130
98700
99170
99530
99790
99940
100000
99940
100000
100000
100000
100000
100000
100000
100000
100000
100000
100000
100000
100000
100000
100000
100000
100000
100000
100000
100000
100000
100000
100000
100000
99850
99710
100000
99890
99790
99690
99590
99490
99390
99290
99190
99080
98980
98880
98780
98680
98580
98480
98380
98270
98170
98070
97970
97870
97770
97670
97570
97460
97360
97260
97160
97060
96960
96860
96760
96650
96550
96450
96350
96250
96150
96050
95950
95850
95740
95640
95540
95440
95340
95240
95140
95040
94930
94830
94730
0
0
0
0
0
0
0
0
0
0
0
0
0
0
0
0
13600
19350
23790
27530
30840
33830
36570
39130
41520
43780
45930
47970
49920
51800
53600
55330
57000
58610
60170
61690
63150
64570
65950
67280
68580
69840
71060
72260
73420
74550
75640
76710
77740
78760
79740
80690
81620
82520
83390
84240
85060
85860
86640
87390
88110
88820
89500
90160
90790
91410
92000
92570
93110
93640
94140
94620
95080
95520
95940
96340
96720
97070
97410
97720
98020
98290
98540
98770
98990
99180
99350
99500
99630
99740
99830
99900
99950
99980
100000
99980
100000
100000
100000
100000
99990
99930
99860
99800
99740
99670
99610
99540
99480
99410
99350
99280
99220
99150
99090
99020
98960
98890
98830
98760
98700
98630
98570
98500
98440
98370
98310
98240
0
0
0
0
0
0
0
0
0
0
0
0
0
0
0
0
0
0
0
0
0
0
0
0
0
0
0
0
0
0
0
0
0
0
0
0
0
0
0
0
0
0
12200
17580
21770
25320
28480
31340
33980
36440
38750
40940
43030
45010
46920
48750
50510
52210
53850
55440
56980
58470
59920
61320
62690
64020
65320
66580
67810
69000
70170
71300
72410
73490
74540
75570
76570
77550
78500
79420
80320
81200
82060
82890
83700
84490
85260
86010
86730
87440
88120
88780
89430
90050
90650
91240
91800
92340
92870
93370
93860
94330
94770
95200
95610
96000
96380
96730
97070
97390
97680
97960
98230
98470
98700
98900
99090
99270
99420
99550
99670
99770
99850
99910
99960
99990
100000
99990
0
0
0
0
0
0
0
0
0
0
0
0
0
0
0
0
0
0
0
0
0
0
0
0
0
0
0
0
0
0
0
0
0
0
0
0
0
0
0
0
0
0
0
0
0
0
0
0
0
0
0
0
0
0
0
0
0
0
0
0
0
0
0
0
0
0
0
0
0
0
0
0
0
0
0
0
0
0
0
0
0
0
0
0
0
0
0
0
0
0
0
0
0
0
0
0
0
0
0
0
0
0
0
0
0
0
0
0
0
0
0
0
0
0
0
0
0
0
0
0
0
0
0
0
0
0
0
0
0
0
0
0
0
0
0
0
0
0
0
0
0
53
47
55
0
0
0
0
47
55
101
127
0
56
0
0
0
0
0
56
102
0
0
127
0
0
0
0
0
127
127
0
5
5
0
0
0
0
5
5
5
5
562
562
0
0
0
0
562
562
416
579
2
1
0
0
0
0
2
1
1
0
0
0
0
0
0
0
0
0
0
0
0
0
0
0
0
0
0
0
0
0
0
0
0
0
0
0
0
0
0
0
0
0
0
0
0
0
0
0
0
0
0
0
0
0
0
0
0
0
0
0
0
0
0
0
0
0
0
0
0
0
0
0
0
0
0
0
0
0
0
0
0
0
0
0
0
0
0
0
0
0
0
0
0
0
0
0
0
0
0
0
0
0
0
0
0
0
0
0
0
0
0
0
0
0
0
0
0
0
0
0
0
0
0
0
0
0
0
1000000
0
0
0
0
0
0
0
0
0
0
0
0
0
0
0
0
0
0
0
0
0
0
0
0
0
0
0
0
0
0
1000000
1000000
1000000
1000000
1000000
1000000
0
0
400000
0
1000000
1000000
1000000
0
0
0
0
0
0
0
0
0
0
0
0
0
0
0
487305
500000
470703
321289
713867
973633
285156
458008
782227
0
0
0
0
0
0
0
0
0
0
0
500000
396484
0
0
0
0
0
0
0
0
226563
396850
725586
0
717773
0
0
0
0
0
500000
396484
500000
0
0
0
0
0
0
0
500000
500000
0
459961
357422
500000
535156
651367
500000
500000
966797
0
499023
0
0
0
0
0
0
0
0
0
0
0
0
0
0
0
0
0
0
0
0
0
0
0
0
0
0
0
0
0
0
0
0
0
0
0
0
0
0
0
0
0
0
0
0
0
0
0
0
0
0
0
0
0
0
0
0
0
0
0
0
0
0
0
0
0
0
0
0
0
0
0
0
0
0
0
0
0
0
0
0
0
0
0
0
0
0
0
0
0
0
0
0
0
0
0
0
0
0
0
0
0
0
0
0
0
0
0
0
0
0
0
0
0
0
0
0
0
0
0
0
0
0
0
0
0
0
0
0
0
0
0
0
0
0
0
0
0
0
0
0
0
0
0
0
0
0
0
-169
-199
392
0
0
0
0
0
0
0
0
0
0
0
0
0
0
0
0
0
0
0
0
0
0
0
0
0
0
0
0
0
0
0
0
0
0
0
0
0
0
0
0
0
0
0
0
0
0
0
0
0
0
0
0
0
0
0
0
0
0
0
0
0
0
0
0
0
0
0
0
0
0
0
0
0
0
0
0
0
0
0
0
0
0
0
0
0
0
0
0
0
0
0
0
0
0
0
0
0
0
0
0
0
0
0
0
0
0
0
0
0
0
0
0
0
0
0
0
0
0
0
0
0
0
0
0
0
0
0
0
0
0
0
0
0
0
0
0
0
0
0
0
0
0
0
0
0
0
0
0
0
0
0
0
0
0
0
0
0
0
0
0
0
0
0
0
0
0
0
0
0
0
0
0
0
0
0
0
0
0
0
0
0
0
0
0
0
0
0
0
0
0
0
0
0
0
0
0
0
0
0
0
0
0
0
0
0
0
0
1
1
1
0
0
0
0
0
0
0
0
0
0
0
0
0
0
0
0
0
0
0
0
0
0
0
0
0
0
0
0
0
0
0
0
0
0
0
0
0
0
0
0
0
0
0
0
0
0
0
0
0
0
0
0
0
0
0
0
0
0
0
0
0
0
0
0
0
0
0
55
24
6
21
28
0
0
0
0
0
0
0
0
0
0
0
0
0
0
0
0
0
0
1
0
0
0
1
0
0
0
0
0
0
0
0
0
0
0
0
0
0
0
0
0
0
0
0
0
0
0
0
0
0
0
0
0
0
0
0
0
0
0
0
0
0
0
0
0
0
0
0
0
0
0
0
0
0
0
0
0
0
0
0
0
0
0
0
0
0
0
0
0
0
0
0
0
0
0
0
0
0
0
0
0
0
0
0
0
0
0
0
0
0
0
0
0
0
0
0
0
0
0
0
0
0
0
0
0
0
0
0
0
0
0
0
0
0
0
0
0
0
0
0
0
0
0
0
0
0
0
0
0
0
0
0
0
0
0
0
0
0
0
0
0
0
0
0
0
0
0
0
0
0
0
0
0
0
0
0
0
0
0
0
0
0
0
0
0
0
0
0
0
0
0
0
0
0
0
0
0
0
0
0
0
0
0
0
0
0
0
0
0
0
0
0
0
0
0
0
0
0
0
0
0
0
0
0
0
0
0
0
0
0
0
0
0
0
0
0
0
0
0
0
0
0
0
0
0
0
0
0
0
0
0
0
0
0
0
0
0
0
0
0
0
0
0
0
0
0
0
0
0
0
0
0
0
0
0
0
0
0
0
0
0
0
0
0
0
0
0
0
0
0
0
0
0
0
0
0
0
0
0
0
0
0
0
0
0
0
0
0
0
0
0
0
0
0
0
0
0
0
0
0
0
0
0
0
0
0
0
0
0
0
0
0
0
0
0
0
0
0
0
0
0
0
0
0
0
0
0
0
0
0
0
0
0
0
0
0
0
0
0
0
0
0
0
0
0
0
0
0
0
0
0
0
0
0
0
0
0
0
0
0
0
0
0
0
0
0
0
0
0
0
0
0
0
0
0
0
0
0
0
0
0
0
0
0
0
0
0
0
0
0
0
0
0
0
0
0
0
0
0
0
0
0
0
0
0
0
0
0
0
0
0
0
0
0
0
0
0
0
0
0
0
0
0
0
0
0
0
0
0
0
0
0
0
0
0
0
0
0
0
0
0
0
0
0
0
0
0
0
0
0
0
0
0
0
0
0
0
0
0
0
0
0
0
0
0
0
0
0
0
0
0
0
0
0
0
0
0
0
0
0
0
0
0
0
0
0
0
0
0
0
0
0
0
0
0
0
0
0
0
0
0
0
0
0
0
0
0
0
0
0
0
0
0
0
0
0
0
0
0
0
0
0
0
0
0
0
0
0
0
0
0
0
0
0
0
0
0
0
0
0
0
0
0
0
0
0
500000
0
0
0
499968
0
64
0
0
0
0
0
0
0
0
0
0
0
1
465000
500000
0
0
0
0
0
0
0
0
0
0
0
0
0
0
0
0
0
0
0
0
0
0
0
0
0
0
0
0
0
0
0
0
0
0
0
0
0
0
0
0
0
0
0
0
0
0
0
0
0
0
0
0
0
0
0
0
0
0
0
0
0
0
0
0
0
0
0
0
0
0
0
0
0
0
0
0
0
0
0
0
0
0
0
0
0
0
0
0
0
0
0
0
0
0
0
0
0
0
0
0
0
0
0
0
0
0
0
0
0
0
0
0
0
0
0
0
0
0
0
0
0
0
0
0
0
0
0
0
0
0
0
0
0
0
0
0
0
0
0
0
0
0
0
0
0
0
0
0
0
0
0
0
0
0
0
0
0
0
0
0
0
0
0
0
0
0
0
0
0
0
0
0
0
0
0
0
0
0
0
0
9
4
2
26
0
5000
0
0
26
1
5000
0
0
26
2
4000
0
0
26
3
5000
0
0
1
0
5000
2
2
2
541667
500000
520833
0
541667
22
1
0
320292
1722
69
28
520833
3
1
0
492156
184
66
3
99990
100000
99990
99970
99950
100000
99930
99870
99800
99740
99670
99610
99540
99480
99410
99350
99280
100000
99870
99740
99610
99480
99360
99230
99100
98970
98850
98720
98590
98460
98340
98210
98080
97950
97830
97700
97570
97440
97320
97190
97060
96930
96810
96680
96550
96420
96290
96170
96040
95910
95780
95660
95530
95400
95270
95150
95020
94890
94760
94640
94510
94380
94250
94130
94000
93870
93740
93620
93490
93360
93230
93110
92980
92850
92720
92590
92470
92340
92210
92080
91960
91830
91700
91570
91450
91320
91190
91060
90940
90810
90680
90550
90430
90300
90170
90040
89920
89790
89660
89530
89410
89280
89150
89020
88890
88770
88640
88510
88380
88260
88130
88000
87870
87750
87620
87490
87360
87240
87110
86980
86850
86730
86600
86470
86340
86220
86090
85960
23680
27270
32770
37320
41280
44810
48010
50970
53710
56260
58680
60960
63120
65170
67120
68980
70760
72460
74080
75640
77130
78570
79930
81260
82520
83720
84880
85990
87050
88060
89030
89950
90830
91660
92450
93200
93910
94570
95200
95790
96340
96840
97310
97740
98140
98490
98810
99090
99330
99530
99700
99830
99920
99980
100000
99980
99980
100000
99980
99950
99900
99820
100000
100000
99820
99640
99460
99280
99100
98930
98750
98570
98390
98210
98040
97860
97680
97500
97320
97140
96970
96790
96610
96430
96250
96070
95900
95720
95540
95360
95180
95010
94830
94650
94470
94290
94110
93940
93760
93580
93400
93220
93050
92870
92690
92510
92330
92150
91980
91800
91620
91440
91260
91090
90910
90730
90550
90370
90190
90020
89840
89660
89480
89300
89130
88950
88770
88590
8280
12540
15970
18980
21680
24170
26490
28700
30780
32770
34670
36500
38270
39980
41640
43240
44800
46320
47800
49250
50650
52020
53370
54680
55970
57230
58450
59670
60850
62000
63140
64250
65340
66410
67450
68480
69490
70470
71440
72390
73320
74220
75120
76000
76860
77700
78520
79320
80110
80890
81650
82390
83110
83820
84510
85180
85840
86490
87120
87730
88320
88910
89470
90020
90560
91080
91590
92080
92550
93010
93460
93890
94300
94700
95090
95460
95820
96160
96490
96800
97100
97380
97650
97900
98140
98370
98580
98770
98950
99120
99270
99410
99530
99640
99730
99810
99880
99930
99970
99990
100000
100000
99730
99460
99190
98920
98650
98380
98110
97840
97570
97300
97030
96760
96490
96220
95950
95680
95410
95140
94870
94600
94330
94060
93790
93520
93250
92980
0
0
0
0
0
0
0
0
0
0
0
0
0
0
0
0
0
0
0
0
0
0
0
0
0
0
0
0
0
0
0
0
0
0
0
0
0
0
0
0
0
0
0
0
0
0
0
0
0
0
0
0
0
18510
25070
29940
33950
37420
40520
43330
45910
48310
50560
52680
54690
56590
58400
60140
61800
63390
64920
66390
67810
69180
70510
71780
73020
74210
75370
76490
77570
78620
79640
80630
81580
82500
83400
84270
85110
85920
86700
87460
88200
88900
89590
90250
90890
91500
92090
92660
93200
93720
94220
94700
95160
95590
96010
96400
96770
97120
97450
97760
98050
98320
98570
98800
99010
99190
99360
99510
99640
99750
99840
99910
99960
99990
100000
99990
0
0
0
0
0
0
0
0
0
0
0
0
0
0
0
0
0
0
0
0
0
0
0
0
0
0
0
0
0
0
0
0
0
0
0
0
0
0
0
0
0
0
0
0
0
0
0
0
0
0
0
0
0
0
0
0
0
0
0
0
0
0
0
0
0
0
0
0
0
0
0
0
0
0
0
0
0
0
0
0
0
0
0
0
0
0
0
0
0
0
0
0
0
0
0
0
0
0
0
0
0
0
0
0
0
0
0
0
0
0
0
0
0
0
0
0
0
0
0
0
0
0
0
0
0
0
0
0
0
0
0
0
0
0
0
0
0
0
0
0
0
53
47
55
0
0
0
0
47
55
101
127
0
56
0
0
0
0
0
56
102
0
0
127
0
0
0
0
0
127
127
0
5
5
0
0
0
0
5
5
5
5
562
562
0
0
0
0
562
562
416
579
2
1
0
0
0
0
2
1
1
0
0
0
0
0
0
0
0
0
0
0
0
0
0
0
0
0
0
0
0
0
0
0
0
0
0
0
0
0
0
0
0
0
0
0
0
0
0
0
0
0
0
0
0
0
0
0
0
0
0
0
0
0
0
0
0
0
0
0
0
0
0
0
0
0
0
0
0
0
0
0
0
0
0
0
0
0
0
0
0
0
0
0
0
0
0
0
0
0
0
0
0
0
0
0
0
0
0
0
0
0
0
0
0
0
0
0
0
0
0
0
0
0
0
0
0
0
0
1000000
0
0
0
0
0
0
0
0
0
0
0
0
0
0
0
0
0
0
0
0
0
0
0
0
0
0
0
0
0
0
1000000
1000000
1000000
1000000
1000000
1000000
0
0
400000
0
1000000
1000000
1000000
0
0
0
0
0
0
0
0
0
0
0
0
0
0
0
500000
491211
470703
321289
255859
973633
285156
724609
782227
0
0
0
0
0
0
0
0
0
0
0
500000
396484
0
0
0
0
0
0
0
0
226563
396850
725586
0
717773
0
0
0
0
0
500000
396484
500000
0
0
0
0
0
0
0
0
0
0
0
0
0
0
0
0
0
0
0
0
0
0
0
0
0
0
0
0
0
0
0
0
0
0
0
0
0
0
0
0
0
0
0
0
0
0
0
0
0
0
0
0
0
0
0
0
0
0
0
0
0
0
0
0
0
0
0
0
0
0
0
0
0
0
0
0
0
0
0
0
0
0
0
0
0
0
0
0
0
0
0
0
0
0
0
0
0
0
0
0
0
0
0
0
0
0
0
0
0
0
0
0
0
0
0
0
0
0
0
0
0
0
0
0
0
0
0
0
0
0
0
0
0
0
0
0
0
0
0
0
0
0
0
0
0
0
0
0
0
0
0
0
0
0
0
0
0
0
0
0
0
0
0
0
0
0
0
0
-369
392
0
0
0
0
0
0
0
0
0
0
0
0
0
0
0
0
0
0
0
0
0
0
0
0
0
0
0
0
0
0
0
0
0
0
0
0
0
0
0
0
0
0
0
0
0
0
0
0
0
0
0
0
0
0
0
0
0
0
0
0
0
0
0
0
0
0
0
0
0
0
0
0
0
0
0
0
0
0
0
0
0
0
0
0
0
0
0
0
0
0
0
0
0
0
0
0
0
0
0
0
0
0
0
0
0
0
0
0
0
0
0
0
0
0
0
0
0
0
0
0
0
0
0
0
0
0
0
0
0
0
0
0
0
0
0
0
0
0
0
0
0
0
0
0
0
0
0
0
0
0
0
0
0
0
0
0
0
0
0
0
0
0
0
0
0
0
0
0
0
0
0
0
0
0
0
0
0
0
0
0
0
0
0
0
0
0
0
0
0
0
0
0
0
0
0
0
0
0
0
0
0
0
0
0
0
0
0
0
1
1
0
0
0
0
0
0
0
0
0
0
0
0
0
0
0
0
0
0
0
0
0
0
0
0
0
0
0
0
0
0
0
0
0
0
0
0
0
0
0
0
0
0
0
0
0
0
0
0
0
0
0
0
0
0
0
0
0
0
0
0
0
0
0
0
0
0
0
55
24
6
21
0
0
0
0
0
0
0
0
0
0
0
0
0
0
0
0
0
0
0
1
0
0
0
1
0
0
0
0
0
0
0
0
0
0
0
0
0
0
0
0
0
0
0
0
0
0
0
0
0
0
0
0
0
0
0
0
0
0
0
0
0
0
0
0
0
0
0
0
0
0
0
0
0
0
0
0
0
0
0
0
0
0
0
0
0
0
0
0
0
0
0
0
0
0
0
0
0
0
0
0
0
0
0
0
0
0
0
0
0
0
0
0
0
0
0
0
0
0
0
0
0
0
0
0
0
0
0
0
0
0
0
0
0
0
0
0
0
0
0
0
0
0
0
0
0
0
0
0
0
0
0
0
0
0
0
0
0
0
0
0
0
0
0
0
0
0
0
0
0
0
0
0
0
0
0
0
0
0
0
0
0
0
0
0
0
0
0
0
0
0
0
0
0
0
0
0
0
0
0
0
0
0
0
0
0
0
0
0
0
0
0
0
0
0
0
0
0
0
0
0
0
0
0
0
0
0
0
0
0
0
0
0
0
0
0
0
0
0
0
0
0
0
0
0
0
0
0
0
0
0
0
0
0
0
0
0
0
0
0
0
0
0
0
0
0
0
0
0
0
0
0
0
0
0
0
0
0
0
0
0
0
0
0
0
0
0
0
0
0
0
0
0
0
0
0
0
0
0
0
0
0
0
0
0
0
0
0
0
0
0
0
0
0
0
0
0
0
0
0
0
0
0
0
0
0
0
0
0
0
0
0
0
0
0
0
0
0
0
0
0
0
0
0
0
0
0
0
0
0
0
0
0
0
0
0
0
0
0
0
0
0
0
0
0
0
0
0
0
0
0
0
0
0
0
0
0
0
0
0
0
0
0
0
0
0
0
0
0
0
0
0
0
0
0
0
0
0
0
0
0
0
0
0
0
0
0
0
0
0
0
0
0
0
0
0
0
0
0
0
0
0
0
0
0
0
0
0
0
0
0
0
0
0
0
0
0
0
0
0
0
0
0
0
0
0
0
0
0
0
0
0
0
0
0
0
0
0
0
0
0
0
0
0
0
0
0
0
0
0
0
0
0
0
0
0
0
0
0
0
0
0
0
0
0
0
0
0
0
0
0
0
0
0
0
0
0
0
0
0
0
0
0
0
0
0
0
0
0
0
0
0
0
0
0
0
0
0
0
0
0
0
0
0
0
0
0
0
0
0
0
0
0
0
0
0
0
0
0
0
0
0
0
0
0
0
0
0
0
0
0
0
0
0
0
0
0
0
0
0
0
0
0
0
0
0
0
500000
0
0
0
499968
0
64
0
0
0
0
0
0
0
0
0
0
0
1
465000
500000
0
0
0
0
0
0
0
0
0
0
0
0
0
0
0
0
0
0
0
0
0
0
0
0
0
0
0
0
0
0
0
0
0
0
0
0
0
0
0
0
0
0
0
0
0
0
0
0
0
0
0
0
0
0
0
0
0
0
0
0
0
0
0
0
0
0
0
0
0
0
0
0
0
0
0
0
0
0
0
0
0
0
0
0
0
0
0
0
0
0
0
0
0
0
0
0
0
0
0
0
0
0
0
0
0
0
0
0
0
0
0
0
0
0
0
0
0
0
0
0
0
0
0
0
0
0
0
0
0
0
0
0
0
0
0
0
0
0
0
0
0
0
0
0
0
0
0
0
0
0
0
0
0
0
0
0
0
0
0
0
0
0
0
0
0
0
0
0
0
0
0
0
0
0
0
0
0
0
0
1
0
1
1
0
1
0
0
1
0
1
6
1
3
630000
0
576388
187500
0
743055
1000000
80
0
73
24
0
95
128
2
0
16
15
0
30
0
2
0
20
19
0
38
0
0
0
0
1
1
0
0
0
0
0
0
0
0
0
0
397000
500000
0
365000
0
0
3101
-2320
0
3125
-1328
4687
3101
0
100000
500000
397000
260000
500000
0
0
2320
0
273
546
0
0
0
0
500000
100000
0
0
0
0
0
0
5312
0
0
0
0
0
960000
500000
0
0
0
0
0
0
3828
0
0
0
0
0
410000
600000
0
0
0
0
0
1093
2343
0
0
0
0
0
950000
600000
0
0
0
0
0
0
-1171
0
0
0
0
0
1000000
0
0
0
0
0
0
0
0
0
0
0
0
0
360000
0
0
0
0
0
0
2109
0
0
0
0
0
0
1000000
0
0
0
0
0
0
0
0
0
0
0
0
0
410000
0
0
0
0
0
0
-312
0
0
0
0
0
0
0
0
0
0
0
0
0
5468
0
0
0
0
0
0
1000000
0
0
0
0
0
0
-4453
0
0
0
0
0
0
630000
0
0
0
0
0
0
351
0
0
0
0
0
0
451389
0
0
0
445284
0
57
0
0
0
500000
0
0
0
499968
0
64
0
500000
0
0
0
499968
0
64
0
493056
0
0
0
492156
0
63
0
0
0
0
0
0
0
0
0
1000000
0
0
0
999936
0
128
0
0
0
0
0
0
0
0
0
0
0
0
6
0
0
499999
63
0
0
0
0
0
0
0
0
0
0
0
0
0
0
0
0
0
0
0
0
0
0
0
0
0
0
0
0
0
0
0
0
0
0
0
0
0
0
0
0
0
0
0
0
0
0
0
0
0
0
0
0
0
0
0
0
0
0
0
0
0
0
0
0
0
0
0
0
0
0
0
0
0
0
0
0
0
0
0
0
0
0
0
0
0
0
0
0
0
0
0
0
0
0
1
500000
458334
465278
500000
500000
243056
569444
500000
0
0
3
451389
500000
440000
0
0
0
0
0
0
0
0
0
0
0
0
0
0
0
0
0
0
0
0
0
0
0
0
0
0
0
0
0
0
0
0
0
0
0
0
0
0
0
0
0
0
0
0
0
0
0
0
0
0
0
0
0
0
0
0
0
0
0
0
0
0
0
0
0
0
0
0
0
0
0
0
0
0
0
0
0
0
0
0
0
0
0
0
0
0
0
0
0
0
0
0
0
0
0
0
0
0
0
0
0
0
0
0
0
0
0
0
0
0
0
0
0
0
0
0
0
0
0
0
0
0
0
0
0
0
0
0
0
0
0
0
0
0
0
0
0
0
0
0
0
0
0
0
0
0
0
0
0
0
0
0
0
0
0
0
0
0
0
0
0
0
0
0
0
0
0
0
0
0
0
0
0
0
0
0
0
0
0
0
0
0
0
0
0
25
-1
0
0
0
0
0
0
0
0
0
0
0
0
0
0
0
0
0
0
0
0
0
0
0
0
0
0
0
0
0
0
0
0
0
0
0
0
0
0
0
0
0
0
0
0
0
0
0
0
0
0
0
0
0
0
0
0
0
0
0
0
0
0
0
0
0
0
0
0
0
0
0
0
0
0
0
0
0
0
0
0
0
0
0
0
0
0
0
0
0
0
0
0
0
0
0
0
0
0
254
260
1
1
0
0
0
0
0
0
0
0
0
0
0
0
0
0
0
0
0
0
0
0
0
0
0
0
0
0
0
0
0
0
0
0
0
0
0
0
0
0
0
0
0
0
0
0
0
0
0
0
0
0
0
0
0
0
0
0
0
0
0
0
0
0
0
0
0
0
0
0
0
0
0
0
0
0
0
0
0
0
0
0
0
0
0
0
0
0
0
0
0
0
0
0
0
0
0
0
