%SaveThr
0
0
3
3
17
0
4500
0
0
17
5
6000
0
0
17
6
9000
0
0
8
6
19200
0
0
1
0
8000
3
3
3
541667
500000
500000
0
541667
0
0
0
539028
0
69
0
500000
0
0
0
499968
0
64
0
99990
100000
99990
99980
99960
99930
99900
99850
99800
99740
99670
99600
99510
99420
99120
99120
100000
100000
100000
100000
100000
100000
100000
99990
100000
100000
100000
100000
100000
100000
100000
100000
100000
100000
100000
100000
100000
100000
100000
100000
100000
100000
100000
99890
99790
99690
99580
99480
99380
99270
99170
99070
98960
98860
98760
98650
98550
98450
98340
98240
98140
98030
97930
97830
97720
97620
97520
97420
97310
97210
97110
97000
96900
96800
96690
96590
96490
96380
96280
96180
96070
95970
95870
95760
95660
95560
95450
95350
95250
95140
95040
94940
94840
94730
94630
94530
94420
94320
94220
94110
94010
93910
93800
93700
93600
93490
93390
93290
93180
93080
92980
92870
92770
92670
92560
92460
92360
92260
92150
92050
91950
91840
91740
91640
91530
91430
91330
91220
9370
14560
18840
22610
26040
29220
32210
35030
37710
40280
42740
45110
47390
49590
51720
53780
55780
57720
59600
61430
63200
64920
66590
68220
69790
71310
72810
74250
75650
77010
78320
79600
80830
82020
83170
84290
85360
86390
87390
88340
89260
90140
90980
91790
92550
93280
93970
94620
95240
95810
96350
96850
97320
97750
98140
98490
98810
99090
99330
99530
99700
99830
99920
99980
100000
99980
100000
100000
100000
100000
100000
100000
100000
100000
100000
100000
100000
100000
100000
100000
100000
100000
100000
100000
100000
100000
100000
100000
100000
100000
100000
99880
99760
99640
99520
99400
99280
99170
99050
98930
98810
98690
98570
98450
98340
98220
98100
97980
97860
97740
97620
97510
97390
97270
97150
97030
96910
96790
96680
96560
96440
96320
96200
96080
95960
95850
95730
95610
0
0
0
0
0
0
0
0
0
0
0
0
0
0
0
0
0
0
0
0
0
0
0
0
0
0
0
0
13490
18860
22940
26360
29360
32050
34530
36820
38960
40980
42890
44720
46460
48130
49730
51270
52760
54200
55590
56950
58260
59530
60770
61970
63140
64280
65390
66480
67540
68570
69580
70560
71520
72460
73380
74280
75150
76010
76850
77670
78470
79250
80010
80760
81490
82200
82900
83580
84240
84890
85530
86140
86750
87330
87910
88470
89010
89540
90060
90560
91040
91520
91980
92430
92860
93280
93680
94080
94460
94820
95180
95520
95850
96160
96470
96760
97030
97300
97550
97790
98020
98230
98430
98620
98800
98960
99120
99260
99390
99500
99610
99700
99780
99840
99900
99940
99970
99990
100000
99990
0
0
0
0
0
0
0
0
0
0
0
0
0
0
0
0
0
0
0
0
0
0
0
0
0
0
0
0
0
0
0
0
0
0
0
0
0
0
0
0
0
0
0
0
0
0
0
0
0
0
0
0
0
0
0
0
0
0
0
0
0
0
0
0
0
0
0
0
0
0
0
0
0
0
0
0
0
0
0
0
0
0
0
0
0
0
0
0
0
0
0
0
0
0
0
0
0
0
0
0
0
0
0
0
0
0
0
0
0
0
0
0
0
0
0
0
0
0
0
0
0
0
0
0
0
0
0
0
0
0
0
0
0
0
0
0
0
0
0
0
0
0
0
0
0
0
0
0
0
0
0
0
0
0
0
0
0
0
0
0
0
0
0
0
0
0
0
0
0
0
0
0
0
0
0
0
0
0
0
0
0
0
0
0
0
0
0
0
0
0
0
0
0
0
0
0
0
0
0
0
0
0
0
0
0
0
0
0
0
0
0
0
0
0
0
0
0
0
0
0
0
0
0
0
0
0
0
0
0
0
0
0
0
0
0
0
0
0
0
0
0
0
0
0
0
0
0
0
0
0
0
0
0
0
0
0
0
0
0
0
0
0
0
0
0
0
0
0
18
0
127
65
0
0
0
0
127
65
127
0
0
64
0
0
0
0
0
64
0
0
0
127
0
0
0
0
0
127
0
0
5
5
0
0
0
0
5
5
5
0
497
378
0
0
0
0
497
378
532
0
2
0
0
0
0
0
2
0
0
0
0
0
0
0
0
0
0
0
0
0
0
0
0
0
0
0
0
0
0
0
0
0
0
0
0
0
0
0
0
0
0
0
0
0
0
0
459489
0
500000
500000
500000
500000
500000
0
0
0
0
0
0
0
0
0
0
0
0
0
0
0
0
0
0
0
0
0
0
0
0
0
0
0
0
0
0
0
0
0
0
0
0
0
0
0
0
0
0
0
0
0
0
0
0
0
0
0
0
0
0
0
0
0
0
0
0
0
0
0
0
0
0
0
0
0
0
0
0
0
0
0
0
0
0
0
0
0
0
0
0
0
0
0
0
0
0
0
0
0
0
0
0
0
0
0
0
0
0
0
0
0
0
0
0
0
0
0
0
0
400000
0
0
0
0
0
0
0
0
0
0
0
0
0
0
0
0
0
0
0
457031
500000
453125
791992
722656
959961
475586
461914
844727
0
0
0
0
0
0
0
0
0
0
0
500000
396850
0
0
0
0
0
0
0
0
790000
396850
370000
500000
500000
0
0
0
0
0
0
0
0
0
0
0
0
0
0
0
0
0
0
0
0
0
0
0
0
0
0
0
0
0
0
0
0
0
0
0
0
0
0
0
0
0
0
0
0
0
0
0
0
0
0
0
0
0
0
0
0
0
0
0
0
0
0
0
0
0
0
0
0
0
0
0
0
0
0
0
0
0
0
0
0
0
0
0
0
0
0
0
0
0
0
0
0
0
0
0
0
0
0
0
0
0
0
0
0
0
0
0
0
0
0
0
0
0
0
0
0
0
0
0
0
0
0
0
0
0
0
0
0
0
0
0
0
0
0
0
0
0
0
0
0
0
0
0
0
0
0
0
0
0
0
0
0
0
0
0
0
0
0
0
0
0
0
0
0
0
0
0
0
0
0
0
0
0
0
0
338
0
438
0
0
0
0
0
0
0
0
0
0
0
0
0
0
0
0
0
0
0
0
0
0
0
0
0
0
0
0
0
0
0
0
0
0
0
0
0
0
0
0
0
0
0
0
0
0
0
0
0
0
0
0
0
0
0
0
0
0
0
0
0
0
0
0
0
0
0
0
0
0
0
0
0
0
0
0
0
0
0
0
0
0
0
0
0
0
0
0
0
0
0
0
0
0
0
0
0
0
0
0
0
0
0
0
0
0
0
0
0
0
0
0
0
0
0
0
0
0
0
0
0
0
0
0
0
0
0
0
0
0
0
0
0
0
0
0
0
0
0
0
0
0
0
0
0
0
0
0
0
0
0
0
0
0
0
0
0
0
0
0
0
0
0
0
0
0
0
0
0
0
0
0
0
0
0
0
0
0
0
0
0
0
0
0
0
0
0
0
0
0
0
0
0
0
0
0
0
0
0
0
0
0
0
0
0
0
0
1
0
1
0
0
0
0
0
0
0
0
0
0
0
0
0
0
0
0
0
0
0
0
0
0
0
0
0
0
0
0
0
0
0
0
0
0
0
0
0
0
0
0
0
0
0
0
0
0
0
0
0
0
0
0
0
0
0
0
0
0
0
0
0
0
0
0
0
0
0
55
24
6
21
0
0
0
0
0
0
0
0
0
0
0
0
0
0
0
0
0
0
0
1
0
0
0
1
0
0
0
0
0
0
0
0
0
0
0
0
0
0
0
0
0
0
0
0
0
0
0
0
0
0
0
0
0
0
0
0
0
0
0
0
0
0
0
0
0
0
0
0
0
0
0
0
0
0
0
0
0
0
0
0
0
0
0
0
0
0
0
0
0
0
0
0
0
0
0
0
0
0
0
0
0
0
0
0
0
0
0
0
0
0
0
0
0
0
0
0
0
0
0
0
0
0
0
0
0
0
0
0
0
0
0
0
0
0
0
0
0
0
0
0
0
0
0
0
0
0
0
0
0
0
0
0
0
0
0
0
0
0
0
0
0
0
0
0
0
0
0
0
0
0
0
0
0
0
0
0
0
0
0
0
0
0
0
0
0
0
0
0
0
0
0
0
0
0
0
0
0
0
0
0
0
0
0
0
0
0
0
0
0
0
0
0
0
0
0
0
0
0
0
0
0
0
0
0
0
0
0
0
0
0
0
0
0
0
0
0
0
0
0
0
0
0
0
0
0
0
0
0
0
0
0
0
0
0
0
0
0
0
0
0
0
0
0
0
0
0
0
0
0
0
0
0
0
0
0
0
0
0
0
0
0
0
0
0
0
0
0
0
0
0
0
0
0
0
0
0
0
0
0
0
0
0
0
0
0
0
0
0
0
0
0
0
0
0
0
0
0
0
0
0
0
0
0
0
0
0
0
0
0
0
0
0
0
0
0
0
0
0
0
0
0
0
0
0
0
0
0
0
0
0
0
0
0
0
0
0
0
0
0
0
0
0
0
0
0
0
0
0
0
0
0
0
0
0
0
0
0
0
0
0
0
0
0
0
0
0
0
0
0
0
0
0
0
0
0
0
0
0
0
0
0
0
0
0
0
0
0
0
0
0
0
0
0
0
0
0
0
0
0
0
0
0
0
0
0
0
0
0
0
0
0
0
0
0
0
0
0
0
0
0
0
0
0
0
0
0
0
0
0
0
0
0
0
0
0
0
0
0
0
0
0
0
0
0
0
0
0
0
0
0
0
0
0
0
0
0
0
0
0
0
0
0
0
0
0
0
0
0
0
0
0
0
0
0
0
0
0
0
0
0
0
0
0
0
0
0
0
0
0
0
0
0
0
0
0
0
0
0
0
0
0
0
0
0
0
0
0
0
0
0
0
0
0
0
0
0
0
0
0
0
0
0
0
0
0
0
0
0
0
0
0
0
0
0
0
0
0
0
0
0
0
0
0
0
0
0
500000
0
0
0
499968
0
64
0
0
0
0
0
0
0
0
0
1
0
1
465000
500000
0
0
0
0
0
0
0
0
0
0
0
0
0
0
0
0
0
0
0
0
0
0
0
0
0
0
0
0
0
0
0
0
0
0
0
0
0
0
0
0
0
0
0
0
0
0
0
0
0
0
0
0
0
0
0
0
0
0
0
0
0
0
0
0
0
0
0
0
0
0
0
0
0
0
0
0
0
0
0
0
0
0
0
0
0
0
0
0
0
0
0
0
0
0
0
0
0
0
0
0
0
0
0
0
0
0
0
0
0
0
0
0
0
0
0
0
0
0
0
0
0
0
0
0
0
0
0
0
0
0
0
0
0
0
0
0
0
0
0
0
0
0
0
0
0
0
0
0
0
0
0
0
0
0
0
0
0
0
0
0
0
0
0
0
0
0
0
0
0
0
0
0
0
0
0
0
0
0
0
0
20
1
0
127
0
0
0
0
0
4
0
0
0
0
1
0
0
0
0
5
0
0
0
1
0
0
0
0
0
500000
500000
500000
0
500000
0
0
0
499968
0
64
0
500000
0
0
0
499968
0
64
0
99990
100000
99990
99980
99960
99930
99900
99850
99800
99740
99670
99600
99510
99420
99120
99120
100000
100000
100000
100000
100000
100000
100000
99990
100000
100000
100000
100000
100000
100000
100000
100000
100000
100000
100000
100000
100000
100000
100000
100000
100000
100000
100000
100000
100000
100000
100000
100000
100000
100000
100000
100000
99990
99970
99950
99920
99900
99880
99850
99830
99810
99780
99760
99740
99710
99690
99670
99640
99620
99600
99570
99550
99530
99500
99480
99460
99430
99410
99390
99360
99340
99320
99290
99270
99250
99220
99200
99180
99150
99130
99110
99080
99060
99040
99010
98990
98970
98940
98920
98900
98870
98850
98830
98800
98780
98760
98730
98710
98690
98660
98640
98610
98590
98570
98540
98520
98500
98470
98450
98430
98400
98380
98360
98330
98310
98290
98260
98240
18690
25070
29770
33620
36960
39920
42600
45060
47350
49490
51500
53410
55220
56940
58580
60160
61670
63120
64520
65880
67180
68450
69670
70850
71990
73100
74180
75220
76230
77220
78170
79100
80000
80870
81720
82550
83350
84130
84880
85620
86330
87020
87690
88340
88970
89580
90170
90740
91290
91830
92340
92840
93320
93780
94220
94650
95060
95450
95830
96190
96530
96850
97160
97460
97730
97990
98240
98460
98680
98870
99050
99220
99360
99500
99610
99710
99800
99870
99920
99960
99990
100000
99990
100000
100000
99930
99870
99810
99750
99690
99630
99570
99510
99440
99380
99320
99260
99200
99140
99080
99020
98950
98890
98830
98770
98710
98650
98590
98530
98470
98400
98340
98280
98220
98160
98100
98040
97980
97910
97850
97790
97730
97670
97610
97550
97490
97420
97360
0
0
0
0
0
0
0
0
0
0
0
10360
14920
18480
21500
24180
26620
28860
30960
32930
34800
36580
38290
39920
41490
43010
44470
45890
47270
48610
49910
51180
52410
53610
54790
55930
57050
58150
59220
60270
61300
62310
63290
64260
65210
66140
67050
67940
68820
69680
70520
71350
72170
72960
73750
74520
75270
76010
76740
77450
78150
78840
79520
80180
80830
81460
82090
82700
83300
83890
84470
85030
85590
86130
86660
87180
87690
88180
88670
89150
89610
90070
90510
90940
91360
91780
92180
92570
92950
93320
93680
94030
94360
94690
95010
95320
95620
95910
96190
96460
96710
96960
97200
97430
97650
97860
98060
98250
98430
98600
98760
98910
99050
99180
99300
99410
99510
99600
99690
99760
99820
99870
99920
99950
99980
99990
100000
99990
0
0
0
0
0
0
0
0
0
0
0
0
0
0
0
0
0
0
0
0
0
0
0
0
0
0
0
0
0
0
0
0
0
0
0
0
0
0
0
0
0
0
0
0
0
0
0
0
0
0
0
0
0
0
0
0
0
0
0
0
0
0
0
0
0
0
0
0
0
0
0
0
0
0
0
0
0
0
0
0
0
0
0
0
0
0
0
0
0
0
0
0
0
0
0
0
0
0
0
0
0
0
0
0
0
0
0
0
0
0
0
0
0
0
0
0
0
0
0
0
0
0
0
0
0
0
0
0
0
0
0
0
0
0
0
0
0
0
0
0
0
0
0
0
0
0
0
0
0
0
0
0
0
0
0
0
0
0
0
0
0
0
0
0
0
0
0
0
0
0
0
0
0
0
0
0
0
0
0
0
0
0
0
0
0
0
0
0
0
0
0
0
0
0
0
0
0
0
0
0
0
0
0
0
0
0
0
0
0
0
0
0
0
0
0
0
0
0
0
0
0
0
0
0
0
0
0
0
0
0
0
0
0
0
0
0
0
0
0
0
0
0
0
0
0
0
0
0
0
0
0
0
0
0
0
0
0
0
0
0
0
0
0
0
0
0
0
0
18
0
127
65
0
0
0
0
127
65
127
0
0
64
0
0
0
0
0
64
0
0
0
127
0
0
0
0
0
127
0
0
5
5
0
0
0
0
5
5
5
0
497
378
0
0
0
0
497
378
532
0
2
0
0
0
0
0
2
0
0
0
0
0
0
0
0
0
0
0
0
0
0
0
0
0
0
0
0
0
0
0
0
0
0
0
0
0
0
0
0
0
0
0
0
0
0
0
0
0
0
0
0
0
0
0
0
0
0
0
0
0
0
0
0
0
0
0
0
0
0
0
0
0
0
0
0
0
0
0
0
0
0
0
0
0
0
0
0
0
0
0
0
0
0
0
0
0
0
0
0
0
0
0
0
0
0
0
0
0
0
0
0
0
0
0
0
0
0
0
0
0
0
0
0
0
0
0
0
1000000
0
0
0
0
0
0
0
0
0
0
0
0
0
0
0
0
0
0
0
0
0
0
0
0
0
0
0
0
0
0
1000000
1000000
1000000
1000000
1000000
1000000
0
0
400000
0
1000000
1000000
1000000
0
0
0
0
0
0
0
0
0
0
0
0
0
0
0
500000
491211
456055
356445
713867
973633
302734
458008
782227
0
0
0
0
0
0
0
0
0
0
0
500000
396484
0
0
0
0
0
0
0
0
226563
396850
725586
0
717773
0
0
0
0
0
500000
396484
500000
0
0
0
0
0
0
0
500000
500000
0
477539
816406
500000
473633
665039
500000
540039
970703
0
396484
0
0
0
0
0
0
0
0
0
0
0
0
0
0
0
0
0
0
0
0
0
0
0
0
0
0
0
0
0
0
0
0
0
0
0
0
0
0
0
0
0
0
0
0
0
0
0
0
0
0
0
0
0
0
0
0
0
0
0
0
0
0
0
0
0
0
0
0
0
0
0
0
0
0
0
0
0
0
0
0
0
0
0
0
0
0
0
0
0
0
0
0
0
0
0
0
0
0
0
0
0
0
0
0
0
0
0
0
0
0
0
0
0
0
0
0
0
0
0
0
0
0
0
0
0
0
0
0
0
0
0
0
0
0
0
0
0
0
0
0
0
0
0
0
0
0
0
0
-169
561
0
0
0
0
0
0
0
0
0
0
0
0
0
0
0
0
0
0
0
0
0
0
0
0
0
0
0
0
0
0
0
0
0
0
0
0
0
0
0
0
0
0
0
0
0
0
0
0
0
0
0
0
0
0
0
0
0
0
0
0
0
0
0
0
0
0
0
0
0
0
0
0
0
0
0
0
0
0
0
0
0
0
0
0
0
0
0
0
0
0
0
0
0
0
0
0
0
0
0
0
0
0
0
0
0
0
0
0
0
0
0
0
0
0
0
0
0
0
0
0
0
0
0
0
0
0
0
0
0
0
0
0
0
0
0
0
0
0
0
0
0
0
0
0
0
0
0
0
0
0
0
0
0
0
0
0
0
0
0
0
0
0
0
0
0
0
0
0
0
0
0
0
0
0
0
0
0
0
0
0
0
0
0
0
0
0
0
0
0
0
0
0
0
0
0
0
0
0
0
0
0
0
0
0
0
0
0
0
1
1
0
0
0
0
0
0
0
0
0
0
0
0
0
0
0
0
0
0
0
0
0
0
0
0
0
0
0
0
0
0
0
0
0
0
0
0
0
0
0
0
0
0
0
0
0
0
0
0
0
0
0
0
0
0
0
0
0
0
0
0
0
0
0
0
0
0
0
55
24
6
21
28
0
0
0
0
0
0
0
0
0
0
0
0
0
0
0
0
0
0
1
0
0
0
1
0
0
0
0
0
0
0
0
0
0
0
0
0
0
0
0
0
0
0
0
0
0
0
0
0
0
0
0
0
0
0
0
0
0
0
0
0
0
0
0
0
0
0
0
0
0
0
0
0
0
0
0
0
0
0
0
0
0
0
0
0
0
0
0
0
0
0
0
0
0
0
0
0
0
0
0
0
0
0
0
0
0
0
0
0
0
0
0
0
0
0
0
0
0
0
0
0
0
0
0
0
0
0
0
0
0
0
0
0
0
0
0
0
0
0
0
0
0
0
0
0
0
0
0
0
0
0
0
0
0
0
0
0
0
0
0
0
0
0
0
0
0
0
0
0
0
0
0
0
0
0
0
0
0
0
0
0
0
0
0
0
0
0
0
0
0
0
0
0
0
0
0
0
0
0
0
0
0
0
0
0
0
0
0
0
0
0
0
0
0
0
0
0
0
0
0
0
0
0
0
0
0
0
0
0
0
0
0
0
0
0
0
0
0
0
0
0
0
0
0
0
0
0
0
0
0
0
0
0
0
0
0
0
0
0
0
0
0
0
0
0
0
0
0
0
0
0
0
0
0
0
0
0
0
0
0
0
0
0
0
0
0
0
0
0
0
0
0
0
0
0
0
0
0
0
0
0
0
0
0
0
0
0
0
0
0
0
0
0
0
0
0
0
0
0
0
0
0
0
0
0
0
0
0
0
0
0
0
0
0
0
0
0
0
0
0
0
0
0
0
0
0
0
0
0
0
0
0
0
0
0
0
0
0
0
0
0
0
0
0
0
0
0
0
0
0
0
0
0
0
0
0
0
0
0
0
0
0
0
0
0
0
0
0
0
0
0
0
0
0
0
0
0
0
0
0
0
0
0
0
0
0
0
0
0
0
0
0
0
0
0
0
0
0
0
0
0
0
0
0
0
0
0
0
0
0
0
0
0
0
0
0
0
0
0
0
0
0
0
0
0
0
0
0
0
0
0
0
0
0
0
0
0
0
0
0
0
0
0
0
0
0
0
0
0
0
0
0
0
0
0
0
0
0
0
0
0
0
0
0
0
0
0
0
0
0
0
0
0
0
0
0
0
0
0
0
0
0
0
0
0
0
0
0
0
0
0
0
0
0
0
0
0
0
0
0
0
0
0
0
0
0
0
0
0
0
0
0
0
0
0
0
0
0
0
0
0
0
0
0
0
0
0
0
0
0
0
0
0
0
0
0
0
0
0
0
0
0
0
0
0
0
500000
0
0
0
499968
0
64
0
0
0
0
0
0
0
0
0
0
0
0
465000
500000
0
0
0
0
0
0
0
0
0
0
0
0
0
0
0
0
0
0
0
0
0
0
0
0
0
0
0
0
0
0
0
0
0
0
0
0
0
0
0
0
0
0
0
0
0
0
0
0
0
0
0
0
0
0
0
0
0
0
0
0
0
0
0
0
0
0
0
0
0
0
0
0
0
0
0
0
0
0
0
0
0
0
0
0
0
0
0
0
0
0
0
0
0
0
0
0
0
0
0
0
0
0
0
0
0
0
0
0
0
0
0
0
0
0
0
0
0
0
0
0
0
0
0
0
0
0
0
0
0
0
0
0
0
0
0
0
0
0
0
0
0
0
0
0
0
0
0
0
0
0
0
0
0
0
0
0
0
0
0
0
0
0
0
0
0
0
0
0
0
0
0
0
0
0
0
0
0
0
0
1
0
0
0
0
0
0
0
0
0
0
0
0
0
630000
0
0
0
0
0
1000000
80
0
0
0
0
0
128
0
0
0
0
0
0
0
0
0
0
0
0
0
0
0
0
0
0
0
0
0
0
0
0
0
0
0
0
0
397000
500000
0
365000
500000
0
3101
-1070
0
7812
-1523
1171
3101
0
0
500000
397000
260000
500000
0
0
3101
0
-562
820
0
0
0
0
500000
0
0
0
0
0
0
0
1562
0
0
0
0
0
960000
0
0
0
0
0
0
0
0
0
0
0
0
0
410000
0
0
0
0
0
0
1093
0
0
0
0
0
0
950000
0
0
0
0
0
0
0
0
0
0
0
0
0
1000000
0
0
0
0
0
0
0
0
0
0
0
0
0
360000
0
0
0
0
0
0
2109
0
0
0
0
0
0
1000000
0
0
0
0
0
0
0
0
0
0
0
0
0
410000
0
0
0
0
0
0
-312
0
0
0
0
0
0
0
0
0
0
0
0
0
5468
0
0
0
0
0
0
1000000
0
0
0
0
0
0
-4453
0
0
0
0
0
0
630000
0
0
0
0
0
0
351
0
0
0
0
0
0
500000
0
0
0
499968
0
64
0
0
0
500000
0
0
0
499968
0
64
0
500000
0
0
0
499968
0
64
0
500000
0
0
0
499968
0
64
0
0
0
0
0
0
0
0
0
1000000
0
0
0
999936
0
128
0
0
0
0
0
0
0
0
0
0
0
0
0
0
0
0
0
0
0
0
0
0
0
0
0
0
0
0
0
0
0
0
0
0
0
0
0
0
0
0
0
0
0
0
0
0
0
0
0
0
0
0
0
0
0
0
0
0
0
0
0
0
0
0
0
0
0
0
0
0
0
0
0
0
0
0
0
0
0
0
0
0
0
0
0
0
0
0
0
0
0
0
0
0
0
0
0
0
0
0
0
0
0
0
0
0
0
0
0
0
0
0
500000
500000
500000
500000
500000
500000
500000
500000
0
0
0
500000
500000
440000
0
0
0
0
0
0
0
0
0
0
0
0
0
0
0
0
0
0
0
0
0
0
0
0
0
0
0
0
0
0
0
0
0
0
0
0
0
0
0
0
0
0
0
0
0
0
0
0
0
0
0
0
0
0
0
0
0
0
0
0
0
0
0
0
0
0
0
0
0
0
0
0
0
0
0
0
0
0
0
0
0
0
0
0
0
0
0
0
0
0
0
0
0
0
0
0
0
0
0
0
0
0
0
0
0
0
0
0
0
0
0
0
0
0
0
0
0
0
0
0
0
0
0
0
0
0
0
0
0
0
0
0
0
0
0
0
0
0
0
0
0
0
0
0
0
0
0
0
0
0
0
0
0
0
0
0
0
0
0
0
0
0
0
0
0
0
0
0
0
0
0
0
0
0
0
0
0
0
0
0
0
0
0
0
0
0
-1
0
0
0
0
0
0
0
0
0
0
0
0
0
0
0
0
0
0
0
0
0
0
0
0
0
0
0
0
0
0
0
0
0
0
0
0
0
0
0
0
0
0
0
0
0
0
0
0
0
0
0
0
0
0
0
0
0
0
0
0
0
0
0
0
0
0
0
0
0
0
0
0
0
0
0
0
0
0
0
0
0
0
0
0
0
0
0
0
0
0
0
0
0
0
0
0
0
0
559
760
1
0
0
0
0
0
0
0
0
0
0
0
0
0
0
0
0
0
0
0
0
0
0
0
0
0
0
0
0
0
0
0
0
0
0
0
0
0
0
0
0
0
0
0
0
0
0
0
0
0
0
0
0
0
0
0
0
0
0
0
0
0
0
0
0
0
0
0
0
0
0
0
0
0
0
0
0
0
0
0
0
0
0
0
0
0
0
0
0
0
0
0
0
0
0
0
0
0
