%pattern_sourcedata
4
4
4
0
0
32
-40
0
52
88
0
1
0
0
0
0
10
99
0
0
0
0
0
0
0
0
0
92
-1
-1
0
0
0
50
0
0
1
127
0
0
1
0
0
1
0
0
0
0
0
0
0
0
0
0
0
0
0
0
0
0
1
0
1
0
1
0
1
0
1
0
1
0
1
0
1
0
1
0
1
0
1
0
1
0
1
0
1
0
1
0
1
0
1
0
1
0
1
0
1
0
1
0
1
0
1
0
1
0
1
0
1
0
1
0
1
0
1
0
1
0
1
0
1
0
0
0
0
0
0
0
0
0
0
0
0
0
0
0
0
0
0
0
0
0
0
0
0
0
0
0
0
0
0
0
0
0
294392
576916
897392
1153855
1473946
1730771
2048231
2307687
2600295
2884626
3185692
3461542
3804762
4038458
4363492
4615374
4927619
5192313
5509592
5769229
6064490
6346145
6650000
6923084
7211224
7500000
7820000
8076916
8379161
8653855
8975329
9230771
9542241
9807687
10121678
10384626
10684785
10961542
11238753
11538458
11833605
12115374
12408367
12692313
13045283
13269229
13567891
13846145
14142313
14423084
14719433
15000000
15296893
15576916
15894807
16153855
16432585
16730771
17034444
17307687
17598594
17884626
18191610
18461542
306848
576916
876032
1153855
1422971
1730771
2012222
2307687
2601361
2884626
3169705
3461542
3766586
4038458
4345102
4615374
4926417
5192313
5482744
5769229
6068073
6346145
6637098
6923084
7214308
7500000
7789615
8076916
8359433
8653855
8946145
9230771
9522931
9807687
10110045
10384626
10686984
10961542
11273356
11538458
11842268
12115374
12427891
12692313
13011755
13269229
13562925
13846145
14142222
14423084
14736599
15000000
15288299
15576916
15865533
16153855
16448435
16730771
17010952
17307687
17604558
17884626
18189977
18461542
292200
576916
872993
1153855
1454082
1730771
2020567
2307687
2608594
2884626
3165351
3461542
3748640
4038458
4349048
4615374
7823651
5192313
5496848
5769229
7234535
6346145
6654558
6923084
7234535
7500000
7823651
8076916
8389206
8653855
8965465
9230771
9510907
9807687
10105669
10384626
10679252
10961542
11291905
11538458
11849955
12115374
12426054
12692313
12979932
13269229
13583356
13846145
14131723
14423084
14718435
15000000
15299546
15576916
15888481
16153855
16445986
16730771
17043016
17307687
17612948
17884626
18180794
18461542
309184
576916
873016
1153855
1469252
1730771
2051315
2307687
2648005
2884626
3209751
3461542
3763039
4038458
4346780
4615374
4955102
5192313
5503696
5769229
6080068
6346145
6665329
6923084
7242109
7500000
7816168
8076916
8386871
8653855
8986236
9230771
9538005
9807687
10109728
10384626
10704989
10961542
11271497
11538458
11852744
12115374
12438209
12692313
13002857
13269229
13576349
13846145
14155828
14423084
14716689
15000000
15289138
15576916
15889161
16153855
16464082
16730771
17010658
17307687
17597596
17884626
18183333
18461542
283175
576916
880159
1153855
1463424
1730771
2006190
2307687
2608141
2884626
3203832
3461542
3740113
4038458
4328685
4615374
4912109
5192313
5484966
5769229
6068481
6346145
6655805
6923084
7216531
7500000
7802925
8076916
8375782
8653855
8925442
9230771
9491791
9807687
10089751
10384626
10675510
10961542
11257166
11538458
11819161
12115374
12389728
12692313
12967256
13269229
13554898
13846145
14122313
14423084
14694263
15000000
15249773
15576916
15841020
16153855
16445782
16730771
17037392
17307687
17625669
17884626
18174921
18461542
329897
576916
884626
1153855
1465125
1730771
2066531
2307687
2626417
2884626
3166667
3461542
3747127
4038458
4350317
4615374
4914694
5192313
5514082
5769229
6090635
6346145
6667664
6923084
7245918
7500000
7834422
8076916
8397029
8653855
8976712
9230771
9556834
9807687
10159932
10384626
10719161
10961542
11309819
11538458
11874399
12115374
12434943
12692313
13007642
13269229
13589184
13846145
14160680
14423084
14720839
15000000
15330272
15576916
15905737
16153855
16467460
16730771
17027574
17307687
17605125
17884626
18189841
18461542
281701
576916
895215
1153855
1484399
1730771
2059683
2307687
2625397
2884626
3195850
3461542
3763834
4038458
4364308
4615374
4934195
5192313
5519274
5769229
6062562
6346145
6645918
6923084
7233469
7500000
7809501
8076916
8370408
8653855
8962948
9230771
9509524
9807687
10136531
10384626
10697596
10961542
11254785
11538458
11840680
12115374
12421723
12692313
12990340
13269229
13581270
13846145
14153628
14423084
14736961
15000000
15286213
15576916
15888390
16153855
16467891
16730771
17031020
17307687
17632834
17884626
18185351
18461542
287098
576916
898277
1153855
1464444
1730771
2037256
2307687
2581769
2884626
3181293
3461542
3758798
4038458
4345896
4615374
4922132
5192313
5493810
5769229
6074263
6346145
6650998
6923084
7223946
7500000
7804331
8076916
8401723
8653855
8969274
9230771
9530855
9807687
10119093
10384626
10693878
10961542
11256803
11538458
11834649
12115374
12401723
12692313
12990839
13269229
13580522
13846145
14161179
14423084
14737528
15000000
15318730
15576916
15893923
16153855
16473628
16730771
17038912
17307687
17617664
17884626
18178549
18461542
299252
576916
899501
1153855
1485057
1730771
2057664
2307687
2627574
2884626
3196893
3461542
3750317
4038458
4350930
4615374
4926009
5192313
5511338
5769229
6098186
6346145
6655646
6923084
7236122
7500000
7809751
8076916
8389206
8653855
8945034
9230771
9530272
9807687
10124036
10384626
10700658
10961542
11282290
11538458
11864921
12115374
12430045
12692313
12999932
13269229
13568594
13846145
14157687
14423084
14718503
15000000
15294172
15576916
15865941
16153855
16469546
16730771
17051474
17307687
17632472
17884626
18195601
18461542
275465
576916
884921
1153855
1467528
1730771
2040340
2307687
2594512
2884626
3184671
3461542
3762071
4038458
4316712
4615374
4911633
5192313
5493991
5769229
6076485
6346145
6639320
6923084
7205760
7500000
7778390
8076916
8371224
8653855
8937234
9230771
9527991
9807687
10122290
10384626
10708367
10961542
11273968
11538458
11832336
12115374
12394535
12692313
12998864
13269229
13555986
13846145
14156644
14423084
14732063
15000000
15310748
15576916
15882902
16153855
16442358
16730771
16999841
17307687
17603039
17884626
18179320
18461542
292442
576916
871565
1153855
1461474
1730771
2041927
2307687
2605170
2884626
3181565
3461542
3742222
4038458
4341927
4615374
4921406
5192313
5505533
5769229
6071066
6346145
6656621
6923084
7203810
7500000
7786667
8076916
8364263
8653855
8947324
9230771
9517007
9807687
10097279
10384626
10675760
10961542
11260023
11538458
11829546
12115374
12398571
12692313
12987415
13269229
13563719
13846145
14150771
14423084
14716190
15000000
15300091
15576916
15875941
16153855
16460159
16730771
17029819
17307687
17608231
17884626
18189093
18461542
0
0
0
0
0
0
0
0
0
0
0
0
0
0
0
0
0
0
0
0
0
0
0
0
0
0
0
0
0
0
0
0
0
0
0
0
0
0
0
0
0
0
0
0
0
0
0
0
0
0
0
0
0
0
0
0
0
0
0
0
0
0
0
0
0
0
0
0
0
0
0
0
0
0
0
0
0
0
0
0
0
0
0
0
0
0
0
0
0
0
0
0
0
0
0
0
0
0
0
0
0
0
0
0
0
0
0
0
0
0
0
0
0
0
0
0
0
0
0
0
0
0
0
0
0
0
0
0
0
0
0
0
0
0
0
0
0
0
0
0
0
0
0
0
0
0
0
0
0
0
0
0
0
0
0
0
0
0
0
0
0
0
0
0
0
0
0
0
0
0
0
0
0
0
0
0
0
0
0
0
0
0
0
0
0
0
0
0
0
0
0
0
0
0
0
0
0
0
0
0
0
0
0
0
0
0
0
0
0
0
0
0
0
0
0
0
0
0
0
0
0
0
0
0
0
0
0
0
0
0
0
0
0
0
0
0
0
0
0
0
0
0
0
0
0
0
0
0
0
0
0
0
0
0
0
0
0
0
0
0
0
0
0
0
0
0
0
0
0
0
0
0
0
0
0
0
0
0
0
0
0
0
0
0
0
0
0
0
0
0
0
0
0
0
0
0
0
0
0
0
0
0
0
0
0
0
0
0
0
0
0
0
0
0
0
0
0
0
0
0
0
0
0
0
0
0
0
0
0
0
0
0
0
0
0
0
0
0
0
0
0
0
0
0
0
0
0
0
0
0
0
0
0
0
0
0
0
0
0
0
0
0
0
0
0
0
0
0
0
0
0
0
0
0
0
0
0
0
0
0
0
0
0
0
0
0
0
0
0
0
0
0
0
0
0
0
0
0
0
0
0
0
0
0
0
0
0
0
0
0
0
0
0
0
0
0
0
0
0
0
0
0
0
0
0
0
0
0
0
0
0
0
0
0
0
0
0
0
0
0
0
0
0
0
0
0
0
0
0
0
0
0
0
0
0
0
0
0
0
0
0
0
0
0
0
0
0
0
0
0
0
0
0
0
0
0
0
0
0
0
0
0
0
0
0
0
0
0
0
0
0
0
0
0
0
0
0
0
0
0
0
0
0
0
0
0
0
0
0
0
0
0
0
0
0
0
0
0
0
0
0
0
0
0
0
0
0
0
0
0
0
0
0
0
0
0
0
0
0
0
0
0
0
0
0
0
0
0
0
0
0
0
0
0
0
0
0
0
0
0
0
0
0
0
0
0
0
0
0
0
0
0
0
0
0
0
165533
340907
513356
681814
852812
1022721
1192562
1363628
1545941
1704535
1885034
2045465
2216961
2386372
2563288
2727279
2899025
3068186
3233197
3409093
3591859
3750000
3931950
4090907
4265760
4431814
4616757
4772721
4961134
5113628
5303152
5454535
5637370
5795465
5967052
6136372
6310794
6477279
6648639
6818186
6994807
7159093
7316327
7500000
7664943
7840907
8023515
8181814
8343401
8522721
8695215
8863628
9026054
9204535
9380136
9545465
9718957
9886372
10066553
10227279
10412358
10568186
10748435
10909093
181474
340907
528481
681814
853900
1022721
1207778
1363628
1559955
1704535
1878345
2045465
2231610
2386372
2570385
2727279
2889751
3068186
3233469
3409093
3586077
3750000
3928390
4090907
4257234
4431814
4612812
4772721
4950930
5113628
5278844
5454535
5618390
5795465
5963810
6136372
6297800
6477279
6642698
6818186
6990204
7159093
7354966
7500000
7698050
7840907
8035964
8181814
8369637
8522721
8701247
8863628
9041156
9204535
9374331
9545465
9709546
9886372
10077755
10227279
10424240
10568186
10731156
10909093
166757
340907
517415
681814
862540
1022721
1175283
1363628
1542404
1704535
1917211
2045465
2245102
2386372
2584104
2727279
2913991
3068186
3251633
3409093
3580748
3750000
3914989
4090907
4262517
4431814
4612653
4772721
4957642
5113628
5291497
5454535
5626032
5795465
5975601
6136372
6315624
6477279
6645669
6818186
6990612
7159093
7349637
7500000
7672812
7840907
8020045
8181814
8364603
8522721
8701859
8863628
9047687
9204535
9383197
9545465
9729433
9886372
10058730
10227279
10415193
10568186
10748980
10909093
163175
340907
549864
681814
859365
1022721
1185918
1363628
1546100
1704535
1898322
2045465
2230468
2386372
2586667
2727279
2927324
3068186
3260204
3409093
3617619
3750000
3935873
4090907
4263197
4431814
4623175
4772721
4949773
5113628
5295646
5454535
5627842
5795465
5996213
6136372
6337007
6477279
6659819
6818186
7012041
7159093
7352494
7500000
7662426
7840907
8022857
8181814
8363696
8522721
8708957
8863628
9030091
9204535
9355805
9545465
9700317
9886372
10060091
10227279
10419796
10568186
10753832
10909093
200512
340907
544739
681814
875873
1022721
1214853
1363628
1548776
1704535
1892902
2045465
2231837
2386372
2589274
2727279
2921066
3068186
3252517
3409093
3597732
3750000
3945510
4090907
4278685
4431814
4619161
4772721
4953787
5113628
5291678
5454535
5636190
5795465
5955850
6136372
6311927
6477279
6658141
6818186
6982449
7159093
7333537
7500000
7652925
7840907
8028821
8181814
8361043
8522721
8706893
8863628
9050023
9204535
9380431
9545465
9717891
9886372
10054467
10227279
10404354
10568186
10751066
10909093
173689
340907
514036
681814
846281
1022721
1202177
1363628
1535488
1704535
1880159
2045465
2210497
2386372
2577642
2727279
2909728
3068186
3229796
3409093
3563107
3750000
3906440
4090907
4259977
4431814
4601497
4772721
4941927
5113628
5271406
5454535
5620091
5795465
5950726
6136372
6288503
6477279
6628912
6818186
6969592
7159093
7319093
7500000
7712449
7840907
8038390
8181814
8355828
8522721
8703741
8863628
9031451
9204535
9362472
9545465
9706327
9886372
10050703
10227279
10389184
10568186
10737007
10909093
151070
340907
513039
681814
845510
1022721
1183673
1363628
1539478
1704535
1891383
2045465
2240133
2386372
2571519
2727279
2907574
3068186
3234263
3409093
3567551
3750000
3907574
4090907
4247937
4431814
4612608
4772721
4959773
5113628
5304943
5454535
5636190
5795465
5982313
6136372
6337392
6477279
6648685
6818186
6994444
7159093
7349977
7500000
7685692
7840907
8035170
8181814
8381995
8522721
8729955
8863628
9062721
9204535
9389070
9545465
9726621
9886372
10063492
10227279
10403832
10568186
10746576
10909093
196245
340907
541293
681814
877098
1022721
1198707
1363628
1546077
1704535
1891361
2045465
2218662
2386372
2572449
2727279
2918186
3068186
3236190
3409093
3594150
3750000
3926440
4090907
4274649
4431814
4620726
4772721
4958345
5113628
5295941
5454535
5629738
5795465
5973265
6136372
6321701
6477279
6648413
6818186
6997120
7159093
7348435
7500000
7686689
7840907
8025329
8181814
8365850
8522721
8705374
8863628
9054853
9204535
9390023
9545465
9724898
9886372
10053810
10227279
10397914
10568186
10735828
10909093
170703
340907
538209
681814
857551
1022721
1203651
1363628
1537120
1704535
1891791
2045465
2239592
2386372
2587959
2727279
2924014
3068186
3261519
3409093
3590816
3750000
3930045
4090907
4276599
4431814
4619637
4772721
4965351
5113628
5297800
5454535
5632132
5795465
5983583
6136372
6319206
6477279
6665578
6818186
7000068
7159093
7335782
7500000
7683424
7840907
8019819
8181814
8357347
8522721
8699252
8863628
9046508
9204535
9392902
9545465
9722063
9886372
10056213
10227279
10391791
10568186
10745170
10909093
174244
340907
535850
681814
842290
1022721
1189728
1363628
1533197
1704535
1890227
2045465
2215533
2386372
2583197
2727279
2899184
3068186
3250249
3409093
3588844
3750000
3940249
4090907
4275442
4431814
4617143
4772721
4951406
5113628
5300771
5454535
5612460
5795465
5980454
6136372
6304558
6477279
6644762
6818186
6989977
7159093
7333855
7500000
7634150
7840907
8024444
8181814
8341134
8522721
8704036
8863628
9038027
9204535
9389615
9545465
9722812
9886372
10077256
10227279
10422472
10568186
10762948
10909093
172426
340907
504558
681814
860000
1022721
1210771
1363628
1560340
1704535
1908186
2045465
2250587
2386372
2598345
2727279
2936712
3068186
3267370
3409093
3614014
3750000
3956485
4090907
4296304
4431814
4632766
4772721
4962653
5113628
5301315
5454535
5636576
5795465
5982948
6136372
6319705
6477279
6662698
6818186
7014989
7159093
7354943
7500000
7672051
7840907
8025488
8181814
8362902
8522721
8704921
8863628
9054671
9204535
9400726
9545465
9743878
9886372
10090635
10227279
10423741
10568186
10762381
10909093
0
0
0
0
0
0
0
0
0
0
0
0
0
0
0
0
0
0
0
0
0
0
0
0
0
0
0
0
0
0
0
0
0
0
0
0
0
0
0
0
0
0
0
0
0
0
0
0
0
0
0
0
0
0
0
0
0
0
0
0
0
0
0
0
0
0
0
0
0
0
0
0
0
0
0
0
0
0
0
0
0
0
0
0
0
0
0
0
0
0
0
0
0
0
0
0
0
0
0
0
0
0
0
0
0
0
0
0
0
0
0
0
0
0
0
0
0
0
0
0
0
0
0
0
0
0
0
0
0
0
0
0
0
0
0
0
0
0
0
0
0
0
0
0
0
0
0
0
0
0
0
0
0
0
0
0
0
0
0
0
0
0
0
0
0
0
0
0
0
0
0
0
0
0
0
0
0
0
0
0
0
0
0
0
0
0
0
0
0
0
0
0
0
0
0
0
0
0
0
0
0
0
0
0
0
0
0
0
0
0
0
0
0
0
0
0
0
0
0
0
0
0
0
0
0
0
0
0
0
0
0
0
0
0
0
0
0
0
0
0
0
0
0
0
0
0
0
0
0
0
0
0
0
0
0
0
0
0
0
0
0
0
0
0
0
0
0
0
0
0
0
0
0
0
0
0
0
0
0
0
0
0
0
0
0
0
0
0
0
0
0
0
0
0
0
0
0
0
0
0
0
0
0
0
0
0
0
0
0
0
0
0
0
0
0
0
0
0
0
0
0
0
0
0
0
0
0
0
0
0
0
0
0
0
0
0
0
0
0
0
0
0
0
0
0
0
0
0
0
0
0
0
0
0
0
0
0
0
0
0
0
0
0
0
0
0
0
0
0
0
0
0
0
0
0
0
0
0
0
0
0
0
0
0
0
0
0
0
0
0
0
0
0
0
0
0
0
0
0
0
0
0
0
0
0
0
0
0
0
0
0
0
0
0
0
0
0
0
0
0
0
0
0
0
0
0
0
0
0
0
0
0
0
0
0
0
0
0
0
0
0
0
0
0
0
0
0
0
0
0
0
0
0
0
0
0
0
0
0
0
0
0
0
0
0
0
0
0
0
0
0
0
0
0
0
0
0
0
0
0
0
0
0
0
0
0
0
0
0
0
0
0
0
0
0
0
0
0
0
0
0
0
0
0
0
0
0
0
0
0
0
0
0
0
0
0
0
0
0
0
0
0
0
0
0
0
0
0
0
0
0
0
0
0
0
0
0
0
0
0
0
0
0
0
0
0
0
0
0
0
0
0
0
0
0
0
0
0
0
0
0
0
0
0
0
0
0
0
0
0
0
0
0
0
0
0
355
120
309
155
267
145
353
181
313
157
289
155
221
101
326
176
359
207
302
167
313
164
297
158
351
176
363
189
327
164
340
183
269
118
219
114
328
180
291
134
293
157
293
156
301
135
319
169
261
113
297
154
370
177
332
171
310
153
279
158
360
172
255
136
513
138
388
113
376
123
383
153
338
132
354
127
348
115
321
132
299
112
332
118
409
130
415
117
417
129
332
117
339
111
459
151
473
139
369
146
397
144
298
115
392
134
302
117
367
133
313
138
355
154
260
116
318
108
341
115
364
138
376
118
288
101
339
126
452
124
377
122
307
105
294
104
304
115
282
102
453
131
286
108
335
147
320
99
354
93
340
111
354
118
335
121
430
147
368
121
438
106
332
84
365
94
348
105
366
109
371
99
422
98
316
78
307
69
417
99
378
92
345
99
323
76
401
112
350
81
364
99
353
122
206
112
253
121
300
137
311
156
315
141
383
129
264
142
441
219
311
148
325
139
316
145
362
177
302
153
312
148
386
209
409
140
213
104
294
135
268
127
285
124
294
135
409
140
222
114
458
228
229
112
246
112
354
163
327
169
295
159
278
162
341
186
667
232
705
254
757
282
737
267
728
266
815
317
699
209
698
244
1055
344
744
256
785
300
719
280
835
294
688
270
798
299
818
270
625
154
572
216
567
223
716
264
748
246
686
246
677
222
736
240
715
240
841
268
831
260
773
239
845
286
829
300
821
271
766
259
1008
349
454
205
848
355
733
317
803
328
790
276
988
339
778
293
795
268
837
306
774
289
1062
422
870
339
860
347
918
360
895
360
1212
431
532
234
706
273
745
311
873
348
702
275
1102
367
834
308
818
308
956
327
978
401
770
276
892
276
802
255
902
298
1122
377
787
253
936
379
1004
413
982
428
962
404
965
392
966
304
1120
469
990
403
1068
438
1104
411
958
378
977
402
817
352
875
360
950
383
971
295
826
390
835
381
923
386
820
368
1000
408
1063
345
989
401
1050
419
922
396
1043
404
1166
465
901
385
1056
416
880
396
925
389
1519
662
861
459
660
363
835
429
937
440
959
468
1011
450
910
427
754
360
1084
490
1123
513
929
431
1247
569
991
449
964
471
1021
478
910
412
1014
468
1084
496
867
403
823
386
771
355
1187
513
974
449
1272
578
1074
501
1114
534
981
476
893
425
1168
531
1059
504
1010
454
1530
581
1242
610
1423
703
1227
604
1258
600
1480
690
1365
549
1351
652
1368
661
1115
571
1599
789
1307
638
1279
623
1440
681
1307
630
1492
670
869
312
720
402
1145
569
1330
652
1361
674
1627
745
1149
453
1418
662
1237
616
1014
492
1492
699
1959
900
1686
809
1775
866
1860
971
1702
849
1143
699
999
596
1349
760
1433
795
1615
830
1004
578
1051
559
1512
777
1462
778
937
554
1065
624
1111
622
1218
654
1280
674
1143
628
1461
762
1481
656
1841
972
1200
711
1158
675
1237
681
1386
711
1222
660
1210
678
996
604
1075
638
999
602
1307
748
1326
735
1314
699
1604
860
1229
685
1495
467
852
355
1414
596
1298
575
1596
651
1143
493
1422
471
1641
719
1691
732
1241
594
1325
608
1238
590
1373
594
1785
718
1428
615
2189
861
1299
491
1642
743
1656
718
1159
567
1066
523
1777
769
1293
558
932
464
1560
706
1337
618
1937
833
1511
674
1643
725
1764
754
1739
757
1681
774
0
0
0
0
0
0
0
0
0
0
0
0
0
0
0
0
0
0
0
0
0
0
0
0
0
0
0
0
0
0
0
0
0
0
0
0
0
0
0
0
0
0
0
0
0
0
0
0
0
0
0
0
0
0
0
0
0
0
0
0
0
0
0
0
0
0
0
0
0
0
0
0
0
0
0
0
0
0
0
0
0
0
0
0
0
0
0
0
0
0
0
0
0
0
0
0
0
0
0
0
0
0
0
0
0
0
0
0
0
0
0
0
0
0
0
0
0
0
0
0
0
0
0
0
0
0
0
0
0
0
0
0
0
0
0
0
0
0
0
0
0
0
0
0
0
0
0
0
0
0
0
0
0
0
0
0
0
0
0
0
0
0
0
0
0
0
0
0
0
0
0
0
0
0
0
0
0
0
0
0
0
0
0
0
0
0
0
0
0
0
0
0
0
0
0
0
0
0
0
0
0
0
0
0
0
0
0
0
0
0
0
0
0
0
0
0
0
0
0
0
0
0
0
0
0
0
0
0
0
0
0
0
0
0
0
0
0
0
0
0
0
0
0
0
0
0
0
0
0
0
0
0
0
0
0
0
0
0
0
0
0
0
0
0
0
0
0
0
0
0
0
0
0
0
0
0
0
0
0
0
0
0
0
0
0
0
0
0
0
0
0
0
0
0
0
0
0
0
0
0
0
0
0
0
0
0
0
0
0
0
0
0
0
0
0
0
0
0
0
0
0
0
0
0
0
0
0
0
0
0
0
0
0
0
0
0
0
0
0
0
0
0
0
0
0
0
0
0
0
0
0
0
0
0
0
0
0
0
0
0
0
0
0
0
0
0
0
0
0
0
0
0
0
0
0
0
0
0
0
0
0
0
0
0
0
0
0
0
0
0
0
0
0
0
0
0
0
0
0
0
0
0
0
0
0
0
0
0
0
0
0
0
0
0
0
0
0
0
0
0
0
0
0
0
0
0
0
0
0
0
0
0
0
0
0
0
0
0
0
0
0
0
0
0
0
0
0
0
0
0
0
0
0
0
0
0
0
0
0
0
0
0
0
0
0
0
0
0
0
0
0
0
0
0
0
0
0
0
0
0
0
0
0
0
0
0
0
0
0
0
0
0
0
0
0
0
0
0
0
0
0
0
0
0
0
0
0
0
0
0
0
0
0
0
0
0
0
0
0
0
0
0
0
0
0
0
0
0
0
0
0
0
0
0
0
0
0
0
0
0
0
0
0
0
0
0
0
0
0
0
0
0
0
0
0
0
0
0
0
0
0
0
0
0
0
0
0
0
0
0
0
0
0
0
0
0
575
157
396
193
451
208
401
196
439
230
409
212
518
159
377
199
385
198
413
213
408
243
436
231
417
223
322
177
588
287
451
228
663
191
337
177
455
217
357
161
408
222
428
215
487
139
414
212
380
175
414
192
461
208
486
237
397
223
455
257
500
253
499
257
508
246
407
236
372
209
398
215
364
213
413
247
462
249
303
182
334
177
358
214
445
244
402
246
448
256
395
228
426
221
297
162
350
157
244
142
305
172
375
205
489
274
376
246
501
283
355
205
270
149
311
173
331
190
323
174
414
231
435
239
324
164
353
201
549
186
504
244
419
217
243
129
357
173
427
228
528
213
371
196
424
211
505
222
424
210
417
182
471
202
472
202
455
219
540
223
468
176
458
224
459
219
477
227
501
244
504
248
499
187
463
217
434
219
448
207
450
207
380
192
495
240
489
240
453
213
414
209
383
270
287
189
285
202
298
204
436
307
342
225
487
302
323
168
375
219
349
221
344
238
359
206
472
338
563
386
399
322
457
325
402
246
307
215
363
253
289
188
344
235
354
233
411
214
298
184
409
235
286
157
351
207
317
187
353
235
501
347
544
401
516
322
564
418
441
321
469
346
436
325
524
382
504
359
503
317
459
331
402
290
379
272
528
377
560
391
511
370
480
347
560
394
446
324
532
281
516
364
425
310
460
338
526
364
543
374
717
327
505
374
471
349
544
391
484
360
571
401
625
429
596
413
574
405
539
374
939
439
798
478
707
409
758
464
900
538
859
499
904
433
769
487
539
335
796
420
669
356
894
492
810
466
874
506
793
474
984
549
999
541
896
532
696
416
818
480
910
529
844
473
847
558
772
500
728
428
497
302
637
365
634
361
844
460
808
446
794
419
739
430
962
475
821
512
754
458
781
498
836
513
800
518
1013
570
869
545
751
476
686
425
795
467
852
493
905
519
848
531
693
430
779
503
1060
531
875
559
537
368
855
529
1002
637
904
592
861
420
620
432
929
642
737
514
422
310
846
534
840
524
915
552
1043
635
939
568
852
439
1012
621
1088
650
1207
679
934
565
782
490
1173
449
1298
709
768
483
877
503
1054
650
837
503
799
496
1009
607
1221
710
1064
627
1383
678
1214
704
1139
698
1257
733
1234
737
1125
697
1236
646
1239
762
1105
677
1185
719
1017
635
1232
753
1053
638
1073
627
1024
599
1246
732
1025
586
1165
789
922
610
789
533
1029
655
1196
791
782
465
1299
874
1030
706
1041
702
1161
757
1074
715
939
643
1075
724
1329
893
1225
816
991
586
915
599
1254
776
1126
700
1169
765
1271
791
1260
743
1416
946
1325
885
1224
825
1319
895
991
696
1085
745
1047
717
1233
808
1236
851
1799
974
1081
746
1364
851
1272
822
1347
861
934
677
1245
783
1133
837
910
653
1570
1121
1596
1193
1641
1242
1221
915
1062
776
1027
764
1398
1004
1305
924
950
657
1320
861
1096
738
1541
971
1281
875
1362
729
762
570
1219
822
1077
753
1475
1021
1160
849
1313
942
929
727
857
659
1199
901
1799
606
1164
658
1354
797
1261
821
1537
1043
1358
953
1472
505
1358
894
1326
893
1338
866
1118
749
1093
744
1313
878
828
559
1170
750
1502
953
1681
639
1492
940
1483
940
1148
763
1215
845
1507
991
1461
610
1616
1008
1265
814
975
637
1837
1182
1541
1014
2037
1351
1598
1079
1524
1006
1466
977
0
0
0
0
0
0
0
0
0
0
0
0
0
0
0
0
0
0
0
0
0
0
0
0
0
0
0
0
0
0
0
0
0
0
0
0
0
0
0
0
0
0
0
0
0
0
0
0
0
0
0
0
0
0
0
0
0
0
0
0
0
0
0
0
0
0
0
0
0
0
0
0
0
0
0
0
0
0
0
0
0
0
0
0
0
0
0
0
0
0
0
0
0
0
0
0
0
0
0
0
0
0
0
0
0
0
0
0
0
0
0
0
0
0
0
0
0
0
0
0
0
0
0
0
0
0
0
0
0
0
0
0
0
0
0
0
0
0
0
0
0
0
0
0
0
0
0
0
0
0
0
0
0
0
0
0
0
0
0
0
0
0
0
0
0
0
0
0
0
0
0
0
0
0
0
0
0
0
0
0
0
0
0
0
0
0
0
0
0
0
0
0
0
0
0
0
0
0
0
0
0
0
0
0
0
0
0
0
0
0
0
0
0
0
0
0
0
0
0
0
0
0
0
0
0
0
0
0
0
0
0
0
0
0
0
0
0
0
0
0
0
0
0
0
0
0
0
0
0
0
0
0
0
0
0
0
0
0
0
0
0
0
0
0
0
0
0
0
0
0
0
0
0
0
0
0
0
0
0
0
0
0
0
0
0
0
0
0
0
0
0
0
0
0
0
0
0
0
0
0
0
0
0
0
0
0
0
0
0
0
0
0
0
0
0
0
0
0
0
0
0
0
0
0
0
0
0
0
0
0
0
0
0
0
0
0
0
0
0
0
0
0
0
0
0
0
0
0
0
0
0
0
0
0
0
0
0
0
0
0
0
0
0
0
0
0
0
0
0
0
0
0
0
0
0
0
0
0
0
0
0
0
0
0
0
0
0
0
0
0
0
0
0
0
0
0
0
0
0
0
0
0
0
0
0
0
0
0
0
0
0
0
0
0
0
0
0
0
0
0
0
0
0
0
0
0
0
0
0
0
0
0
0
0
0
0
0
0
0
0
0
0
0
0
0
0
0
0
0
0
0
0
0
0
0
0
0
0
0
0
0
0
0
0
0
0
0
0
0
0
0
0
0
0
0
0
0
0
0
0
0
0
0
0
0
0
0
0
0
0
0
0
0
0
0
0
0
0
0
0
0
0
0
0
0
0
0
0
0
0
0
0
0
0
0
0
0
0
0
0
0
0
0
0
0
0
0
0
0
0
0
0
0
0
0
0
0
0
0
0
0
0
0
0
0
0
0
0
0
0
0
0
0
0
0
0
0
0
0
0
0
0
0
0
0
0
0
0
0
0
0
0
0
0
0
0
20
20
20
20
20
20
20
20
20
20
20
20
20
20
20
20
20
20
20
20
20
20
20
20
20
20
20
20
20
20
20
20
20
20
20
20
20
20
20
20
20
20
20
20
20
20
20
20
20
20
20
20
20
20
20
20
20
20
20
20
20
20
20
20
46
46
46
46
46
46
46
46
46
46
46
46
46
46
46
46
46
46
46
46
46
46
46
46
46
46
46
46
46
46
46
46
46
46
46
46
46
46
46
46
46
46
46
46
46
46
46
46
46
46
46
46
46
46
46
46
46
46
46
46
46
46
46
46
46
46
46
46
46
46
46
46
46
46
46
46
46
46
46
46
46
46
46
46
46
46
46
46
46
46
46
46
46
46
46
46
46
46
46
46
46
46
46
46
46
46
46
46
46
46
46
46
46
46
46
46
46
46
46
46
46
46
46
46
46
46
46
46
46
46
46
46
46
46
46
46
46
46
46
46
46
46
46
46
46
46
46
46
46
46
46
46
46
46
46
46
46
46
46
46
46
46
46
46
46
46
46
46
46
46
46
46
46
46
46
46
46
46
46
46
46
46
46
46
46
46
46
46
46
46
46
46
46
46
46
46
46
46
46
46
46
46
46
46
46
46
46
46
46
46
46
46
46
46
46
46
46
46
46
46
46
46
46
46
46
46
46
46
46
46
46
46
46
46
46
46
46
46
46
46
46
46
46
46
46
46
46
46
46
46
46
46
46
46
46
46
46
46
46
46
46
46
46
46
46
46
46
46
46
46
46
46
46
46
46
46
46
46
46
46
46
46
46
46
46
46
46
46
46
46
46
46
46
46
46
46
46
46
46
46
46
46
46
46
46
46
46
46
46
46
46
46
46
46
46
46
46
46
46
46
46
46
46
46
46
46
46
46
46
46
46
46
46
46
46
46
46
46
46
46
46
46
46
46
46
46
46
46
46
46
46
46
46
46
46
46
46
46
46
46
46
46
46
46
46
46
46
46
46
46
46
46
46
46
46
46
46
46
46
46
46
46
46
46
46
46
46
46
46
46
46
46
46
46
46
46
46
46
46
46
46
46
46
46
46
46
46
46
46
46
46
46
46
46
46
46
46
46
46
46
46
46
46
46
46
46
46
46
46
46
46
46
46
46
46
46
46
46
46
46
46
46
46
46
46
46
46
46
46
46
46
46
46
46
46
46
46
46
46
46
46
46
46
46
46
46
46
46
46
46
46
46
46
46
46
46
46
46
46
46
46
46
46
46
46
46
46
46
46
46
46
46
46
46
46
46
46
46
46
46
46
46
46
46
46
46
46
46
46
46
46
46
46
46
46
46
46
46
46
46
46
46
46
46
46
46
46
46
46
46
46
46
46
46
46
46
46
46
46
46
46
46
46
46
46
46
46
46
46
46
46
46
46
46
46
46
46
46
46
46
46
46
46
46
46
46
46
46
46
46
46
46
46
46
46
46
46
46
46
46
46
46
46
46
46
46
46
46
46
46
46
46
46
46
46
46
46
46
46
46
46
46
46
46
46
46
46
46
46
46
46
46
46
46
46
46
46
46
46
46
46
46
46
46
46
46
46
46
46
46
46
46
46
46
46
46
46
46
46
46
20
20
20
20
20
20
20
20
20
20
20
20
20
20
20
20
20
20
20
20
20
20
20
20
20
20
20
20
20
20
20
20
46
46
46
46
46
46
46
46
46
46
46
46
46
46
46
46
46
46
46
46
46
46
46
46
46
46
46
46
46
46
46
46
46
46
46
46
46
46
46
46
46
46
46
46
46
46
46
46
46
46
46
46
46
46
46
46
46
46
46
46
46
46
46
46
46
46
46
46
46
46
46
46
46
46
46
46
46
46
46
46
46
46
46
46
46
46
46
46
46
46
46
46
46
46
46
46
46
46
46
46
46
46
46
46
46
46
46
46
46
46
46
46
46
46
46
46
46
46
46
46
46
46
46
46
46
46
46
46
46
46
46
46
46
46
46
46
46
46
46
46
46
46
46
46
46
46
46
46
46
46
46
46
46
46
46
46
46
46
46
46
46
46
46
46
46
46
46
46
46
46
46
46
46
46
46
46
46
46
46
46
46
46
46
46
46
46
46
46
46
46
46
46
46
46
46
46
46
46
46
46
46
46
46
46
46
46
46
46
46
46
46
46
46
46
46
46
46
46
46
46
46
46
46
46
46
46
46
46
46
46
46
46
46
46
46
46
46
46
46
46
46
46
46
46
46
46
46
46
46
46
46
46
46
46
46
46
46
46
46
46
46
46
46
46
46
46
46
46
46
46
46
46
46
46
46
46
46
46
46
46
46
46
46
46
46
46
46
46
46
46
46
46
46
46
46
46
46
46
46
46
46
46
46
46
46
46
46
46
46
46
46
46
46
46
46
46
46
46
46
46
46
46
46
46
46
46
46
46
46
46
46
46
46
46
46
46
46
46
46
46
46
46
46
46
46
46
46
46
46
46
46
46
46
46
46
46
46
46
46
46
46
46
46
46
46
46
46
46
46
46
46
46
46
46
46
46
46
46
46
46
46
46
46
46
46
46
46
46
46
46
46
46
46
46
46
46
46
46
46
46
46
46
46
46
46
46
46
46
46
46
46
46
46
46
46
46
46
46
46
46
46
46
46
46
46
46
46
46
46
46
46
46
46
46
46
46
46
46
46
46
46
46
46
46
46
46
46
46
46
46
46
46
46
46
46
46
46
46
46
46
46
46
46
46
46
46
46
46
46
46
46
46
46
46
46
46
46
46
46
46
46
46
46
46
46
46
46
46
46
46
46
46
46
46
46
46
46
46
46
46
46
46
46
46
46
46
46
46
46
46
46
46
46
46
46
46
46
46
46
46
46
46
46
46
46
46
46
46
46
46
46
46
46
46
46
46
46
46
46
46
46
46
46
46
46
46
46
46
46
46
46
46
46
46
46
46
46
46
46
46
46
46
46
46
46
46
46
46
46
46
46
46
46
46
46
46
46
46
46
46
46
46
46
46
46
46
46
46
46
46
46
46
46
46
46
46
46
46
46
46
46
46
46
46
46
46
46
46
46
46
46
46
46
46
46
46
46
46
46
46
46
46
46
46
46
46
46
46
46
46
46
46
46
46
46
46
46
46
46
46
20
20
20
20
20
20
20
20
20
20
20
20
20
20
20
20
20
20
20
20
20
20
20
20
20
20
20
20
20
20
20
20
20
20
20
20
20
20
20
20
20
20
20
20
20
20
20
20
20
20
20
20
20
20
20
20
20
20
20
20
20
20
20
20
46
46
46
46
46
46
46
46
46
46
46
46
46
46
46
46
46
46
46
46
46
46
46
46
46
46
46
46
46
46
46
46
46
46
46
46
46
46
46
46
46
46
46
46
46
46
46
46
46
46
46
46
46
46
46
46
46
46
46
46
46
46
46
46
46
46
46
46
46
46
46
46
46
46
46
46
46
46
46
46
46
46
46
46
46
46
46
46
46
46
46
46
46
46
46
46
46
46
46
46
46
46
46
46
46
46
46
46
46
46
46
46
46
46
46
46
46
46
46
46
46
46
46
46
46
46
46
46
46
46
46
46
46
46
46
46
46
46
46
46
46
46
46
46
46
46
46
46
46
46
46
46
46
46
46
46
46
46
46
46
46
46
46
46
46
46
46
46
46
46
46
46
46
46
46
46
46
46
46
46
46
46
46
46
46
46
46
46
46
46
46
46
46
46
46
46
46
46
46
46
46
46
46
46
46
46
46
46
46
46
46
46
46
46
46
46
46
46
46
46
46
46
46
46
46
46
46
46
46
46
46
46
46
46
46
46
46
46
46
46
46
46
46
46
46
46
46
46
46
46
46
46
46
46
46
46
46
46
46
46
46
46
46
46
46
46
46
46
46
46
46
46
46
46
46
46
46
46
46
46
46
46
46
46
46
46
46
46
46
46
46
46
46
46
46
46
46
46
46
46
46
46
46
46
46
46
46
46
46
46
46
46
46
46
46
46
46
46
46
46
46
46
46
46
46
46
46
46
46
46
46
46
46
46
46
46
46
46
46
46
46
46
46
46
46
46
46
46
46
46
46
46
46
46
46
46
46
46
46
46
46
46
46
46
46
46
46
46
46
46
46
46
46
46
46
46
46
46
46
46
46
46
46
46
46
46
46
46
46
46
46
46
46
46
46
46
46
46
46
46
46
46
46
46
46
46
46
46
46
46
46
46
46
46
46
46
46
46
46
46
46
46
46
46
46
46
46
46
46
46
46
46
46
46
46
46
46
46
46
46
46
46
46
46
46
46
46
46
46
46
46
46
46
46
46
46
46
46
46
46
46
46
46
46
46
46
46
46
46
46
46
46
46
46
46
46
46
46
46
46
46
46
46
46
46
46
46
46
46
46
46
46
46
46
46
46
46
46
46
46
46
46
46
46
46
46
46
46
46
46
46
46
46
46
46
46
46
46
46
46
46
46
46
46
46
46
46
46
46
46
46
46
46
46
46
46
46
46
46
46
46
46
46
46
46
46
46
46
46
46
46
46
46
46
46
46
46
46
46
46
46
46
46
46
46
46
46
46
46
46
46
46
46
46
46
46
46
46
46
46
46
46
46
46
46
46
46
46
46
46
46
46
46
46
46
46
46
46
46
46
46
46
46
46
46
46
46
46
46
46
46
46
46
46
46
46
46
46
46
46
46
46
46
46
46
46
46
46
46
46
46
46
46
46
46
46
46
46
46
46
20
20
20
20
20
20
20
20
20
20
20
20
20
20
20
20
20
20
20
20
20
20
20
20
20
20
20
20
20
20
20
20
20
20
20
20
20
20
20
20
20
20
20
20
20
20
20
20
20
20
20
20
20
20
20
20
20
20
20
20
20
20
20
20
46
46
46
46
46
46
46
46
46
46
46
46
46
46
46
46
46
46
46
46
46
46
46
46
46
46
46
46
46
46
46
46
46
46
46
46
46
46
46
46
46
46
46
46
46
46
46
46
46
46
46
46
46
46
46
46
46
46
46
46
46
46
46
46
46
46
46
46
46
46
46
46
46
46
46
46
46
46
46
46
46
46
46
46
46
46
46
46
46
46
46
46
46
46
46
46
46
46
46
46
46
46
46
46
46
46
46
46
46
46
46
46
46
46
46
46
46
46
46
46
46
46
46
46
46
46
46
46
46
46
46
46
46
46
46
46
46
46
46
46
46
46
46
46
46
46
46
46
46
46
46
46
46
46
46
46
46
46
46
46
46
46
46
46
46
46
46
46
46
46
46
46
46
46
46
46
46
46
46
46
46
46
46
46
46
46
46
46
46
46
46
46
46
46
46
46
46
46
46
46
46
46
46
46
46
46
46
46
46
46
46
46
46
46
46
46
46
46
46
46
46
46
46
46
46
46
46
46
46
46
46
46
46
46
46
46
46
46
46
46
46
46
46
46
46
46
46
46
46
46
46
46
46
46
46
46
46
46
46
46
46
46
46
46
46
46
46
46
46
46
46
46
46
46
46
46
46
46
46
46
46
46
46
46
46
46
46
46
46
46
46
46
46
46
46
46
46
46
46
46
46
46
46
46
46
46
46
46
46
46
46
46
46
46
46
46
46
46
46
46
46
46
46
46
46
46
46
46
46
46
46
46
46
46
46
46
46
46
46
46
46
46
46
46
46
46
46
46
46
46
46
46
46
46
46
46
46
46
46
46
46
46
46
46
46
46
46
46
46
46
46
46
46
46
46
46
46
46
46
46
46
46
46
46
46
46
46
46
46
46
46
46
46
46
46
46
46
46
46
46
46
46
46
46
46
46
46
46
46
46
46
46
46
46
46
46
46
46
46
46
46
46
46
46
46
46
46
46
46
46
46
46
46
46
46
46
46
46
46
46
46
46
46
46
46
46
46
46
46
46
46
46
46
46
46
46
46
46
46
46
46
46
46
46
46
46
46
46
46
46
46
46
46
46
46
46
46
46
46
46
46
46
46
46
46
46
46
46
46
46
46
46
46
46
46
46
46
46
46
46
46
46
46
46
46
46
46
46
46
46
46
46
46
46
46
46
46
46
46
46
46
46
46
46
46
46
46
46
46
46
46
46
46
46
46
46
46
46
46
46
46
46
46
46
46
46
46
46
46
46
46
46
46
46
46
46
46
46
46
46
46
46
46
46
46
46
46
46
46
46
46
46
46
46
46
46
46
46
46
46
46
46
46
46
46
46
46
46
46
46
46
46
46
46
46
46
46
46
46
46
46
46
46
46
46
46
46
46
46
46
46
46
46
46
46
46
46
46
46
46
46
46
46
46
46
46
46
46
46
46
46
46
46
46
46
46
46
46
46
46
20
20
20
20
20
20
20
20
20
20
20
20
20
20
20
20
20
20
20
20
20
20
20
20
20
20
20
20
20
20
20
20
20
20
20
20
20
20
20
20
20
20
20
20
20
20
20
20
20
20
20
20
20
20
20
20
20
20
20
20
20
20
20
20
46
46
46
46
46
46
46
46
46
46
46
46
46
46
46
46
46
46
46
46
46
46
46
46
46
46
46
46
46
46
46
46
46
46
46
46
46
46
46
46
46
46
46
46
46
46
46
46
46
46
46
46
46
46
46
46
46
46
46
46
46
46
46
46
46
46
46
46
46
46
46
46
46
46
46
46
46
46
46
46
46
46
46
46
46
46
46
46
46
46
46
46
46
46
46
46
46
46
46
46
46
46
46
46
46
46
46
46
46
46
46
46
46
46
46
46
46
46
46
46
46
46
46
46
46
46
46
46
46
46
46
46
46
46
46
46
46
46
46
46
46
46
46
46
46
46
46
46
46
46
46
46
46
46
46
46
46
46
46
46
46
46
46
46
46
46
46
46
46
46
46
46
46
46
46
46
46
46
46
46
46
46
46
46
46
46
46
46
46
46
46
46
46
46
46
46
46
46
46
46
46
46
46
46
46
46
46
46
46
46
46
46
46
46
46
46
46
46
46
46
46
46
46
46
46
46
46
46
46
46
46
46
46
46
46
46
46
46
46
46
46
46
46
46
46
46
46
46
46
46
46
46
46
46
46
46
46
46
46
46
46
46
46
46
46
46
46
46
46
46
46
46
46
46
46
46
46
46
46
46
46
46
46
46
46
46
46
46
46
46
46
46
46
46
46
46
46
46
46
46
46
46
46
46
46
46
46
46
46
46
46
46
46
46
46
46
46
46
46
46
46
46
46
46
46
46
46
46
46
46
46
46
46
46
46
46
46
46
46
46
46
46
46
46
46
46
46
46
46
46
46
46
46
46
46
46
46
46
46
46
46
46
46
46
46
46
46
46
46
46
46
46
46
46
46
46
46
46
46
46
46
46
46
46
46
46
46
46
46
46
46
46
46
46
46
46
46
46
46
46
46
46
46
46
46
46
46
46
46
46
46
46
46
46
46
46
46
46
46
46
46
46
46
46
46
46
46
46
46
46
46
46
46
46
46
46
46
46
46
46
46
46
46
46
46
46
46
46
46
46
46
46
46
46
46
46
46
46
46
46
46
46
46
46
46
46
46
46
46
46
46
46
46
46
46
46
46
46
46
46
46
46
46
46
46
46
46
46
46
46
46
46
46
46
46
46
46
46
46
46
46
46
46
46
46
46
46
46
46
46
46
46
46
46
46
46
46
46
46
46
46
46
46
46
46
46
46
46
46
46
46
46
46
46
46
46
46
46
46
46
46
46
46
46
46
46
46
46
46
46
46
46
46
46
46
46
46
46
46
46
46
46
46
46
46
46
46
46
46
46
46
46
46
46
46
46
46
46
46
46
46
46
46
46
46
46
46
46
46
46
46
46
46
46
46
46
46
46
46
46
46
46
46
46
46
46
46
46
46
46
46
46
46
46
46
46
46
46
46
46
46
46
46
46
46
46
46
46
46
46
46
46
46
46
46
46
46
46
46
46
20
20
20
20
20
20
20
20
20
20
20
20
20
20
20
20
20
20
20
20
20
20
20
20
20
20
20
20
20
20
20
20
20
20
20
20
20
20
20
20
20
20
20
20
20
20
20
20
20
20
20
20
20
20
20
20
20
20
20
20
20
20
20
20
46
46
46
46
46
46
46
46
46
46
46
46
46
46
46
46
46
46
46
46
46
46
46
46
46
46
46
46
46
46
46
46
46
46
46
46
46
46
46
46
46
46
46
46
46
46
46
46
46
46
46
46
46
46
46
46
46
46
46
46
46
46
46
46
46
46
46
46
46
46
46
46
46
46
46
46
46
46
46
46
46
46
46
46
46
46
46
46
46
46
46
46
46
46
46
46
46
46
46
46
46
46
46
46
46
46
46
46
46
46
46
46
46
46
46
46
46
46
46
46
46
46
46
46
46
46
46
46
46
46
46
46
46
46
46
46
46
46
46
46
46
46
46
46
46
46
46
46
46
46
46
46
46
46
46
46
46
46
46
46
46
46
46
46
46
46
46
46
46
46
46
46
46
46
46
46
46
46
46
46
46
46
46
46
46
46
46
46
46
46
46
46
46
46
46
46
46
46
46
46
46
46
46
46
46
46
46
46
46
46
46
46
46
46
46
46
46
46
46
46
46
46
46
46
46
46
46
46
46
46
46
46
46
46
46
46
46
46
46
46
46
46
46
46
46
46
46
46
46
46
46
46
46
46
46
46
46
46
46
46
46
46
46
46
46
46
46
46
46
46
46
46
46
46
46
46
46
46
46
46
46
46
46
46
46
46
46
46
