%pattern_sourcedata
4
4
4
0
0
32
-52
0
52
88
0
1
0
0
0
0
6
99
0
0
0
0
0
0
0
0
0
68
-1
-1
0
0
0
50
0
0
1
127
0
0
1
0
0
1
0
0
0
0
0
0
0
0
0
0
0
0
0
0
0
0
1
0
1
0
1
0
1
0
1
0
1
0
1
0
1
0
1
0
1
0
1
0
1
0
1
0
1
0
1
0
1
1
1
0
1
0
1
0
1
0
1
0
1
0
1
0
1
0
1
0
1
0
1
0
1
0
1
0
1
0
1
0
1
1
17
0
30
0
0
0
0
0
0
0
0
0
0
0
0
0
0
0
0
0
0
0
0
0
0
0
0
0
0
0
0
10
290454
576916
885805
1153855
1455964
1730771
2057506
2307687
2607574
2884626
3209637
3461542
3755941
4038458
4337029
4615374
4917619
5192313
5491973
5769229
6056667
6346145
5491973
6923084
7227483
7500000
7827211
8076916
8406508
8653855
8968980
10108095
9540113
9807687
10094036
10384626
10683900
10961542
11280295
11538458
11842812
12115374
12443016
12692313
12999864
13269229
13583810
13846145
14148617
14423084
14743197
15000000
15312721
15576916
15916576
16153855
16465283
16730771
17050839
17307687
17597347
17884626
18209410
18796844
7191565
576916
2595782
1153855
1454580
1730771
2023039
2307687
2595782
2884626
3188481
3461542
3768435
4038458
4335646
4615374
4889887
5192313
5482789
5769229
6059819
6346145
6624739
6923084
7191565
7500000
7784671
8076916
8371859
8653855
8934399
9225261
9506009
9807687
10084512
10384626
13005125
10961542
11247143
11538458
11850726
12115374
12412063
12692313
13005125
13269229
13576803
13846145
14146893
14423084
14706213
15000000
15317732
15576916
15869705
16153855
16460113
16730771
17008571
17307687
17613560
17884626
18174444
18476961
293356
576916
871565
1153855
1438662
1730771
2023764
2307687
2627052
2884626
3199025
3461542
3756281
4038458
4330023
4615374
4912063
5192313
5474512
5769229
6070930
6346145
6634014
6923084
7222358
7500000
7808617
8076916
6070930
8653855
8936100
9213923
9508617
9807687
10085533
10384626
10659002
10961542
11229773
11538458
11814512
12115374
12383810
12692313
12972018
13269229
13553469
13846145
14140295
14423084
14735079
15000000
15319456
15576916
15905873
16153855
16463311
16730771
17036508
17307687
17615261
17884626
18171791
18467256
291270
576916
867438
1153855
3791565
1730771
2033016
2307687
2593515
2884626
3179819
3461542
3791565
4038458
4323719
4615374
4907392
5192313
5481202
5769229
6083061
6346145
6638367
6923084
7214603
7500000
7787007
8076916
8404308
8653855
8928095
9214444
9511474
9807687
10101723
10384626
10684059
10961542
11239025
11538458
11840499
12115374
12414422
12692313
12991224
13269229
13571905
13846145
14145896
14423084
14733764
15000000
12991224
15576916
15861927
16153855
16439093
16730771
17047075
17307687
17597982
17884626
18159546
18430363
279728
576916
881950
1153855
1468299
1730771
2015374
2307687
2613719
2884626
3187800
3461542
3766009
4038458
4323673
4615374
4892880
5192313
5493583
5769229
6102834
6346145
6629320
6923084
7207710
7500000
7783379
8076916
8404104
8653855
8958503
9231610
9535306
9807687
10133311
10384626
10674444
10961542
11265306
11538458
11831542
12115374
12412880
12692313
13001701
13269229
13556168
13846145
14140272
14423084
14731837
15000000
15319456
15576916
15873810
16153855
16433560
16730771
17030726
17307687
17615034
17884626
18197755
18464490
265782
576916
871270
1153855
1451814
1730771
2016190
2307687
2602993
2884626
3193651
3461542
3768118
4038458
4326553
4615374
4893605
5192313
5490476
5769229
6070930
6346145
6637891
6923084
7206417
7500000
7791791
8076916
8386939
8653855
8943492
9211587
9526939
9807687
10110726
10384626
10667959
10961542
11240181
11538458
11831587
12115374
12427324
12692313
12990816
13269229
13555805
13846145
14136621
14423084
14746757
15000000
15274014
15576916
15859252
16153855
16463129
16730771
17031701
17307687
17594150
17884626
18164943
18420113
294807
576916
866893
1153855
1460159
1730771
2040884
2307687
2612290
2884626
3207347
3461542
3779320
4038458
4338685
4615374
4917664
5192313
5504671
5769229
6097891
6346145
6654490
6923084
7239138
7500000
7797823
8076916
8375306
8653855
8925147
9220499
9503673
9807687
10093424
10384626
12999274
10961542
11284082
11538458
11836440
12115374
12420771
12692313
12999274
13269229
13578912
13846145
14144376
14423084
14730635
15000000
15311066
15576916
15908390
16153855
16460748
16730771
17035057
17307687
17611610
17884626
18172698
18451701
0
0
0
0
0
0
0
0
0
0
0
0
0
0
0
0
0
0
0
0
0
0
0
0
0
0
0
0
0
0
0
0
0
0
0
0
0
0
0
0
0
0
0
0
0
0
0
0
0
0
0
0
0
0
0
0
0
0
0
0
0
0
0
0
0
0
0
0
0
0
0
0
0
0
0
0
0
0
0
0
0
0
0
0
0
0
0
0
0
0
0
0
0
0
0
0
0
0
0
0
0
0
0
0
0
0
0
0
0
0
0
0
0
0
0
0
0
0
0
0
0
0
0
0
0
0
0
0
0
0
0
0
0
0
0
0
0
0
0
0
0
0
0
0
0
0
0
0
0
0
0
0
0
0
0
0
0
0
0
0
0
0
0
0
0
0
0
0
0
0
0
0
0
0
0
0
0
0
0
0
0
0
0
0
0
0
0
0
0
0
0
0
0
0
0
0
0
0
0
0
0
0
0
0
0
0
0
0
0
0
0
0
0
0
0
0
0
0
0
0
0
0
0
0
0
0
0
0
0
0
0
0
0
0
0
0
0
0
0
0
0
0
0
0
0
0
0
0
0
0
0
0
0
0
0
0
0
0
0
0
0
0
0
0
0
0
0
0
0
0
0
0
0
0
0
0
0
0
0
0
0
0
0
0
0
0
0
0
0
0
0
0
0
0
0
0
0
0
0
0
0
0
0
0
0
0
0
0
0
0
0
0
0
0
0
0
0
0
0
0
0
0
0
0
0
0
0
0
0
0
0
0
0
0
0
0
0
0
0
0
0
0
0
0
0
0
0
0
0
0
0
0
0
0
0
0
0
0
0
0
0
0
0
0
0
0
0
0
0
0
0
0
0
0
0
0
0
0
0
0
0
0
0
0
0
0
0
0
0
0
0
0
0
0
0
0
0
0
0
0
0
0
0
0
0
0
0
0
0
0
0
0
0
0
0
0
0
0
0
0
0
0
0
0
0
0
0
0
0
0
0
0
0
0
0
0
0
0
0
0
0
0
0
0
0
0
0
0
0
0
0
0
0
0
0
0
0
0
0
0
0
0
0
0
0
0
0
0
0
0
0
0
0
0
0
0
0
0
0
0
0
0
0
0
0
0
0
0
0
0
0
0
0
0
0
0
0
0
0
0
0
0
0
0
0
0
0
0
0
0
0
0
0
0
0
0
0
0
0
0
0
0
0
0
0
0
0
0
0
0
0
0
0
0
0
0
0
0
0
0
0
0
0
0
0
0
0
0
0
0
0
0
0
0
0
0
0
0
0
0
0
0
0
0
0
0
0
0
0
0
0
0
0
0
0
0
0
0
0
0
0
0
0
0
0
0
0
0
0
0
0
0
0
0
0
0
0
0
0
0
0
0
0
0
0
0
0
0
0
0
0
0
0
0
0
0
0
0
0
0
0
0
0
0
0
0
0
0
0
0
0
0
0
0
0
0
0
0
0
0
0
0
0
0
0
0
0
0
0
0
0
0
0
0
0
0
0
0
0
0
0
0
0
0
0
0
0
0
0
0
0
0
0
0
0
0
0
0
0
0
0
0
0
0
0
0
0
0
0
0
0
0
0
0
0
0
0
0
0
0
0
0
0
0
0
0
0
0
0
0
0
0
0
0
0
0
0
0
0
0
0
0
0
0
0
0
0
0
0
0
0
0
0
0
0
0
0
0
0
0
0
0
0
0
0
0
0
0
0
0
0
0
0
0
0
0
0
0
0
0
0
0
0
0
0
0
0
0
0
0
0
0
0
0
0
0
0
0
0
0
0
0
0
0
0
0
0
0
0
0
0
0
0
0
0
0
0
0
0
0
0
0
0
0
0
0
0
0
0
0
0
0
0
0
0
0
0
0
0
0
0
0
0
0
0
0
0
0
0
0
0
0
4291315
340907
550567
681814
872857
1022721
1215760
1363628
1555714
1704535
1900612
2045465
2241905
2386372
2566281
2727279
2887370
3068186
3280023
3409093
3599410
3750000
3949093
4090907
4291315
4431814
4617937
4772721
4977211
5113628
5291882
5458934
5648934
5795465
5965420
6136372
6312653
6477279
6659977
6818186
7032222
7159093
7377075
7500000
7694649
7840907
7998050
8181814
8365760
8522721
8702562
8863628
9028367
9204535
9363628
9545465
9728209
9886372
10071020
10227279
10401565
10568186
10743651
10932222
170204
340907
523741
681814
841519
1022721
1205578
1363628
1540431
1704535
1869841
2045465
2215828
2386372
2565488
2727279
2922358
3068186
3289887
3409093
3591224
3750000
3942290
4090907
4281723
4431814
4602562
4772721
4942993
5113628
5297619
5487415
5657710
5795465
5987528
6136372
6309796
6477279
6664694
6818186
6990907
7159093
7352404
7500000
7670975
7840907
8018571
8181814
8368254
8522721
8717256
8863628
9057029
9204535
9392154
9545465
9737710
9886372
10059864
10227279
10411950
10568186
10752812
10944036
192857
340907
551905
681814
870159
1022721
1203175
1363628
1556644
1704535
1896440
2045465
2211406
2386372
2561746
2727279
2903968
3068186
3262630
3409093
3596009
3750000
3937415
4090907
4275964
4431814
4617574
4772721
4937324
5113628
5276848
5435420
5621950
5795465
5990635
6136372
6325465
6477279
6656712
6818186
7005805
7159093
7354376
7500000
7669297
7840907
8023537
8181814
8374603
8522721
8702222
8863628
9023175
9204535
9376735
9545465
9729070
9886372
10054512
10227279
10400794
10568186
10763696
10939751
193107
340907
530454
681814
841519
1022721
1203061
1363628
1533628
1704535
1890748
2045465
2221179
2386372
2562494
2727279
2906689
3068186
3230204
3409093
3577891
3750000
3914399
4090907
4264739
4431814
4621111
4772721
4935351
5113628
5289637
5486122
5627166
5795465
5985692
6136372
6328027
6477279
6652744
6818186
6998141
7159093
7343129
7500000
7678299
7840907
8019297
8181814
8355306
8522721
8695011
8863628
9019320
9204535
9369841
9545465
9720068
9886372
10072812
10227279
10421882
10568186
10758821
10907007
203288
340907
515850
681814
856599
1022721
1190884
1363628
1531995
1704535
1889819
2045465
2228889
2386372
2568413
2727279
2902200
3068186
3235533
3409093
3582676
3750000
3919524
4090907
4266463
4431814
4604195
4772721
4947234
5113628
5276327
5451134
5641270
5795465
5980068
6136372
6311179
6477279
6646712
6818186
6989161
7159093
7324535
7500000
7687098
7840907
8013741
8181814
8365329
8522721
8709297
8863628
9037506
9204535
9399025
9545465
9734785
9886372
10060862
10227279
10401859
10568186
10745941
10901723
201678
340907
549660
681814
861859
1022721
1196349
1363628
1534263
1704535
1888571
2045465
2239569
2386372
2558367
2727279
2900045
3068186
3248050
3409093
3591134
3750000
3927506
4090907
4270385
4431814
4609569
4772721
4960862
5113628
5280703
5454853
5607234
5795465
5961859
6136372
6304286
6477279
6635510
6818186
6981020
7159093
7332857
7500000
7669365
7840907
8013107
8181814
8346145
8522721
8698277
8863628
9040045
9204535
9371156
9545465
9706780
9886372
10060726
10227279
10412585
10568186
10751066
10922948
180567
340907
537937
681814
859410
1022721
1209388
1363628
1537551
1704535
1874558
2045465
2208231
2386372
2562676
2727279
2903855
3068186
3241224
3409093
3573084
3750000
3930680
4090907
4255329
4431814
4606531
4772721
4927302
5113628
5292290
5456372
5618118
5795465
5976349
6136372
6288186
6477279
6646485
6818186
6999751
7159093
7334172
7500000
7651451
7840907
8010136
8181814
8357188
8522721
8701293
8863628
9013946
9204535
9366848
9545465
9710476
9886372
10048889
10227279
10368186
10568186
10743401
10940227
0
0
0
0
0
0
0
0
0
0
0
0
0
0
0
0
0
0
0
0
0
0
0
0
0
0
0
0
0
0
0
0
0
0
0
0
0
0
0
0
0
0
0
0
0
0
0
0
0
0
0
0
0
0
0
0
0
0
0
0
0
0
0
0
0
0
0
0
0
0
0
0
0
0
0
0
0
0
0
0
0
0
0
0
0
0
0
0
0
0
0
0
0
0
0
0
0
0
0
0
0
0
0
0
0
0
0
0
0
0
0
0
0
0
0
0
0
0
0
0
0
0
0
0
0
0
0
0
0
0
0
0
0
0
0
0
0
0
0
0
0
0
0
0
0
0
0
0
0
0
0
0
0
0
0
0
0
0
0
0
0
0
0
0
0
0
0
0
0
0
0
0
0
0
0
0
0
0
0
0
0
0
0
0
0
0
0
0
0
0
0
0
0
0
0
0
0
0
0
0
0
0
0
0
0
0
0
0
0
0
0
0
0
0
0
0
0
0
0
0
0
0
0
0
0
0
0
0
0
0
0
0
0
0
0
0
0
0
0
0
0
0
0
0
0
0
0
0
0
0
0
0
0
0
0
0
0
0
0
0
0
0
0
0
0
0
0
0
0
0
0
0
0
0
0
0
0
0
0
0
0
0
0
0
0
0
0
0
0
0
0
0
0
0
0
0
0
0
0
0
0
0
0
0
0
0
0
0
0
0
0
0
0
0
0
0
0
0
0
0
0
0
0
0
0
0
0
0
0
0
0
0
0
0
0
0
0
0
0
0
0
0
0
0
0
0
0
0
0
0
0
0
0
0
0
0
0
0
0
0
0
0
0
0
0
0
0
0
0
0
0
0
0
0
0
0
0
0
0
0
0
0
0
0
0
0
0
0
0
0
0
0
0
0
0
0
0
0
0
0
0
0
0
0
0
0
0
0
0
0
0
0
0
0
0
0
0
0
0
0
0
0
0
0
0
0
0
0
0
0
0
0
0
0
0
0
0
0
0
0
0
0
0
0
0
0
0
0
0
0
0
0
0
0
0
0
0
0
0
0
0
0
0
0
0
0
0
0
0
0
0
0
0
0
0
0
0
0
0
0
0
0
0
0
0
0
0
0
0
0
0
0
0
0
0
0
0
0
0
0
0
0
0
0
0
0
0
0
0
0
0
0
0
0
0
0
0
0
0
0
0
0
0
0
0
0
0
0
0
0
0
0
0
0
0
0
0
0
0
0
0
0
0
0
0
0
0
0
0
0
0
0
0
0
0
0
0
0
0
0
0
0
0
0
0
0
0
0
0
0
0
0
0
0
0
0
0
0
0
0
0
0
0
0
0
0
0
0
0
0
0
0
0
0
0
0
0
0
0
0
0
0
0
0
0
0
0
0
0
0
0
0
0
0
0
0
0
0
0
0
0
0
0
0
0
0
0
0
0
0
0
0
0
0
0
0
0
0
0
0
0
0
0
0
0
0
0
0
0
0
0
0
0
0
0
0
0
0
0
0
0
0
0
0
0
0
0
0
0
0
0
0
0
0
0
0
0
0
0
0
0
0
0
0
0
0
0
0
0
0
0
0
0
0
0
0
0
0
0
0
0
0
0
0
0
0
0
0
0
0
0
0
0
0
0
0
0
0
0
0
0
0
0
0
0
0
0
0
0
0
0
0
0
0
0
0
0
0
0
0
0
0
0
0
0
0
0
0
0
0
0
0
0
0
0
0
0
0
0
0
0
0
0
0
0
0
0
0
0
0
0
0
0
0
0
0
0
0
0
0
0
0
0
0
0
0
0
0
0
0
0
0
0
0
0
0
0
0
0
0
0
0
0
0
0
0
0
0
0
0
0
0
0
0
0
0
0
0
0
0
0
0
0
0
0
0
0
0
0
0
0
0
1285
189
1075
248
3228
4
798
185
1282
200
1117
212
3156
3
541
157
1102
217
921
162
3857
4
921
62
910
120
772
206
3539
10
673
568
887
148
577
125
3438
6
577
103
689
105
840
146
3338
9
488
130
936
85
627
105
3878
23
491
113
742
116
639
112
3687
3
367
972
847
390
397
107
2030
71
706
151
397
69
538
95
2417
81
280
92
653
79
419
88
1018
34
413
84
847
93
528
104
2425
326
1030
2059
723
122
536
110
3799
341
433
60
506
116
637
94
3799
33
534
100
933
119
573
109
1650
11
449
85
690
109
461
119
2791
152
1249
1652
617
97
316
63
1872
2
426
81
485
94
623
118
3251
5
323
65
378
79
384
81
2427
6
376
70
509
82
492
76
2427
4
173
597
618
109
410
78
3359
7
368
70
512
88
430
90
2148
3
367
61
503
84
400
79
3048
7
467
61
416
63
444
80
3897
6
647
574
1020
300
874
170
4439
138
788
159
1419
298
981
200
4439
2
845
271
1010
140
978
201
4250
6
865
277
935
147
814
109
5027
135
1362
999
1128
224
1284
409
2930
29
1121
147
1425
100
1258
114
4419
5
909
122
1426
292
738
77
4419
11
930
124
1272
129
1177
170
5194
7
1005
782
1425
507
1303
247
5378
3
1160
228
1077
180
1214
253
6146
4
1050
241
1201
215
973
173
5059
6
989
81
1327
218
1408
158
4312
11
879
1015
1411
361
1507
286
6154
4
911
118
1064
102
1192
221
4947
4
727
138
1129
179
1047
123
5653
50
1030
97
1224
117
1385
260
5917
27
1164
918
982
189
465
159
7116
1
435
87
692
123
392
116
5886
13
415
131
542
119
501
136
4641
1
403
103
720
130
608
179
6920
2
1002
2768
343
91
1034
227
5130
11
445
95
488
105
449
135
6316
23
484
94
655
134
667
150
5792
48
499
98
711
122
631
134
5796
14
1901
3291
1120
20
1307
97
5970
298
1314
160
1440
133
980
142
4920
78
915
117
1115
103
830
93
5484
13
869
76
1125
102
834
93
4944
70
1222
1411
1330
40
1304
52
5351
1023
948
67
1463
64
1193
96
5351
92
986
125
1136
134
1381
109
4699
622
893
136
1209
172
959
165
4353
92
1363
901
0
0
0
0
0
0
0
0
0
0
0
0
0
0
0
0
0
0
0
0
0
0
0
0
0
0
0
0
0
0
0
0
0
0
0
0
0
0
0
0
0
0
0
0
0
0
0
0
0
0
0
0
0
0
0
0
0
0
0
0
0
0
0
0
0
0
0
0
0
0
0
0
0
0
0
0
0
0
0
0
0
0
0
0
0
0
0
0
0
0
0
0
0
0
0
0
0
0
0
0
0
0
0
0
0
0
0
0
0
0
0
0
0
0
0
0
0
0
0
0
0
0
0
0
0
0
0
0
0
0
0
0
0
0
0
0
0
0
0
0
0
0
0
0
0
0
0
0
0
0
0
0
0
0
0
0
0
0
0
0
0
0
0
0
0
0
0
0
0
0
0
0
0
0
0
0
0
0
0
0
0
0
0
0
0
0
0
0
0
0
0
0
0
0
0
0
0
0
0
0
0
0
0
0
0
0
0
0
0
0
0
0
0
0
0
0
0
0
0
0
0
0
0
0
0
0
0
0
0
0
0
0
0
0
0
0
0
0
0
0
0
0
0
0
0
0
0
0
0
0
0
0
0
0
0
0
0
0
0
0
0
0
0
0
0
0
0
0
0
0
0
0
0
0
0
0
0
0
0
0
0
0
0
0
0
0
0
0
0
0
0
0
0
0
0
0
0
0
0
0
0
0
0
0
0
0
0
0
0
0
0
0
0
0
0
0
0
0
0
0
0
0
0
0
0
0
0
0
0
0
0
0
0
0
0
0
0
0
0
0
0
0
0
0
0
0
0
0
0
0
0
0
0
0
0
0
0
0
0
0
0
0
0
0
0
0
0
0
0
0
0
0
0
0
0
0
0
0
0
0
0
0
0
0
0
0
0
0
0
0
0
0
0
0
0
0
0
0
0
0
0
0
0
0
0
0
0
0
0
0
0
0
0
0
0
0
0
0
0
0
0
0
0
0
0
0
0
0
0
0
0
0
0
0
0
0
0
0
0
0
0
0
0
0
0
0
0
0
0
0
0
0
0
0
0
0
0
0
0
0
0
0
0
0
0
0
0
0
0
0
0
0
0
0
0
0
0
0
0
0
0
0
0
0
0
0
0
0
0
0
0
0
0
0
0
0
0
0
0
0
0
0
0
0
0
0
0
0
0
0
0
0
0
0
0
0
0
0
0
0
0
0
0
0
0
0
0
0
0
0
0
0
0
0
0
0
0
0
0
0
0
0
0
0
0
0
0
0
0
0
0
0
0
0
0
0
0
0
0
0
0
0
0
0
0
0
0
0
0
0
0
0
0
0
0
0
0
0
0
0
0
0
0
0
0
0
0
0
0
0
0
0
0
0
0
0
0
0
0
0
0
0
0
0
0
0
0
0
0
0
0
0
0
0
0
0
0
0
0
0
0
0
0
0
0
0
0
0
0
0
0
0
0
0
0
0
0
0
0
0
0
0
0
0
0
0
0
0
0
0
0
0
0
0
0
0
0
0
0
0
0
0
0
0
0
0
0
0
0
0
0
0
0
0
0
0
0
0
0
0
0
0
0
0
0
0
0
0
0
0
0
0
0
0
0
0
0
0
0
0
0
0
0
0
0
0
0
0
0
0
0
0
0
0
0
0
0
0
0
0
0
0
0
0
0
0
0
0
0
0
0
0
0
0
0
0
0
0
0
0
0
0
0
0
0
0
0
0
0
0
0
0
0
0
0
0
0
0
0
0
0
0
0
0
0
0
0
0
0
0
0
0
0
0
0
0
0
0
0
0
0
0
0
0
0
0
0
0
0
0
0
0
0
0
0
0
0
0
0
0
0
0
0
0
0
0
0
0
0
0
0
0
0
0
0
0
0
0
0
0
0
0
0
0
0
0
0
0
0
0
0
0
846
83
600
200
4778
1338
319
75
593
108
954
179
5281
719
479
114
393
61
568
88
5981
1247
547
224
846
94
705
228
5032
1723
2402
3032
897
313
666
217
4341
848
562
155
393
136
571
234
4644
97
408
137
698
217
638
211
4793
401
511
252
1354
481
559
217
4115
785
1797
1972
901
210
1325
237
3427
81
630
155
647
189
582
173
3921
133
578
202
542
196
392
119
3746
519
650
247
704
243
771
179
3672
734
844
2083
535
194
795
295
3304
553
746
259
962
238
555
252
3164
656
419
132
511
211
680
290
2977
507
849
419
587
310
420
230
3390
1000
1903
2377
607
109
430
74
3664
7
626
78
615
99
556
90
2311
3
539
72
474
78
575
97
2654
4
567
79
444
72
571
87
2097
12
669
610
562
81
518
79
2238
4
599
88
608
99
582
98
2603
6
629
88
523
90
434
83
2057
5
502
89
430
92
505
88
3563
8
308
191
1722
291
1047
250
4592
100
1225
160
985
150
1180
164
3202
113
1718
158
1291
193
1325
189
4599
259
779
157
876
180
740
171
5315
596
1251
815
1615
278
1037
134
7580
814
954
173
1017
245
952
240
5737
1113
916
178
1168
364
1013
118
3621
158
1149
314
1026
172
889
137
7398
397
863
1625
779
203
634
187
3369
6
529
147
586
155
613
185
2365
10
381
113
574
175
543
180
3104
12
502
143
723
224
596
187
3977
10
533
371
743
188
703
205
4019
9
616
165
667
181
709
211
3908
6
620
164
886
249
658
207
4206
14
589
186
800
256
582
194
4299
11
644
345
1359
602
475
201
6136
2071
577
196
789
243
771
298
8078
2137
499
160
835
277
754
291
5229
1031
610
199
761
217
630
183
6238
1261
1990
3293
1207
415
513
159
6508
1231
515
146
648
181
778
208
4090
842
566
165
822
208
840
269
6825
508
628
156
947
306
815
228
8861
1964
1149
2952
867
449
929
289
5389
3010
587
106
1000
144
1066
208
4184
1262
874
207
1142
184
1054
139
6229
2281
698
75
842
50
941
164
4607
1720
3877
2401
1287
136
777
189
5883
2546
744
47
675
70
869
138
6704
2620
805
108
1028
172
850
281
6427
1950
739
17
951
56
1114
191
7110
2735
1714
3006
0
0
0
0
0
0
0
0
0
0
0
0
0
0
0
0
0
0
0
0
0
0
0
0
0
0
0
0
0
0
0
0
0
0
0
0
0
0
0
0
0
0
0
0
0
0
0
0
0
0
0
0
0
0
0
0
0
0
0
0
0
0
0
0
0
0
0
0
0
0
0
0
0
0
0
0
0
0
0
0
0
0
0
0
0
0
0
0
0
0
0
0
0
0
0
0
0
0
0
0
0
0
0
0
0
0
0
0
0
0
0
0
0
0
0
0
0
0
0
0
0
0
0
0
0
0
0
0
0
0
0
0
0
0
0
0
0
0
0
0
0
0
0
0
0
0
0
0
0
0
0
0
0
0
0
0
0
0
0
0
0
0
0
0
0
0
0
0
0
0
0
0
0
0
0
0
0
0
0
0
0
0
0
0
0
0
0
0
0
0
0
0
0
0
0
0
0
0
0
0
0
0
0
0
0
0
0
0
0
0
0
0
0
0
0
0
0
0
0
0
0
0
0
0
0
0
0
0
0
0
0
0
0
0
0
0
0
0
0
0
0
0
0
0
0
0
0
0
0
0
0
0
0
0
0
0
0
0
0
0
0
0
0
0
0
0
0
0
0
0
0
0
0
0
0
0
0
0
0
0
0
0
0
0
0
0
0
0
0
0
0
0
0
0
0
0
0
0
0
0
0
0
0
0
0
0
0
0
0
0
0
0
0
0
0
0
0
0
0
0
0
0
0
0
0
0
0
0
0
0
0
0
0
0
0
0
0
0
0
0
0
0
0
0
0
0
0
0
0
0
0
0
0
0
0
0
0
0
0
0
0
0
0
0
0
0
0
0
0
0
0
0
0
0
0
0
0
0
0
0
0
0
0
0
0
0
0
0
0
0
0
0
0
0
0
0
0
0
0
0
0
0
0
0
0
0
0
0
0
0
0
0
0
0
0
0
0
0
0
0
0
0
0
0
0
0
0
0
0
0
0
0
0
0
0
0
0
0
0
0
0
0
0
0
0
0
0
0
0
0
0
0
0
0
0
0
0
0
0
0
0
0
0
0
0
0
0
0
0
0
0
0
0
0
0
0
0
0
0
0
0
0
0
0
0
0
0
0
0
0
0
0
0
0
0
0
0
0
0
0
0
0
0
0
0
0
0
0
0
0
0
0
0
0
0
0
0
0
0
0
0
0
0
0
0
0
0
0
0
0
0
0
0
0
0
0
0
0
0
0
0
0
0
0
0
0
0
0
0
0
0
0
0
0
0
0
0
0
0
0
0
0
0
0
0
0
0
0
0
0
0
0
0
0
0
0
0
0
0
0
0
0
0
0
0
0
0
0
0
0
0
0
0
0
0
0
0
0
0
0
0
0
0
0
0
0
0
0
0
0
0
0
0
0
0
0
0
0
0
0
0
0
0
0
0
0
0
0
0
0
0
0
0
0
0
0
0
0
0
0
0
0
0
0
0
0
0
0
0
0
0
0
0
0
0
0
0
0
0
0
0
0
0
0
0
0
0
0
0
0
0
0
0
0
0
0
0
0
0
0
0
0
0
0
0
0
0
0
0
0
0
0
0
0
0
0
0
0
0
0
0
0
0
0
0
0
0
0
0
0
0
0
0
0
0
0
0
0
0
0
0
0
0
0
0
0
0
0
0
0
0
0
0
0
0
0
0
0
0
0
0
0
0
0
0
0
0
0
0
0
0
0
0
0
0
0
0
0
0
0
0
0
0
0
0
0
0
0
0
0
0
0
0
0
0
0
0
0
0
0
0
0
0
0
0
0
0
0
0
0
0
0
0
0
0
0
0
0
0
0
0
0
0
0
0
0
0
0
0
0
0
0
0
0
0
0
0
0
0
0
0
0
0
0
0
0
0
0
0
0
0
0
20
20
20
20
46
20
20
20
20
20
20
20
46
20
20
20
20
20
20
20
46
20
20
20
20
20
20
20
46
20
20
46
20
20
20
20
46
20
20
20
20
20
20
20
46
20
20
20
20
20
20
20
46
20
20
20
20
20
20
20
46
20
20
46
46
46
46
46
46
46
46
46
46
46
46
46
46
46
46
46
46
46
46
46
46
46
46
46
46
46
46
46
46
46
46
46
46
46
46
46
46
46
46
46
46
46
46
46
46
46
46
46
46
46
46
46
46
46
46
46
46
46
46
46
46
46
46
46
46
46
46
46
46
46
46
46
46
46
46
46
46
46
46
46
46
46
46
46
46
46
46
46
46
46
46
46
46
46
46
46
46
46
46
46
46
46
46
46
46
46
46
46
46
46
46
46
46
46
46
46
46
46
46
46
46
46
46
46
46
46
46
46
46
46
46
46
46
46
46
46
46
46
46
46
46
46
46
46
46
46
46
46
46
46
46
46
46
46
46
46
46
46
46
46
46
46
46
46
46
46
46
46
46
46
46
46
46
46
46
46
46
46
46
46
46
46
46
46
46
46
46
46
46
46
46
46
46
46
46
46
46
46
46
46
46
46
46
46
46
46
46
46
46
46
46
46
46
46
46
46
46
46
46
46
46
46
46
46
46
46
46
46
46
46
46
46
46
46
46
46
46
46
46
46
46
46
46
46
46
46
46
46
46
46
46
46
46
46
46
46
46
46
46
46
46
46
46
46
46
46
46
46
46
46
46
46
46
46
46
46
46
46
46
46
46
46
46
46
46
46
46
46
46
46
46
46
46
46
46
46
46
46
46
46
46
46
46
46
46
46
46
46
46
46
46
46
46
46
46
46
46
46
46
46
46
46
46
46
46
46
46
46
46
46
46
46
46
46
46
46
46
46
46
46
46
46
46
46
46
46
46
46
46
46
46
46
46
46
46
46
46
46
46
46
46
46
46
46
46
46
46
46
46
46
46
46
46
46
46
46
46
46
46
46
46
46
46
46
46
46
46
46
46
46
46
46
46
46
46
46
46
46
46
46
46
46
46
46
46
46
46
46
46
46
46
46
46
46
46
46
46
46
46
46
46
46
46
46
46
46
46
46
46
46
46
46
46
46
46
46
46
46
46
46
46
46
46
46
46
46
46
46
46
46
46
46
46
46
46
46
46
46
46
46
46
46
46
46
46
46
46
46
46
46
46
46
46
46
46
46
46
46
46
46
46
46
46
46
46
46
46
46
46
46
46
46
46
46
46
46
46
46
46
46
46
46
46
46
46
46
46
46
46
46
46
46
46
46
46
46
46
46
46
46
46
46
46
46
46
46
46
46
46
46
46
46
46
46
46
46
46
46
46
46
46
46
46
46
46
46
46
46
46
46
46
46
46
46
46
46
46
46
46
46
46
46
46
46
46
46
46
46
46
46
46
46
46
46
46
46
46
46
46
46
46
46
46
46
46
46
46
46
46
46
46
46
46
46
46
46
46
46
46
46
46
46
46
46
46
46
46
46
46
46
46
46
46
46
46
46
46
46
46
46
46
46
46
46
46
46
46
46
46
46
46
46
46
46
46
46
46
46
46
46
20
20
20
20
46
20
20
20
20
20
20
20
46
20
20
20
20
20
20
20
46
20
20
20
20
20
20
20
46
20
20
46
20
20
20
20
46
20
20
20
20
20
20
20
46
20
20
20
20
20
20
20
46
20
20
20
20
20
20
20
46
20
20
46
20
20
20
20
46
20
20
20
20
20
20
20
46
20
20
20
20
20
20
20
46
20
20
20
20
20
20
20
46
20
20
46
46
46
46
46
46
46
46
46
46
46
46
46
46
46
46
46
46
46
46
46
46
46
46
46
46
46
46
46
46
46
46
46
46
46
46
46
46
46
46
46
46
46
46
46
46
46
46
46
46
46
46
46
46
46
46
46
46
46
46
46
46
46
46
46
46
46
46
46
46
46
46
46
46
46
46
46
46
46
46
46
46
46
46
46
46
46
46
46
46
46
46
46
46
46
46
46
46
46
46
46
46
46
46
46
46
46
46
46
46
46
46
46
46
46
46
46
46
46
46
46
46
46
46
46
46
46
46
46
46
46
46
46
46
46
46
46
46
46
46
46
46
46
46
46
46
46
46
46
46
46
46
46
46
46
46
46
46
46
46
46
46
46
46
46
46
46
46
46
46
46
46
46
46
46
46
46
46
46
46
46
46
46
46
46
46
46
46
46
46
46
46
46
46
46
46
46
46
46
46
46
46
46
46
46
46
46
46
46
46
46
46
46
46
46
46
46
46
46
46
46
46
46
46
46
46
46
46
46
46
46
46
46
46
46
46
46
46
46
46
46
46
46
46
46
46
46
46
46
46
46
46
46
46
46
46
46
46
46
46
46
46
46
46
46
46
46
46
46
46
46
46
46
46
46
46
46
46
46
46
46
46
46
46
46
46
46
46
46
46
46
46
46
46
46
46
46
46
46
46
46
46
46
46
46
46
46
46
46
46
46
46
46
46
46
46
46
46
46
46
46
46
46
46
46
46
46
46
46
46
46
46
46
46
46
46
46
46
46
46
46
46
46
46
46
46
46
46
46
46
46
46
46
46
46
46
46
46
46
46
46
46
46
46
46
46
46
46
46
46
46
46
46
46
46
46
46
46
46
46
46
46
46
46
46
46
46
46
46
46
46
46
46
46
46
46
46
46
46
46
46
46
46
46
46
46
46
46
46
46
46
46
46
46
46
46
46
46
46
46
46
46
46
46
46
46
46
46
46
46
46
46
46
46
46
46
46
46
46
46
46
46
46
46
46
46
46
46
46
46
46
46
46
46
46
46
46
46
46
46
46
46
46
46
46
46
46
46
46
46
46
46
46
46
46
46
46
46
46
46
46
46
46
46
46
32
46
46
46
46
46
46
46
32
46
46
46
46
46
46
46
32
46
46
46
46
46
46
46
32
46
46
46
46
46
46
46
32
46
46
46
46
46
46
46
32
46
46
46
46
46
46
46
32
46
46
46
46
46
46
46
32
46
46
46
46
46
46
46
46
46
46
46
46
46
46
46
46
46
46
46
46
46
46
46
46
46
46
46
46
46
46
46
46
46
46
46
46
46
46
46
46
46
46
46
46
46
46
46
46
46
46
46
46
46
46
46
46
46
46
46
46
46
46
46
46
46
46
46
46
46
46
46
46
46
46
46
46
46
46
46
46
46
46
46
46
46
46
46
46
46
46
46
46
46
46
46
46
46
46
46
20
20
20
20
46
20
20
20
20
20
20
20
46
20
20
20
20
20
20
20
46
20
20
20
20
20
20
20
46
20
20
46
46
46
46
46
46
46
46
46
46
46
46
46
46
46
46
46
46
46
46
46
46
46
46
46
46
46
46
46
46
46
46
46
46
46
46
46
46
46
46
46
46
46
46
46
46
46
46
46
46
46
46
46
46
46
46
46
46
46
46
46
46
46
46
46
46
46
46
46
46
46
46
46
46
46
46
46
46
46
46
46
46
46
46
46
46
46
46
46
46
46
46
46
46
46
46
46
46
46
46
46
46
46
46
46
46
46
46
46
46
46
46
46
46
46
46
46
46
46
46
46
46
46
46
46
46
46
46
46
46
46
46
46
46
46
46
46
46
46
46
46
46
46
46
46
46
46
46
46
46
46
46
46
46
46
46
46
46
46
46
46
46
46
46
46
46
46
46
46
46
46
46
46
46
46
46
46
46
46
46
46
46
46
46
46
46
46
46
46
46
46
46
46
46
46
46
46
46
46
46
46
46
46
46
46
46
46
46
46
46
46
46
46
46
46
46
46
46
46
46
46
46
46
46
46
46
46
46
46
46
46
46
46
46
46
46
46
46
46
46
46
46
46
46
46
46
46
46
46
46
46
46
46
46
46
46
46
46
46
46
46
46
46
46
46
46
46
46
46
46
46
46
46
46
46
46
46
46
46
46
46
46
46
46
46
46
46
46
46
46
46
46
46
46
46
46
46
46
46
46
46
46
46
46
46
46
46
46
46
46
46
46
46
46
46
46
46
46
46
46
46
46
46
46
46
46
46
46
46
46
46
46
46
46
46
46
46
46
46
46
46
46
46
46
46
46
46
46
46
46
46
46
46
46
46
46
46
46
46
46
46
46
46
46
46
46
46
46
46
46
46
46
46
46
46
46
46
46
46
46
46
46
46
46
46
46
46
46
46
46
46
46
46
46
46
46
46
46
46
46
46
46
46
46
46
46
46
46
46
46
46
46
46
46
46
46
46
46
46
46
46
46
46
46
46
46
46
46
46
46
46
46
46
46
46
46
46
46
46
46
46
46
46
46
46
46
46
46
46
46
46
46
46
46
46
46
46
46
46
46
46
46
46
46
46
46
46
46
46
46
46
46
46
46
46
46
46
46
46
46
46
46
46
46
46
46
46
46
46
46
46
46
46
46
46
46
46
46
46
46
46
46
46
46
46
46
46
46
46
46
46
46
46
46
46
46
46
32
46
46
46
46
46
46
46
32
46
46
46
46
46
46
46
32
46
46
46
46
46
46
46
32
46
46
46
46
46
46
46
32
46
46
46
46
46
46
46
32
46
46
46
46
46
46
46
32
46
46
46
46
46
46
46
32
46
46
46
46
46
46
46
32
46
46
46
46
46
46
46
32
46
46
46
46
46
46
46
32
46
46
46
46
46
46
46
32
46
46
46
46
46
46
46
46
46
46
46
46
46
46
46
46
46
46
46
46
46
46
46
46
46
46
46
46
46
46
46
46
46
46
46
20
20
20
20
46
20
20
20
20
20
20
20
46
20
20
20
20
20
20
20
46
20
20
20
20
20
20
20
46
20
20
46
20
20
20
20
46
20
20
20
20
20
20
20
46
20
20
20
20
20
20
20
46
20
20
20
20
20
20
20
46
20
20
46
20
20
20
20
46
20
20
20
20
20
20
20
46
20
20
20
20
20
20
20
46
20
20
20
20
20
20
20
46
20
20
46
20
20
20
20
46
20
20
20
20
20
20
20
46
20
20
20
20
20
20
20
46
20
20
20
20
20
20
20
46
20
20
46
20
20
20
20
46
20
20
20
20
20
20
20
46
20
20
20
20
20
20
20
46
20
20
20
20
20
20
20
46
20
20
46
46
46
46
46
46
46
46
46
46
46
46
46
46
46
46
46
46
46
46
46
46
46
46
46
46
46
46
46
46
46
46
46
46
46
46
46
46
46
46
46
46
46
46
46
46
46
46
46
46
46
46
46
46
46
46
46
46
46
46
46
46
46
46
46
46
46
46
46
46
46
46
46
46
46
46
46
46
46
46
46
46
46
46
46
46
46
46
46
46
46
46
46
46
46
46
46
46
46
46
46
46
46
46
46
46
46
46
46
46
46
46
46
46
46
46
46
46
46
46
46
46
46
46
46
46
46
46
46
46
46
46
46
46
46
46
46
46
46
46
46
46
46
46
46
46
46
46
46
46
46
46
46
46
46
46
46
46
46
46
46
46
46
46
46
46
46
46
46
46
46
46
46
46
46
46
46
46
46
46
46
46
46
46
46
46
46
46
46
46
46
46
46
46
46
46
46
46
46
46
46
46
46
46
46
46
46
46
46
46
46
46
46
46
46
46
46
46
46
46
46
46
46
46
46
46
46
46
46
46
46
46
46
46
46
46
46
46
46
46
46
46
46
46
46
46
46
46
46
46
46
46
46
46
46
46
46
46
46
46
46
46
46
46
46
46
46
46
46
46
46
46
46
46
46
46
46
46
46
46
46
46
46
46
46
46
46
46
46
46
46
46
46
46
46
46
46
46
46
46
46
46
46
46
46
46
46
46
46
46
46
46
46
46
46
46
46
46
46
46
46
46
46
46
46
46
46
46
46
46
46
46
46
46
46
46
46
46
46
46
46
46
46
46
46
46
46
46
46
46
46
46
46
46
46
46
46
46
46
46
46
46
46
46
46
46
46
46
46
46
46
46
46
46
46
46
46
46
46
46
46
46
46
46
46
46
46
46
46
46
46
46
46
46
46
46
46
46
46
46
46
46
46
46
46
46
46
46
46
46
46
46
46
46
46
46
46
46
46
46
46
46
46
46
46
46
46
46
46
46
46
46
46
46
46
46
46
46
46
46
46
46
46
46
46
46
46
46
46
46
46
46
46
32
46
46
46
46
46
46
46
32
46
46
46
46
46
46
46
32
46
46
46
46
46
46
46
32
46
46
46
46
46
46
46
46
46
46
46
46
46
46
46
46
46
46
46
46
46
46
46
46
46
46
46
46
46
46
46
46
46
46
46
46
46
46
46
46
46
46
46
46
46
46
46
46
46
46
46
46
46
46
46
46
46
46
46
46
46
46
46
46
46
46
46
46
46
46
46
46
46
46
46
46
46
46
46
46
46
46
46
46
46
46
46
46
46
46
46
46
46
46
46
46
46
46
46
46
46
46
46
46
46
46
46
46
46
46
46
46
46
46
46
46
46
46
46
46
46
46
46
46
46
46
46
46
46
46
46
46
46
46
46
46
46
46
46
46
46
46
46
46
46
46
46
46
46
46
46
46
46
46
46
46
46
46
46
46
46
46
46
46
46
46
46
46
46
46
46
46
46
46
46
46
46
46
46
46
46
46
46
46
46
46
46
46
46
46
46
46
46
46
46
46
46
46
46
46
46
46
46
46
46
46
46
46
46
46
46
46
46
46
46
46
46
46
46
46
46
46
46
46
46
46
46
46
46
46
46
46
46
46
46
46
46
46
46
46
46
46
46
46
46
46
46
46
46
46
46
46
46
46
46
46
46
46
46
46
46
46
46
46
46
46
46
46
46
46
46
46
46
46
46
46
46
46
46
46
46
46
46
46
46
46
46
46
46
46
46
46
46
46
46
46
46
46
46
46
46
46
46
46
46
46
46
46
46
46
46
46
46
46
46
46
46
46
46
46
46
46
46
46
46
46
46
46
46
46
46
46
46
46
46
46
46
46
46
46
46
46
46
46
46
46
46
46
46
46
46
46
46
46
46
46
46
46
46
46
46
46
46
46
46
46
46
46
46
46
46
46
46
46
46
46
46
46
46
46
46
46
46
46
46
46
46
46
46
46
46
46
46
46
46
46
46
46
46
46
46
46
46
46
46
46
46
46
46
46
46
46
46
46
46
46
46
46
46
46
46
46
46
46
46
46
46
46
46
46
46
46
46
46
46
46
46
46
46
46
46
46
46
46
46
46
46
46
46
46
46
46
46
46
46
46
46
46
46
46
46
46
46
46
46
46
46
46
46
46
46
46
46
46
46
46
46
46
46
46
46
46
46
46
46
46
46
46
46
46
46
46
46
46
46
46
46
46
46
46
46
46
46
46
46
46
46
46
46
46
46
46
46
46
46
46
46
46
46
46
46
46
46
46
46
46
46
46
46
46
46
46
46
46
46
46
46
46
46
46
46
46
46
46
46
46
46
46
46
46
46
46
46
46
46
46
46
46
46
46
46
46
46
46
46
46
46
46
46
46
46
46
46
46
46
46
46
46
46
46
46
46
46
46
46
46
46
46
46
46
46
46
46
46
46
46
46
46
46
46
46
46
46
46
46
46
46
46
46
46
46
46
46
46
46
46
46
46
46
46
46
46
46
46
46
46
46
46
46
46
46
46
46
46
46
46
46
46
46
46
46
46
46
46
46
46
46
32
46
46
46
46
46
46
46
32
46
46
46
46
46
46
46
32
46
46
46
46
46
46
46
32
46
46
46
46
46
46
46
32
46
46
46
46
46
46
46
32
46
46
46
46
46
46
46
32
46
46
46
46
46
46
46
32
46
46
46
46
46
46
46
32
46
46
46
46
46
46
46
32
46
46
46
46
46
46
46
32
46
46
46
46
46
46
46
32
46
46
46
46
46
46
46
32
46
46
46
46
46
46
46
32
46
46
46
46
46
46
46
32
46
46
46
46
46
46
46
32
46
46
46
46
46
46
46
32
46
46
46
46
46
46
46
32
46
46
46
46
46
46
46
32
46
46
46
46
46
46
46
32
46
46
46
46
46
46
46
46
46
46
46
46
46
46
46
46
46
46
46
46
46
46
46
46
46
46
46
46
46
46
46
46
46
46
46
46
46
46
46
46
46
46
46
46
46
46
46
46
46
46
46
46
46
46
46
46
46
46
46
46
46
46
46
46
46
46
46
46
46
46
46
46
46
46
46
46
46
46
46
46
46
46
46
46
46
46
46
46
46
46
46
46
46
46
46
46
46
46
46
46
46
46
46
46
46
46
46
46
46
46
46
46
46
46
46
46
46
46
46
46
46
46
46
46
46
46
46
46
46
46
46
46
46
46
46
46
46
46
46
46
46
46
46
46
46
46
46
46
46
46
46
46
46
46
46
46
46
46
46
46
46
46
46
46
46
46
46
46
46
46
46
46
46
46
46
46
46
46
46
46
46
46
46
46
46
46
46
46
46
46
46
46
46
46
46
46
46
46
46
46
46
46
46
46
46
46
46
46
46
46
46
46
46
46
46
46
46
46
46
46
46
46
46
46
46
46
46
46
46
46
46
46
46
46
46
46
46
46
46
46
46
46
46
46
46
46
46
46
46
46
46
46
46
46
46
46
46
46
46
46
46
46
46
46
46
46
46
46
46
46
46
46
46
46
46
46
46
46
46
46
46
46
46
46
46
46
46
46
46
46
46
