%pattern_sourcedata
4
4
4
0
0
32
-46
0
52
88
0
1
0
0
0
0
6
99
0
0
0
0
0
0
0
0
0
75
-1
-1
0
0
0
50
0
0
1
127
0
0
1
0
0
1
0
0
0
0
0
0
0
0
0
0
0
0
0
0
0
0
1
0
0
0
1
0
0
0
0
0
1
0
1
0
0
0
1
0
0
0
1
0
0
0
0
0
1
0
1
0
1
0
1
0
0
0
1
0
0
0
0
0
1
0
1
0
0
0
1
0
0
0
1
0
0
0
0
0
1
0
1
0
1
0
21
0
0
0
19
0
0
0
0
0
28
0
35
0
0
0
39
0
0
0
19
0
0
0
0
0
27
0
36
0
39
0
321429
576916
865374
1153855
1429365
1730771
2019229
2307687
2596145
2884626
3157778
3461542
3771519
4038458
4326916
4615374
4912993
5192313
5480771
5769229
6089932
6346145
6634626
6923084
7211542
7500000
7782154
8076916
8379342
8653855
8992426
9230771
9528118
9807687
10096145
10384626
10666213
10961542
11250000
11538458
11826916
12115374
12413401
12692313
13012381
13269229
13557687
13846145
14164943
14423084
14711542
15000000
15279501
15576916
15865374
16153855
16442313
16730771
17037098
17307687
17618186
17884626
18194422
18461542
300884
576916
865374
1153855
1453696
1730771
2019229
2307687
2596145
2884626
3184603
3461542
3770975
4038458
4326916
4615374
4908027
5192313
5480771
5769229
6037959
6346145
6634626
6923084
7211542
7500000
7792041
8076916
8388095
8653855
8946825
9230771
9539819
9807687
10096145
10384626
10666440
10961542
11250000
11538458
11826916
12115374
12397596
12692313
12979751
13269229
13557687
13846145
14118707
14423084
14711542
15000000
15262698
15576916
15865374
16153855
16442313
16730771
17026304
17307687
17603719
17884626
18219592
18461542
278141
576916
865374
1153855
1421020
1730771
2019229
2307687
2596145
2884626
3191633
3461542
3772721
4038458
4326916
4615374
4924172
5192313
5480771
5769229
6032562
6346145
6634626
6923084
7211542
7500000
7787188
8076916
8386372
8653855
8978231
9230771
9524626
9807687
10096145
10384626
10675397
10961542
11250000
11538458
11826916
12115374
12428571
12692313
12982721
13269229
13557687
13846145
14148141
14423084
14711542
15000000
15250181
15576916
15865374
16153855
16442313
16730771
17034444
17307687
17603673
17884626
18231655
18461542
275896
576916
865374
1153855
1430000
1730771
2019229
2307687
2596145
2884626
3162971
3461542
3740907
4038458
4326916
4615374
4900862
5192313
5480771
5769229
6076735
6346145
6634626
6923084
7211542
7500000
7788254
8076916
8384626
8653855
8972426
9230771
9524898
9807687
10096145
10384626
10650862
10961542
11250000
11538458
11826916
12115374
12397800
12692313
12991791
13269229
13557687
13846145
14133810
14423084
14711542
15000000
15291406
15576916
15865374
16153855
16442313
16730771
17034626
17307687
17624875
17884626
18250385
18461542
276032
576916
865374
1153855
1437664
1730771
2019229
2307687
2596145
2884626
3177528
3461542
3749751
4038458
4326916
4615374
4889887
5192313
5480771
5769229
6067528
6346145
6634626
6923084
7211542
7500000
7776871
8076916
8374649
8653855
8947075
9230771
9505805
9807687
10096145
10384626
10686100
10961542
11250000
11538458
11826916
12115374
12376463
12692313
12978413
13269229
13557687
13846145
14133537
14423084
14711542
15000000
15289206
15576916
15865374
16153855
16442313
16730771
17032494
17307687
17612381
17884626
18171338
18461542
270756
576916
865374
1153855
1466712
1730771
2019229
2307687
2596145
2884626
3165011
3461542
3743220
4038458
4326916
4615374
4892834
5192313
5480771
5769229
6082381
6346145
6634626
6923084
7211542
7500000
7795533
8076916
8361927
8653855
8993583
9230771
9530937
9807687
10096145
10384626
10659932
10961542
11250000
11538458
11826916
12115374
12398798
12692313
12984717
13269229
13557687
13846145
14109615
14423084
14711542
15000000
15287347
15576916
15865374
16153855
16442313
16730771
16993968
17307687
17611406
17884626
18202358
18461542
269841
576916
865374
1153855
1446961
1730771
2019229
2307687
2596145
2884626
3187370
3461542
3757800
4038458
4326916
4615374
4922517
5192313
5480771
5769229
6023265
6346145
6634626
6923084
7211542
7500000
7814875
8076916
8375170
8653855
8965193
9230771
9524830
9807687
10096145
10384626
10664195
10961542
11250000
11538458
11826916
12115374
12386961
12692313
12989093
13269229
13557687
13846145
14144218
14423084
14711542
15000000
15284308
15576916
15865374
16153855
16442313
16730771
17003991
17307687
17598322
17884626
18188231
18461542
0
0
0
0
0
0
0
0
0
0
0
0
0
0
0
0
0
0
0
0
0
0
0
0
0
0
0
0
0
0
0
0
0
0
0
0
0
0
0
0
0
0
0
0
0
0
0
0
0
0
0
0
0
0
0
0
0
0
0
0
0
0
0
0
0
0
0
0
0
0
0
0
0
0
0
0
0
0
0
0
0
0
0
0
0
0
0
0
0
0
0
0
0
0
0
0
0
0
0
0
0
0
0
0
0
0
0
0
0
0
0
0
0
0
0
0
0
0
0
0
0
0
0
0
0
0
0
0
0
0
0
0
0
0
0
0
0
0
0
0
0
0
0
0
0
0
0
0
0
0
0
0
0
0
0
0
0
0
0
0
0
0
0
0
0
0
0
0
0
0
0
0
0
0
0
0
0
0
0
0
0
0
0
0
0
0
0
0
0
0
0
0
0
0
0
0
0
0
0
0
0
0
0
0
0
0
0
0
0
0
0
0
0
0
0
0
0
0
0
0
0
0
0
0
0
0
0
0
0
0
0
0
0
0
0
0
0
0
0
0
0
0
0
0
0
0
0
0
0
0
0
0
0
0
0
0
0
0
0
0
0
0
0
0
0
0
0
0
0
0
0
0
0
0
0
0
0
0
0
0
0
0
0
0
0
0
0
0
0
0
0
0
0
0
0
0
0
0
0
0
0
0
0
0
0
0
0
0
0
0
0
0
0
0
0
0
0
0
0
0
0
0
0
0
0
0
0
0
0
0
0
0
0
0
0
0
0
0
0
0
0
0
0
0
0
0
0
0
0
0
0
0
0
0
0
0
0
0
0
0
0
0
0
0
0
0
0
0
0
0
0
0
0
0
0
0
0
0
0
0
0
0
0
0
0
0
0
0
0
0
0
0
0
0
0
0
0
0
0
0
0
0
0
0
0
0
0
0
0
0
0
0
0
0
0
0
0
0
0
0
0
0
0
0
0
0
0
0
0
0
0
0
0
0
0
0
0
0
0
0
0
0
0
0
0
0
0
0
0
0
0
0
0
0
0
0
0
0
0
0
0
0
0
0
0
0
0
0
0
0
0
0
0
0
0
0
0
0
0
0
0
0
0
0
0
0
0
0
0
0
0
0
0
0
0
0
0
0
0
0
0
0
0
0
0
0
0
0
0
0
0
0
0
0
0
0
0
0
0
0
0
0
0
0
0
0
0
0
0
0
0
0
0
0
0
0
0
0
0
0
0
0
0
0
0
0
0
0
0
0
0
0
0
0
0
0
0
0
0
0
0
0
0
0
0
0
0
0
0
0
0
0
0
0
0
0
0
0
0
0
0
0
0
0
0
0
0
0
0
0
0
0
0
0
0
0
0
0
0
0
0
0
0
0
0
0
0
0
0
0
0
0
0
0
0
0
0
0
0
0
0
0
0
0
0
0
0
0
0
0
0
0
0
0
0
0
0
0
0
0
0
0
0
0
0
0
0
0
0
0
0
0
0
0
0
0
0
0
0
0
0
0
0
0
0
0
0
0
0
0
0
0
0
0
0
0
0
0
0
0
0
0
0
0
0
0
0
0
0
0
0
0
0
0
0
0
0
0
0
0
0
0
0
0
0
0
0
0
0
0
0
0
0
0
0
0
0
0
0
0
0
0
0
0
0
0
0
0
0
0
0
0
0
0
0
0
0
0
0
0
0
0
0
0
0
0
0
0
0
0
0
0
0
0
0
0
0
0
0
0
0
0
0
0
0
0
0
0
0
0
0
0
0
0
0
0
0
0
0
0
0
0
0
0
0
0
0
0
0
0
0
0
0
0
0
0
0
0
0
0
0
0
0
0
0
0
0
0
0
0
0
0
0
0
0
0
0
0
0
0
0
0
0
0
0
0
0
0
0
0
0
0
163175
340907
511361
681814
843401
1022721
1193175
1363628
1534082
1704535
1895692
2045465
2207029
2386372
2556825
2727279
2882857
3068186
3238639
3409093
3578050
3750000
3920454
4090907
4261361
4431814
4590862
4772721
4937664
5113628
5277506
5454535
5610975
5795465
5965918
6136372
6286485
6477279
6647732
6818186
6988639
7159093
7315351
7500000
7673107
7840907
8011361
8181814
8341837
8522721
8693175
8863628
9040862
9204535
9375011
9545465
9715918
9886372
10051701
10227279
10376621
10568186
10738050
10909093
164943
340907
511361
681814
835669
1022721
1193175
1363628
1534082
1704535
1864172
2045465
2200431
2386372
2556825
2727279
2913016
3068186
3238639
3409093
3568889
3750000
3920454
4090907
4261361
4431814
4618141
4772721
4924059
5113628
5267596
5454535
5613855
5795465
5965918
6136372
6285850
6477279
6647732
6818186
6988639
7159093
7324195
7500000
7671973
7840907
8011361
8181814
8370454
8522721
8693175
8863628
9024376
9204535
9375011
9545465
9715918
9886372
10043560
10227279
10385374
10568186
10721156
10909093
208413
340907
511361
681814
860680
1022721
1193175
1363628
1534082
1704535
1900907
2045465
2223605
2386372
2556825
2727279
2892041
3068186
3238639
3409093
3578889
3750000
3920454
4090907
4261361
4431814
4600272
4772721
4935193
5113628
5294853
5454535
5611973
5795465
5965918
6136372
6316485
6477279
6647732
6818186
6988639
7159093
7336259
7500000
7683741
7840907
8011361
8181814
8364875
8522721
8693175
8863628
9029070
9204535
9375011
9545465
9715918
9886372
10087914
10227279
10430862
10568186
10781451
10909093
167438
340907
511361
681814
852880
1022721
1193175
1363628
1534082
1704535
1897075
2045465
2235782
2386372
2556825
2727279
2884558
3068186
3238639
3409093
3590408
3750000
3920454
4090907
4261361
4431814
4615420
4772721
4957256
5113628
5312721
5454535
5643651
5795465
5965918
6136372
6277937
6477279
6647732
6818186
6988639
7159093
7318662
7500000
7671315
7840907
8011361
8181814
8346576
8522721
8693175
8863628
9045442
9204535
9375011
9545465
9715918
9886372
10095102
10227279
10409501
10568186
10754263
10909093
184898
340907
511361
681814
838073
1022721
1193175
1363628
1534082
1704535
1881043
2045465
2211587
2386372
2556825
2727279
2899955
3068186
3238639
3409093
3573583
3750000
3920454
4090907
4261361
4431814
4603175
4772721
4944626
5113628
5288209
5454535
5645215
5795465
5965918
6136372
6285556
6477279
6647732
6818186
6988639
7159093
7334172
7500000
7683424
7840907
8011361
8181814
8355782
8522721
8693175
8863628
9007392
9204535
9375011
9545465
9715918
9886372
10064127
10227279
10397846
10568186
10742676
10909093
179955
340907
511361
681814
855873
1022721
1193175
1363628
1534082
1704535
1892200
2045465
2213175
2386372
2556825
2727279
2896531
3068186
3238639
3409093
3589728
3750000
3920454
4090907
4261361
4431814
4628118
4772721
4962358
5113628
5306349
5454535
5638707
5795465
5965918
6136372
6307188
6477279
6647732
6818186
6988639
7159093
7338186
7500000
7665193
7840907
8011361
8181814
8374082
8522721
8693175
8863628
9030023
9204535
9375011
9545465
9715918
9886372
10068141
10227279
10412721
10568186
10757664
10909093
178413
340907
511361
681814
860227
1022721
1193175
1363628
1534082
1704535
1863991
2045465
2200771
2386372
2556825
2727279
2911406
3068186
3238639
3409093
3580045
3750000
3920454
4090907
4261361
4431814
4607914
4772721
4949637
5113628
5294127
5454535
5635238
5795465
5965918
6136372
6319977
6477279
6647732
6818186
6988639
7159093
7341701
7500000
7669887
7840907
8011361
8181814
8363469
8522721
8693175
8863628
9035986
9204535
9375011
9545465
9715918
9886372
10068254
10227279
10390204
10568186
10739070
10909093
0
0
0
0
0
0
0
0
0
0
0
0
0
0
0
0
0
0
0
0
0
0
0
0
0
0
0
0
0
0
0
0
0
0
0
0
0
0
0
0
0
0
0
0
0
0
0
0
0
0
0
0
0
0
0
0
0
0
0
0
0
0
0
0
0
0
0
0
0
0
0
0
0
0
0
0
0
0
0
0
0
0
0
0
0
0
0
0
0
0
0
0
0
0
0
0
0
0
0
0
0
0
0
0
0
0
0
0
0
0
0
0
0
0
0
0
0
0
0
0
0
0
0
0
0
0
0
0
0
0
0
0
0
0
0
0
0
0
0
0
0
0
0
0
0
0
0
0
0
0
0
0
0
0
0
0
0
0
0
0
0
0
0
0
0
0
0
0
0
0
0
0
0
0
0
0
0
0
0
0
0
0
0
0
0
0
0
0
0
0
0
0
0
0
0
0
0
0
0
0
0
0
0
0
0
0
0
0
0
0
0
0
0
0
0
0
0
0
0
0
0
0
0
0
0
0
0
0
0
0
0
0
0
0
0
0
0
0
0
0
0
0
0
0
0
0
0
0
0
0
0
0
0
0
0
0
0
0
0
0
0
0
0
0
0
0
0
0
0
0
0
0
0
0
0
0
0
0
0
0
0
0
0
0
0
0
0
0
0
0
0
0
0
0
0
0
0
0
0
0
0
0
0
0
0
0
0
0
0
0
0
0
0
0
0
0
0
0
0
0
0
0
0
0
0
0
0
0
0
0
0
0
0
0
0
0
0
0
0
0
0
0
0
0
0
0
0
0
0
0
0
0
0
0
0
0
0
0
0
0
0
0
0
0
0
0
0
0
0
0
0
0
0
0
0
0
0
0
0
0
0
0
0
0
0
0
0
0
0
0
0
0
0
0
0
0
0
0
0
0
0
0
0
0
0
0
0
0
0
0
0
0
0
0
0
0
0
0
0
0
0
0
0
0
0
0
0
0
0
0
0
0
0
0
0
0
0
0
0
0
0
0
0
0
0
0
0
0
0
0
0
0
0
0
0
0
0
0
0
0
0
0
0
0
0
0
0
0
0
0
0
0
0
0
0
0
0
0
0
0
0
0
0
0
0
0
0
0
0
0
0
0
0
0
0
0
0
0
0
0
0
0
0
0
0
0
0
0
0
0
0
0
0
0
0
0
0
0
0
0
0
0
0
0
0
0
0
0
0
0
0
0
0
0
0
0
0
0
0
0
0
0
0
0
0
0
0
0
0
0
0
0
0
0
0
0
0
0
0
0
0
0
0
0
0
0
0
0
0
0
0
0
0
0
0
0
0
0
0
0
0
0
0
0
0
0
0
0
0
0
0
0
0
0
0
0
0
0
0
0
0
0
0
0
0
0
0
0
0
0
0
0
0
0
0
0
0
0
0
0
0
0
0
0
0
0
0
0
0
0
0
0
0
0
0
0
0
0
0
0
0
0
0
0
0
0
0
0
0
0
0
0
0
0
0
0
0
0
0
0
0
0
0
0
0
0
0
0
0
0
0
0
0
0
0
0
0
0
0
0
0
0
0
0
0
0
0
0
0
0
0
0
0
0
0
0
0
0
0
0
0
0
0
0
0
0
0
0
0
0
0
0
0
0
0
0
0
0
0
0
0
0
0
0
0
0
0
0
0
0
0
0
0
0
0
0
0
0
0
0
0
0
0
0
0
0
0
0
0
0
0
0
0
0
0
0
0
0
0
0
0
0
0
0
0
0
0
0
0
0
0
0
0
0
0
0
0
0
0
0
0
0
0
0
0
0
0
0
0
0
0
0
0
0
0
0
0
0
0
0
0
0
0
0
0
0
0
0
0
0
0
0
0
0
0
0
0
0
0
0
0
0
0
0
0
0
0
0
0
0
0
0
586
380
296
272
872
406
342
282
208
161
441
296
566
324
235
181
323
278
234
165
687
410
336
259
199
162
310
201
813
447
301
195
334
265
230
198
594
333
292
235
179
134
406
263
583
297
239
200
406
332
259
211
680
414
293
226
191
164
257
198
649
388
346
226
253
149
102
92
593
390
261
194
165
141
210
145
461
246
174
144
290
161
135
115
359
207
142
120
104
88
127
106
443
246
207
110
216
121
97
75
420
262
205
166
143
118
237
129
684
401
281
216
522
295
235
211
279
120
92
85
80
69
156
85
667
407
276
180
557
307
211
160
1182
468
319
248
205
172
669
326
971
419
273
206
514
286
212
167
827
383
272
200
171
146
622
320
1919
748
556
303
287
191
143
103
1673
674
434
295
242
194
486
239
691
326
247
185
436
249
190
164
962
376
260
214
168
135
508
268
1161
463
429
220
630
366
268
217
942
466
269
168
107
67
430
235
839
353
221
185
344
189
140
101
1014
435
235
166
136
124
586
288
901
418
1032
519
599
309
214
153
1061
432
228
127
81
58
649
296
833
330
201
142
506
318
246
208
1045
481
297
219
178
146
496
255
1042
491
407
288
485
211
109
145
1081
380
203
152
147
129
375
155
1697
482
365
291
710
476
419
300
597
258
232
166
80
67
394
184
1167
456
574
262
270
169
201
185
1072
347
216
213
169
112
627
241
851
256
210
202
467
311
193
123
742
239
214
191
105
63
845
324
1237
409
489
191
291
135
93
72
1152
497
295
199
141
104
659
320
1184
485
275
179
505
219
136
96
877
407
241
165
120
91
827
367
560
244
893
481
464
268
185
134
940
401
244
164
118
89
790
360
1083
460
266
175
403
199
130
97
890
402
243
165
117
85
492
231
1124
508
932
431
336
229
177
121
1275
726
391
229
151
99
501
309
989
548
304
181
401
227
151
105
1191
515
299
223
133
81
456
277
1047
590
326
204
469
253
156
110
1360
709
383
233
157
107
430
238
1479
830
421
242
290
139
96
75
1171
627
346
211
140
94
482
293
1139
626
579
353
0
0
0
0
0
0
0
0
0
0
0
0
0
0
0
0
0
0
0
0
0
0
0
0
0
0
0
0
0
0
0
0
0
0
0
0
0
0
0
0
0
0
0
0
0
0
0
0
0
0
0
0
0
0
0
0
0
0
0
0
0
0
0
0
0
0
0
0
0
0
0
0
0
0
0
0
0
0
0
0
0
0
0
0
0
0
0
0
0
0
0
0
0
0
0
0
0
0
0
0
0
0
0
0
0
0
0
0
0
0
0
0
0
0
0
0
0
0
0
0
0
0
0
0
0
0
0
0
0
0
0
0
0
0
0
0
0
0
0
0
0
0
0
0
0
0
0
0
0
0
0
0
0
0
0
0
0
0
0
0
0
0
0
0
0
0
0
0
0
0
0
0
0
0
0
0
0
0
0
0
0
0
0
0
0
0
0
0
0
0
0
0
0
0
0
0
0
0
0
0
0
0
0
0
0
0
0
0
0
0
0
0
0
0
0
0
0
0
0
0
0
0
0
0
0
0
0
0
0
0
0
0
0
0
0
0
0
0
0
0
0
0
0
0
0
0
0
0
0
0
0
0
0
0
0
0
0
0
0
0
0
0
0
0
0
0
0
0
0
0
0
0
0
0
0
0
0
0
0
0
0
0
0
0
0
0
0
0
0
0
0
0
0
0
0
0
0
0
0
0
0
0
0
0
0
0
0
0
0
0
0
0
0
0
0
0
0
0
0
0
0
0
0
0
0
0
0
0
0
0
0
0
0
0
0
0
0
0
0
0
0
0
0
0
0
0
0
0
0
0
0
0
0
0
0
0
0
0
0
0
0
0
0
0
0
0
0
0
0
0
0
0
0
0
0
0
0
0
0
0
0
0
0
0
0
0
0
0
0
0
0
0
0
0
0
0
0
0
0
0
0
0
0
0
0
0
0
0
0
0
0
0
0
0
0
0
0
0
0
0
0
0
0
0
0
0
0
0
0
0
0
0
0
0
0
0
0
0
0
0
0
0
0
0
0
0
0
0
0
0
0
0
0
0
0
0
0
0
0
0
0
0
0
0
0
0
0
0
0
0
0
0
0
0
0
0
0
0
0
0
0
0
0
0
0
0
0
0
0
0
0
0
0
0
0
0
0
0
0
0
0
0
0
0
0
0
0
0
0
0
0
0
0
0
0
0
0
0
0
0
0
0
0
0
0
0
0
0
0
0
0
0
0
0
0
0
0
0
0
0
0
0
0
0
0
0
0
0
0
0
0
0
0
0
0
0
0
0
0
0
0
0
0
0
0
0
0
0
0
0
0
0
0
0
0
0
0
0
0
0
0
0
0
0
0
0
0
0
0
0
0
0
0
0
0
0
0
0
0
0
0
0
0
0
0
0
0
0
0
0
0
0
0
0
0
0
0
0
0
0
0
0
0
0
0
0
0
0
0
0
0
0
0
0
0
0
0
0
0
0
0
0
0
0
0
0
0
0
0
0
0
0
0
0
0
0
0
0
0
0
0
0
0
0
0
0
0
0
0
0
0
0
0
0
0
0
0
0
0
0
0
0
0
0
0
0
0
0
0
0
0
0
0
0
0
0
0
0
0
0
0
0
0
0
0
0
0
0
0
0
0
0
0
0
0
0
0
0
0
0
0
0
0
0
0
0
0
0
0
0
0
0
0
0
0
0
0
0
0
0
0
0
0
0
0
0
0
0
0
0
0
0
0
0
0
0
0
0
0
0
0
0
0
0
0
0
0
0
0
0
0
0
0
0
0
0
0
0
0
0
0
0
0
0
0
0
0
0
0
0
0
0
0
0
0
0
0
0
0
0
0
0
0
0
0
0
0
0
0
0
0
0
0
0
0
0
0
0
0
0
0
0
0
0
0
0
0
0
0
0
0
0
485
337
277
254
1265
530
476
408
330
305
355
273
621
265
221
198
358
271
227
198
762
275
245
212
207
201
278
187
583
333
302
159
377
285
252
203
654
359
353
341
299
296
309
200
462
203
174
151
266
211
174
139
857
352
302
272
228
216
385
268
757
341
347
202
317
220
172
149
721
392
317
237
208
184
278
189
632
415
307
250
296
254
208
168
617
378
287
244
206
188
191
150
391
220
255
161
355
258
210
167
747
428
346
284
232
199
238
144
524
357
303
239
379
239
155
132
643
410
318
265
219
181
213
156
396
217
378
274
204
159
120
97
455
246
167
130
99
78
205
134
612
360
234
162
186
139
93
70
453
248
167
128
97
77
185
121
473
273
324
180
248
128
108
68
503
262
190
136
105
83
195
129
535
297
201
155
220
132
83
62
627
385
264
184
140
109
176
126
554
352
222
171
423
230
168
156
1183
732
482
305
201
150
541
388
915
546
353
241
647
421
287
236
1075
634
338
220
180
189
1139
780
971
541
627
416
468
362
329
323
1131
492
320
276
265
255
870
556
1065
576
356
257
558
391
348
282
1009
585
397
279
177
115
747
502
1283
715
773
426
697
386
176
201
1419
698
322
183
247
265
507
320
1991
651
461
428
443
262
334
325
1390
681
411
231
169
179
494
269
869
389
985
611
474
336
206
119
1578
596
353
363
344
263
748
381
1224
592
296
218
589
357
214
140
1205
609
322
189
214
224
660
411
1540
600
1146
610
416
270
194
149
1113
628
402
291
230
182
432
302
1119
626
393
284
284
198
150
119
1029
614
389
277
215
168
496
331
1195
712
466
329
345
242
179
142
1280
709
446
313
243
188
462
328
1062
604
389
277
239
157
127
106
1071
639
392
292
228
189
426
309
1232
715
435
306
518
409
297
182
1413
998
634
454
355
284
390
289
1163
769
521
379
821
482
294
182
1757
1217
779
528
384
287
657
461
875
613
706
505
547
387
327
265
1615
1209
764
561
422
326
785
560
1144
806
547
400
682
376
258
189
1703
1240
784
545
384
285
651
437
1334
939
596
420
0
0
0
0
0
0
0
0
0
0
0
0
0
0
0
0
0
0
0
0
0
0
0
0
0
0
0
0
0
0
0
0
0
0
0
0
0
0
0
0
0
0
0
0
0
0
0
0
0
0
0
0
0
0
0
0
0
0
0
0
0
0
0
0
0
0
0
0
0
0
0
0
0
0
0
0
0
0
0
0
0
0
0
0
0
0
0
0
0
0
0
0
0
0
0
0
0
0
0
0
0
0
0
0
0
0
0
0
0
0
0
0
0
0
0
0
0
0
0
0
0
0
0
0
0
0
0
0
0
0
0
0
0
0
0
0
0
0
0
0
0
0
0
0
0
0
0
0
0
0
0
0
0
0
0
0
0
0
0
0
0
0
0
0
0
0
0
0
0
0
0
0
0
0
0
0
0
0
0
0
0
0
0
0
0
0
0
0
0
0
0
0
0
0
0
0
0
0
0
0
0
0
0
0
0
0
0
0
0
0
0
0
0
0
0
0
0
0
0
0
0
0
0
0
0
0
0
0
0
0
0
0
0
0
0
0
0
0
0
0
0
0
0
0
0
0
0
0
0
0
0
0
0
0
0
0
0
0
0
0
0
0
0
0
0
0
0
0
0
0
0
0
0
0
0
0
0
0
0
0
0
0
0
0
0
0
0
0
0
0
0
0
0
0
0
0
0
0
0
0
0
0
0
0
0
0
0
0
0
0
0
0
0
0
0
0
0
0
0
0
0
0
0
0
0
0
0
0
0
0
0
0
0
0
0
0
0
0
0
0
0
0
0
0
0
0
0
0
0
0
0
0
0
0
0
0
0
0
0
0
0
0
0
0
0
0
0
0
0
0
0
0
0
0
0
0
0
0
0
0
0
0
0
0
0
0
0
0
0
0
0
0
0
0
0
0
0
0
0
0
0
0
0
0
0
0
0
0
0
0
0
0
0
0
0
0
0
0
0
0
0
0
0
0
0
0
0
0
0
0
0
0
0
0
0
0
0
0
0
0
0
0
0
0
0
0
0
0
0
0
0
0
0
0
0
0
0
0
0
0
0
0
0
0
0
0
0
0
0
0
0
0
0
0
0
0
0
0
0
0
0
0
0
0
0
0
0
0
0
0
0
0
0
0
0
0
0
0
0
0
0
0
0
0
0
0
0
0
0
0
0
0
0
0
0
0
0
0
0
0
0
0
0
0
0
0
0
0
0
0
0
0
0
0
0
0
0
0
0
0
0
0
0
0
0
0
0
0
0
0
0
0
0
0
0
0
0
0
0
0
0
0
0
0
0
0
0
0
0
0
0
0
0
0
0
0
0
0
0
0
0
0
0
0
0
0
0
0
0
0
0
0
0
0
0
0
0
0
0
0
0
0
0
0
0
0
0
0
0
0
0
0
0
0
0
0
0
0
0
0
0
0
0
0
0
0
0
0
0
0
0
0
0
0
0
0
0
0
0
0
0
0
0
0
0
0
0
0
0
0
0
0
0
0
0
0
0
0
0
0
0
0
0
0
0
0
0
0
0
0
0
0
0
0
0
0
0
0
0
0
0
0
0
0
0
0
0
0
0
0
0
0
0
0
0
0
0
0
0
0
0
0
0
0
0
0
0
0
0
0
0
0
0
0
0
0
0
0
0
0
0
0
0
0
0
0
0
0
0
0
0
0
0
0
0
0
0
0
0
0
0
0
0
0
0
0
0
0
0
0
0
0
0
0
0
0
0
0
0
0
0
0
0
0
0
0
0
0
0
0
0
0
0
0
0
0
0
0
0
0
0
0
0
0
0
0
0
0
0
0
0
0
0
0
0
0
0
0
0
0
0
0
0
0
0
0
0
0
0
0
0
0
0
0
0
0
0
0
0
0
0
0
0
0
0
0
0
0
0
0
0
0
20
20
20
20
20
20
20
20
20
20
45
20
45
20
20
20
20
20
20
20
20
20
20
20
20
20
45
20
45
20
45
20
20
20
20
20
20
20
20
20
20
20
45
20
45
20
20
20
20
20
20
20
20
20
20
20
20
20
45
20
45
20
45
20
46
46
46
46
46
46
46
46
46
46
46
46
46
46
46
46
46
46
46
46
46
46
46
46
46
46
46
46
46
46
46
46
46
46
46
46
46
46
46
46
46
46
46
46
46
46
46
46
46
46
46
46
46
46
46
46
46
46
46
46
46
46
46
46
46
46
46
46
46
46
46
46
46
46
46
46
46
46
46
46
46
46
46
46
46
46
46
46
46
46
46
46
46
46
46
46
46
46
46
46
46
46
46
46
46
46
46
46
46
46
46
46
46
46
46
46
46
46
46
46
46
46
46
46
46
46
46
46
46
46
46
46
46
46
46
46
46
46
46
46
46
46
46
46
46
46
46
46
46
46
46
46
46
46
46
46
46
46
46
46
46
46
46
46
46
46
46
46
46
46
46
46
46
46
46
46
46
46
46
46
46
46
46
46
46
46
46
46
46
46
46
46
46
46
46
46
46
46
46
46
46
46
46
46
46
46
46
46
46
46
46
46
46
46
46
46
46
46
46
46
46
46
46
46
46
46
46
46
46
46
46
46
46
46
46
46
46
46
46
46
46
46
46
46
46
46
46
46
46
46
46
46
46
46
46
46
46
46
46
46
46
46
46
46
46
46
46
46
46
46
46
46
46
46
46
46
46
46
46
46
46
46
46
46
46
46
46
46
46
46
46
46
46
46
46
46
46
46
46
46
46
46
46
46
46
46
46
46
46
46
46
46
46
46
46
46
46
46
46
46
46
46
46
46
46
46
46
46
46
46
46
46
46
46
46
46
46
46
46
46
46
46
46
46
46
46
46
46
46
46
46
46
46
46
46
46
46
46
46
46
46
46
46
46
46
46
46
46
46
46
46
46
46
46
46
46
46
46
46
46
46
46
46
46
46
46
46
46
46
46
46
46
46
46
46
46
46
46
46
46
46
46
46
46
46
46
46
46
46
46
46
46
46
46
46
46
46
46
46
46
46
46
46
46
46
46
46
46
46
46
46
46
46
46
46
46
46
46
46
46
46
46
46
46
46
46
46
46
46
46
46
46
46
46
46
46
46
46
46
46
46
46
46
46
46
46
46
46
46
46
46
46
46
46
46
46
46
46
46
46
46
46
46
46
46
46
46
46
46
46
46
46
46
46
46
46
46
46
46
46
46
46
46
46
46
46
46
46
46
46
46
46
46
46
46
46
46
46
46
46
46
46
46
46
46
46
46
46
46
46
46
46
46
46
46
46
46
46
46
46
46
46
46
46
46
46
46
46
46
46
46
46
46
46
46
46
46
46
46
46
46
46
46
46
46
46
46
46
46
46
46
46
46
46
46
46
46
46
46
46
46
46
46
46
46
46
46
46
46
46
46
46
46
46
46
46
46
46
46
46
46
46
46
46
46
46
46
46
46
46
46
46
46
46
46
46
46
46
46
46
46
46
46
46
46
46
46
46
46
46
46
46
46
46
46
46
46
46
46
46
20
20
20
20
20
20
20
20
20
20
45
20
45
20
20
20
20
20
20
20
20
20
20
20
20
20
45
20
45
20
45
20
20
20
20
20
20
20
20
20
20
20
45
20
45
20
20
20
20
20
20
20
20
20
20
20
20
20
45
20
45
20
45
20
20
20
20
20
20
20
20
20
20
20
45
20
45
20
20
20
20
20
20
20
20
20
20
20
20
20
45
20
45
20
45
20
46
46
46
46
46
46
46
46
46
46
46
46
46
46
46
46
46
46
46
46
46
46
46
46
46
46
46
46
46
46
46
46
46
46
46
46
46
46
46
46
46
46
46
46
46
46
46
46
46
46
46
46
46
46
46
46
46
46
46
46
46
46
46
46
46
46
46
46
46
46
46
46
46
46
46
46
46
46
46
46
46
46
46
46
46
46
46
46
46
46
46
46
46
46
46
46
46
46
46
46
46
46
46
46
46
46
46
46
46
46
46
46
46
46
46
46
46
46
46
46
46
46
46
46
46
46
46
46
46
46
46
46
46
46
46
46
46
46
46
46
46
46
46
46
46
46
46
46
46
46
46
46
46
46
46
46
46
46
46
46
46
46
46
46
46
46
46
46
46
46
46
46
46
46
46
46
46
46
46
46
46
46
46
46
46
46
46
46
46
46
46
46
46
46
46
46
46
46
46
46
46
46
46
46
46
46
46
46
46
46
46
46
46
46
46
46
46
46
46
46
46
46
46
46
46
46
46
46
46
46
46
46
46
46
46
46
46
46
46
46
46
46
46
46
46
46
46
46
46
46
46
46
46
46
46
46
46
46
46
46
46
46
46
46
46
46
46
46
46
46
46
46
46
46
46
46
46
46
46
46
46
46
46
46
46
46
46
46
46
46
46
46
46
46
46
46
46
46
46
46
46
46
46
46
46
46
46
46
46
46
46
46
46
46
46
46
46
46
46
46
46
46
46
46
46
46
46
46
46
46
46
46
46
46
46
46
46
46
46
46
46
46
46
46
46
46
46
46
46
46
46
46
46
46
46
46
46
46
46
46
46
46
46
46
46
46
46
46
46
46
46
46
46
46
46
46
46
46
46
46
46
46
46
46
46
46
46
46
46
46
46
46
46
46
46
46
46
46
46
46
46
46
46
46
46
46
46
46
46
46
46
46
46
46
46
46
46
46
46
46
46
46
46
46
46
46
46
46
46
46
46
46
46
46
46
46
46
46
46
46
46
46
46
46
46
46
46
46
46
46
46
46
46
46
46
46
46
46
46
46
46
46
46
46
46
46
46
46
46
46
46
46
46
46
46
46
46
46
46
46
46
46
46
46
32
32
32
32
32
32
32
32
32
32
32
32
45
32
32
32
32
32
32
32
32
32
32
32
32
32
32
32
46
46
46
46
32
32
32
32
32
32
32
32
32
32
32
32
45
32
32
32
32
32
32
32
32
32
32
32
32
32
32
32
46
46
46
46
46
46
46
46
46
46
46
46
46
46
46
46
46
46
46
46
46
46
46
46
46
46
46
46
46
46
46
46
46
46
46
46
46
46
46
46
46
46
46
46
46
46
46
46
46
46
46
46
46
46
46
46
46
46
46
46
46
46
46
46
46
46
46
46
46
46
46
46
46
46
46
46
46
46
46
46
46
46
46
46
46
46
46
46
46
46
46
46
46
46
46
46
20
20
20
20
20
20
20
20
20
20
45
20
45
20
20
20
20
20
20
20
20
20
20
20
20
20
45
20
45
20
45
20
46
46
46
46
46
46
46
46
46
46
46
46
46
46
46
46
46
46
46
46
46
46
46
46
46
46
46
46
46
46
46
46
20
20
20
20
20
20
20
20
20
20
45
20
45
20
20
20
20
20
20
20
20
20
20
20
20
20
45
20
45
20
45
20
20
20
20
20
20
20
20
20
20
20
45
20
45
20
20
20
20
20
20
20
20
20
20
20
20
20
45
20
45
20
45
20
20
20
20
20
20
20
20
20
20
20
45
20
45
20
20
20
20
20
20
20
20
20
20
20
20
20
45
20
45
20
45
20
20
20
20
20
20
20
20
20
20
20
45
20
45
20
20
20
20
20
20
20
20
20
20
20
20
20
45
20
45
20
45
20
46
46
46
46
46
46
46
46
46
46
46
46
46
46
46
46
46
46
46
46
46
46
46
46
46
46
46
46
46
46
46
46
46
46
46
46
46
46
46
46
46
46
46
46
46
46
46
46
46
46
46
46
46
46
46
46
46
46
46
46
46
46
46
46
46
46
46
46
46
46
46
46
46
46
46
46
46
46
46
46
46
46
46
46
46
46
46
46
46
46
46
46
46
46
46
46
46
46
46
46
46
46
46
46
46
46
46
46
46
46
46
46
46
46
46
46
46
46
46
46
46
46
46
46
46
46
46
46
46
46
46
46
46
46
46
46
46
46
46
46
46
46
46
46
46
46
46
46
46
46
46
46
46
46
46
46
46
46
46
46
46
46
46
46
46
46
46
46
46
46
46
46
46
46
46
46
46
46
46
46
46
46
46
46
46
46
46
46
46
46
46
46
46
46
46
46
46
46
46
46
46
46
46
46
46
46
46
46
46
46
46
46
46
46
46
46
46
46
46
46
46
46
46
46
46
46
46
46
46
46
46
46
46
46
46
46
46
46
46
46
46
46
46
46
46
46
46
46
46
46
46
46
46
46
46
46
46
46
46
46
46
46
46
46
46
46
46
46
46
46
46
46
46
46
46
46
46
46
46
46
46
46
46
46
46
46
46
46
46
46
46
46
46
46
46
46
46
46
46
46
46
46
46
46
46
46
46
46
46
46
46
46
46
46
46
46
46
46
46
46
46
46
46
46
46
46
46
46
46
46
46
46
46
46
46
46
46
46
46
46
46
46
46
46
46
46
46
46
46
46
46
46
46
46
46
46
32
32
32
32
32
32
32
32
32
32
32
32
45
32
32
32
32
32
32
32
32
32
32
32
32
32
32
32
46
46
46
46
32
32
32
32
32
32
32
32
32
32
32
32
45
32
32
32
32
32
32
32
32
32
32
32
32
32
32
32
46
46
46
46
32
32
32
32
32
32
32
32
32
32
32
32
45
32
32
32
32
32
32
32
32
32
32
32
32
32
32
32
46
46
46
46
46
46
46
46
46
46
46
46
46
46
46
46
46
46
46
46
46
46
46
46
46
46
46
46
46
46
46
46
20
20
20
20
20
20
20
20
20
20
45
20
45
20
20
20
20
20
20
20
20
20
20
20
20
20
45
20
45
20
45
20
46
46
46
46
46
46
46
46
46
46
46
46
46
46
46
46
46
46
46
46
46
46
46
46
46
46
46
46
46
46
46
46
46
46
46
46
46
46
46
46
46
46
46
46
46
46
46
46
46
46
46
46
46
46
46
46
46
46
46
46
46
46
46
46
46
46
46
46
46
46
46
46
46
46
46
46
46
46
46
46
46
46
46
46
46
46
46
46
46
46
46
46
46
46
46
46
46
46
46
46
46
46
46
46
46
46
46
46
46
46
46
46
46
46
46
46
46
46
46
46
46
46
46
46
46
46
46
46
46
46
46
46
46
46
46
46
46
46
46
46
46
46
46
46
46
46
46
46
46
46
46
46
46
46
46
46
46
46
46
46
46
46
46
46
46
46
46
46
46
46
46
46
46
46
46
46
46
46
46
46
46
46
46
46
46
46
46
46
46
46
46
46
46
46
46
46
46
46
46
46
46
46
46
46
46
46
46
46
46
46
46
46
46
46
46
46
46
46
46
46
46
46
46
46
46
46
46
46
46
46
46
46
46
46
46
46
46
46
46
46
46
46
46
46
46
46
46
46
46
46
46
46
46
46
46
46
46
46
46
46
46
46
46
46
46
46
46
46
46
46
46
46
46
46
46
46
46
46
46
46
46
46
46
46
46
46
46
46
46
46
46
46
46
46
46
46
46
46
46
46
46
46
46
46
46
46
46
46
46
46
46
46
46
46
46
46
46
46
46
46
46
46
46
46
46
46
46
46
46
46
46
46
46
46
46
46
46
46
46
46
46
46
46
46
46
46
46
46
46
46
46
46
46
46
46
46
46
46
46
46
46
46
46
46
46
46
46
46
46
46
46
46
46
46
46
46
46
46
46
46
46
46
46
46
46
46
46
46
46
46
46
46
46
46
46
46
46
46
46
46
46
46
46
46
46
46
46
46
46
46
46
46
46
46
46
46
46
46
46
46
46
46
46
46
46
46
46
46
46
46
46
46
46
46
46
46
46
46
46
46
46
46
46
46
46
46
46
46
46
46
46
46
46
46
46
46
46
46
46
46
46
46
46
46
46
46
46
46
46
46
46
46
46
46
46
46
46
46
46
46
46
46
46
46
46
46
46
46
46
46
46
46
46
46
46
46
46
46
46
46
46
46
46
46
46
46
46
46
46
46
46
46
46
46
46
46
46
46
46
46
46
46
46
46
46
46
46
46
46
46
46
46
46
46
46
46
46
46
46
46
46
46
46
46
46
46
46
46
46
46
46
46
46
46
46
46
46
46
46
46
46
46
46
46
46
46
46
46
46
46
46
46
46
46
46
46
46
46
46
46
32
32
32
32
32
32
32
32
32
32
32
32
45
32
32
32
32
32
32
32
32
32
32
32
32
32
32
32
46
46
46
46
46
46
46
46
46
46
46
46
46
46
46
46
46
46
46
46
46
46
46
46
46
46
46
46
46
46
46
46
46
46
46
46
32
32
32
32
32
32
32
32
32
32
32
32
45
32
32
32
32
32
32
32
32
32
32
32
32
32
32
32
46
46
46
46
32
32
32
32
32
32
32
32
32
32
32
32
45
32
32
32
32
32
32
32
32
32
32
32
32
32
32
32
46
46
46
46
32
32
32
32
32
32
32
32
32
32
32
32
45
32
32
32
32
32
32
32
32
32
32
32
32
32
32
32
46
46
46
46
32
32
32
32
32
32
32
32
32
32
32
32
45
32
32
32
32
32
32
32
32
32
32
32
32
32
32
32
46
46
46
46
46
46
46
46
46
46
46
46
46
46
46
46
46
46
46
46
46
46
46
46
46
46
46
46
46
46
46
46
46
46
46
46
46
46
46
46
46
46
46
46
46
46
46
46
46
46
46
46
46
46
46
46
46
46
46
46
46
46
46
46
46
46
46
46
46
46
46
46
46
46
46
46
46
46
46
46
46
46
46
46
46
46
46
46
46
46
46
46
46
46
46
46
46
46
46
46
46
46
46
46
46
46
46
46
46
46
46
46
46
46
46
46
46
46
46
46
46
46
46
46
46
46
46
46
46
46
46
46
46
46
46
46
46
46
46
46
46
46
46
46
46
46
46
46
46
46
46
46
46
46
46
46
46
46
46
46
46
46
46
46
46
46
46
46
46
46
46
46
46
46
46
46
46
46
46
46
46
46
46
46
46
46
46
46
46
46
46
46
46
46
46
46
46
46
46
46
46
46
46
46
46
46
46
46
46
46
46
46
46
46
46
46
46
46
46
46
46
46
46
46
46
46
46
46
46
46
46
46
46
46
46
46
46
46
46
46
46
46
46
46
46
46
46
46
46
46
46
46
46
46
46
46
46
46
46
46
46
46
46
46
46
46
46
46
46
46
46
46
46
46
46
46
46
46
46
46
46
46
46
46
46
46
46
46
46
46
46
46
46
46
46
46
46
46
46
46
46
46
46
46
46
46
46
46
46
46
46
46
46
46
46
46
46
46
46
46
46
46
46
46
46
46
46
46
46
46
46
46
46
46
46
46
46
46
46
46
46
46
46
46
46
46
46
46
46
46
46
46
46
46
46
46
46
46
46
46
46
46
46
46
46
46
46
46
46
46
46
46
46
46
46
46
46
46
46
46
46
46
46
46
46
46
46
46
46
46
46
46
46
46
46
46
46
46
46
46
46
46
46
46
46
46
46
46
46
46
46
46
46
46
46
46
46
46
46
46
46
46
46
46
46
46
46
46
46
46
46
46
46
46
46
46
46
46
46
46
46
46
46
46
46
46
46
46
46
46
46
46
46
46
46
46
46
46
46
46
46
46
46
46
46
46
46
46
46
46
46
46
46
46
46
46
46
46
46
46
46
46
46
46
32
32
32
32
32
32
32
32
32
32
32
32
45
32
32
32
32
32
32
32
32
32
32
32
32
32
32
32
46
46
46
46
46
46
46
46
46
46
46
46
46
46
46
46
46
46
46
46
46
46
46
46
46
46
46
46
46
46
46
46
46
46
46
46
46
46
46
46
46
46
46
46
46
46
46
46
46
46
46
46
46
46
46
46
46
46
46
46
46
46
46
46
46
46
46
46
46
46
46
46
46
46
46
46
46
46
46
46
46
46
46
46
46
46
46
46
46
46
46
46
46
46
46
46
46
46
46
46
46
46
46
46
46
46
46
46
46
46
46
46
46
46
46
46
46
46
46
46
46
46
46
46
46
46
46
46
46
46
46
46
46
46
46
46
46
46
46
46
46
46
46
46
46
46
46
46
46
46
46
46
46
46
46
46
46
46
46
46
46
46
46
46
46
46
46
46
46
46
46
46
46
46
46
46
46
46
46
46
46
46
46
46
46
46
46
46
46
46
46
46
46
46
46
46
46
46
46
46
46
46
46
46
46
46
46
46
46
46
46
46
46
46
46
46
46
46
46
46
46
46
46
46
46
46
46
46
46
46
46
46
46
46
46
46
46
46
46
46
46
46
46
46
46
46
46
46
46
46
46
46
46
46
46
46
46
46
46
46
46
46
46
46
46
46
46
46
46
46
46
46
46
46
46
46
46
46
46
46
46
46
46
46
46
46
46
46
46
46
46
46
46
46
46
46
46
46
46
46
46
46
46
46
46
46
46
46
46
46
46
46
46
46
46
46
46
46
46
46
46
46
46
46
46
46
46
46
46
46
46
46
46
46
46
46
46
46
46
46
46
46
46
46
46
46
46
46
46
46
46
46
46
46
46
46
46
46
46
46
46
46
46
46
46
46
46
46
46
46
46
46
46
46
46
46
46
46
46
46
46
46
46
46
46
46
46
46
46
46
46
46
46
46
46
46
46
46
46
46
46
46
46
46
46
46
46
46
46
46
46
46
46
46
46
46
