%pattern_sourcedata
4
4
4
0
1
32
-53
0
52
88
0
1
0
0
0
0
10
99
0
0
0
0
0
0
0
0
0
83
-1
-1
0
0
0
50
0
0
1
127
0
0
1
0
0
1
0
0
0
0
0
0
0
0
0
0
0
0
0
0
0
0
1
106
0
1
106
0
1
106
0
1
106
0
1
106
0
0
1
106
0
1
106
0
1
106
0
1
106
0
1
106
0
0
1
106
0
1
106
0
1
106
0
1
106
0
1
106
0
0
1
106
0
1
106
0
1
106
0
1
106
0
1
106
0
0
0
0
0
0
0
0
0
0
0
0
0
0
0
0
0
0
0
0
0
0
0
0
0
0
0
0
0
0
0
0
0
0
302426
576916
865374
1194694
1442313
1730771
2044558
2307687
2596145
2894490
3173084
3461542
3778526
4038458
4326916
4615374
4941882
5192313
5480771
5806712
6057687
6346145
6679841
6923084
7211542
7523764
7788458
8076916
8423878
8674255
8942313
9230771
4941882
5192313
5480771
5806712
6057687
6346145
6679841
6923084
7211542
7523764
7788458
8076916
8423878
8653855
8942313
9230771
302426
576916
865374
1194694
1442313
1730771
2044558
2307687
2596145
2894490
3173084
3461542
3778526
4038458
4326916
4615374
266667
576916
865374
1170068
1442313
1730771
2030136
2307687
2596145
2881224
3173084
3461542
3761497
4038458
4326916
4615374
4911905
5192313
5480771
5789569
6057687
6346145
6638957
6923084
7211542
7516735
7788458
8076916
8385057
8653855
8942313
9230771
4911905
5192313
5480771
5789569
6057687
6346145
6638957
6923084
7211542
7516735
7788458
8076916
8385057
8653855
8942313
9230771
266667
576916
865374
1170068
1442313
1730771
2030136
2307687
2596145
2881224
3173084
3461542
3761497
4038458
4326916
4615374
260431
576916
865374
1188458
1473993
1730771
2035601
2307687
2596145
2894422
3195604
3461542
3766417
4088938
4326916
4615374
4910612
5221553
5480771
5776304
6057687
6346145
6653991
6923084
7211542
7516440
7788458
8076916
8396757
8653855
8942313
9230771
4910612
5192313
5480771
5776304
6057687
6346145
6653991
6923084
7211542
7516440
7788458
8076916
8396757
8653855
8942313
9230771
260431
576916
865374
1188458
1442313
1730771
2035601
2307687
2596145
2894422
3173084
3461542
3766417
4149818
4326916
4615374
300544
576916
865374
1177755
1442313
1730771
2027800
2307687
2596145
2899093
3173084
3461542
3787528
4038458
4326916
4615374
4894989
5192313
5480771
5792517
6057687
6346145
6651927
6923084
7211542
7526032
7788458
8076916
8397959
8653855
8942313
9230771
4894989
5192313
5480771
5792517
6057687
6346145
6651927
6923084
7211542
7526032
7788458
8076916
8397959
8653855
8942313
9230771
300544
576916
865374
1177755
1442313
1730771
2027800
2307687
2596145
2899093
3173084
3461542
3787528
4038458
4326916
4615374
295646
576916
865374
1165782
1442313
1730771
2048934
2307687
2596145
2912630
3173084
3461542
3727891
4038458
4326916
4615374
4911905
5192313
5480771
5772268
6057687
6346145
6648571
6923084
7211542
7528866
7788458
8076916
8379342
8653855
8942313
9230771
4911905
5192313
5480771
5772268
6057687
6346145
6648571
6923084
7211542
7528866
7788458
8076916
8379342
8653855
8942313
9230771
295646
576916
865374
1165782
1442313
1730771
2048934
2307687
2596145
2912630
3173084
3461542
3727891
4038458
4326916
4615374
278957
576916
865374
1190476
4038458
1730771
2013515
2307687
2596145
2920930
3173084
3461542
3756893
4038458
4326916
4615374
4907846
5192313
5480771
5788707
6057687
6346145
6649365
6923084
7211542
7503265
7788458
8076916
8361633
8721575
8942313
9230771
4907846
5192313
5480771
5788707
6057687
6346145
6649365
6923084
7211542
7503265
7788458
8076916
8361633
8653855
8942313
9230771
278957
576916
865374
1190476
1442313
1730771
2013515
2307687
2596145
2920930
3173084
3461542
3756893
4038458
4326916
4615374
304263
576916
865374
1173311
1442313
1730771
2025238
2307687
2596145
2902336
3173084
3461542
3758957
4038458
4326916
4615374
4922018
5192313
5480771
5792200
6057687
6346145
6646304
6923084
7211542
7537528
7788458
8076916
8361361
8653855
8942313
9230771
4922018
5192313
5480771
5792200
6057687
6346145
6646304
6923084
7211542
7537528
7788458
8076916
8361361
8653855
8942313
9230771
304263
576916
865374
1173311
1442313
1730771
2025238
2307687
2596145
2902336
3173084
3461542
3758957
4038458
4326916
4615374
284240
4101951
865374
1159048
8785543
1730771
2040476
4101951
2596145
2896236
8785543
3461542
3756961
4049258
4326916
4615374
4916100
8785543
5480771
5803810
4101951
6346145
6648639
8785543
7211542
7514626
4101951
8076916
8376145
8724539
8942313
9230771
4916100
8802855
5480771
5803810
7810346
6346145
6648639
8802855
7211542
7514626
7829270
8076916
8376145
8712166
8942313
9230771
284240
8883166
865374
1159048
8802855
1730771
2040476
8824855
2596145
2896236
8824855
3461542
3756961
4095458
4326916
4615374
282494
576916
865374
1160975
1442313
1730771
2020431
2307687
2596145
2904580
3173084
3461542
3749365
4038458
4326916
4615374
4905374
5192313
5480771
5788685
6057687
6346145
6636100
6923084
7211542
7527846
7788458
8076916
8375465
8653855
8942313
9230771
4905374
5192313
5480771
5788685
6057687
6346145
6636100
6923084
7211542
7527846
7788458
8076916
8375465
8653855
8942313
9230771
282494
576916
865374
1160975
1442313
1730771
2020431
2307687
2596145
2904580
3173084
3461542
3749365
4038458
4326916
4615374
289977
576916
865374
1172381
1442313
1730771
2045533
2307687
2596145
2921519
3173084
3461542
3789093
4038458
4326916
4615374
4916236
5192313
5480771
5797937
6057687
6346145
6660272
6923084
7211542
7533288
7788458
8076916
8370340
8653855
8942313
9230771
4916236
5192313
5480771
5797937
6057687
6346145
6660272
6923084
7211542
7533288
7788458
8076916
8370340
8653855
8942313
9230771
289977
576916
865374
1172381
1442313
1730771
2045533
2307687
2596145
2921519
3173084
3461542
3789093
4038458
4326916
4615374
292812
576916
865374
1152902
1442313
1730771
2038617
2307687
2596145
2911088
3173084
3461542
3756871
4038458
4326916
4615374
4914422
5192313
5480771
5800181
6057687
6346145
6658571
6923084
7211542
7528753
7788458
8076916
8362426
8653855
8942313
9230771
4914422
5192313
5480771
5800181
6057687
6346145
6658571
6923084
7211542
7528753
7788458
8076916
8362426
8653855
8942313
9230771
292812
576916
865374
1152902
1442313
1730771
2038617
2307687
2596145
2911088
3173084
3461542
3756871
4038458
4326916
4615374
0
0
0
0
0
0
0
0
0
0
0
0
0
0
0
0
0
0
0
0
0
0
0
0
0
0
0
0
0
0
0
0
0
0
0
0
0
0
0
0
0
0
0
0
0
0
0
0
0
0
0
0
0
0
0
0
0
0
0
0
0
0
0
0
0
0
0
0
0
0
0
0
0
0
0
0
0
0
0
0
0
0
0
0
0
0
0
0
0
0
0
0
0
0
0
0
0
0
0
0
0
0
0
0
0
0
0
0
0
0
0
0
0
0
0
0
0
0
0
0
0
0
0
0
0
0
0
0
0
0
0
0
0
0
0
0
0
0
0
0
0
0
0
0
0
0
0
0
0
0
0
0
0
0
0
0
0
0
0
0
0
0
0
0
0
0
0
0
0
0
0
0
0
0
0
0
0
0
0
0
0
0
0
0
0
0
0
0
0
0
0
0
0
0
0
0
0
0
0
0
0
0
0
0
0
0
0
0
0
0
0
0
0
0
0
0
0
0
0
0
0
0
0
0
0
0
0
0
0
0
0
0
0
0
0
0
0
0
0
0
0
0
0
0
0
0
0
0
0
0
0
0
0
0
0
0
0
0
0
0
0
0
0
0
0
0
0
0
0
0
0
0
0
0
0
0
0
0
0
0
0
0
0
0
0
0
0
0
0
0
0
0
0
0
0
0
0
0
0
0
0
0
0
0
0
0
0
0
0
0
0
0
0
0
0
0
0
0
0
0
0
0
0
0
0
0
0
0
0
0
0
0
0
0
0
0
0
0
0
0
0
0
0
0
0
0
0
0
0
0
0
0
0
0
0
0
0
0
0
0
0
0
0
0
0
0
0
0
0
0
0
0
0
0
0
0
0
0
0
0
0
0
0
0
0
0
0
0
0
0
0
0
0
0
0
0
0
0
0
0
0
0
0
0
0
0
0
0
0
0
0
0
0
0
0
0
0
0
0
0
0
0
0
0
0
0
0
0
0
0
0
0
0
0
0
0
0
0
0
0
0
0
0
0
0
0
0
0
0
0
0
0
0
0
0
0
0
0
0
0
0
0
0
0
0
0
0
0
0
0
0
0
0
0
0
0
0
0
0
0
0
0
0
0
0
0
0
0
0
0
0
0
0
0
0
0
0
0
0
0
0
0
0
0
0
0
0
0
0
0
0
0
0
0
0
0
0
0
0
0
0
0
0
0
0
0
0
0
0
0
0
0
0
0
0
0
0
0
0
0
0
0
0
0
0
0
0
0
0
0
0
0
0
0
0
0
0
0
0
0
0
0
0
0
0
0
0
0
0
0
0
0
0
0
0
0
203175
340907
511361
715896
852268
1022721
1205624
1363628
1534082
1737642
1875011
2045465
2243197
2386372
2556825
2727279
2940748
3068186
3238639
3450295
3579546
3750000
3943673
4090907
4261361
4471156
4602268
4772721
4987324
5113628
5284082
5454535
2940748
3068186
3238639
3450295
3579546
3750000
3943673
4090907
4261361
4471156
4602268
4772721
4987324
5113628
5284082
5454535
203175
340907
511361
715896
852268
1022721
1205624
1363628
1534082
1737642
1875011
2045465
2243197
2386372
2556825
2727279
191950
340907
511361
708957
852268
1022721
1206213
1363628
1534082
1731701
1875011
2045465
2235556
2386372
2556825
2727279
2908209
3068186
3238639
3408639
3579546
3750000
3923197
4090907
4261361
4434512
4602268
4772721
4931837
5113628
5284082
5454535
2908209
3068186
3238639
3408639
3579546
3750000
3923197
4090907
4261361
4434512
4602268
4772721
4931837
5113628
5284082
5454535
191950
340907
511361
708957
852268
1022721
1206213
1363628
1534082
1731701
1875011
2045465
2235556
2386372
2556825
2727279
176054
340907
511361
702857
852268
1022721
1204807
1363628
1534082
1738549
1875011
2045465
2234626
2386372
2556825
2727279
2905805
3068186
3238639
3426712
3579546
3750000
3928322
4090907
4261361
4462721
4602268
4772721
4963651
5113628
5284082
5454535
2905805
3068186
3238639
3426712
3579546
3750000
3928322
4090907
4261361
4462721
4602268
4772721
4963651
5113628
5284082
5454535
176054
340907
511361
702857
852268
1022721
1204807
1363628
1534082
1738549
1875011
2045465
2234626
2386372
2556825
2727279
191474
1399628
511361
709977
1399628
1022721
1209841
1399628
1534082
1734036
1911011
2045465
2226168
2428188
2556825
2727279
2917800
3104186
3238639
3430431
3615546
3750000
3913469
4126907
4261361
4432494
4638268
4772721
4947891
2428188
5284082
5454535
2917800
5182628
3238639
3430431
5175015
3750000
3913469
5182628
4261361
4432494
5180351
4772721
4947891
5153165
5284082
5454535
191474
2419883
511361
709977
2431866
1022721
1209841
2423195
1534082
1734036
2432372
2045465
2226168
2408774
2556825
2727279
185306
380907
511361
710204
380907
1022721
1210884
2435620
1534082
1727370
2472460
2045465
2230499
2435620
2556825
2727279
2907687
3068186
3238639
3437664
4619699
3750000
3946349
5227628
4261361
4453946
4602268
4772721
4946848
5149108
5284082
5454535
2907687
2446732
3238639
3437664
5199428
3750000
3946349
2446732
4261361
4453946
5199428
4772721
4946848
5143468
5284082
5454535
185306
5199428
511361
710204
2446732
1022721
1210884
5199428
1534082
1727370
5199428
2045465
2230499
2414852
2556825
2727279
195125
863988
511361
704512
852268
1022721
1205850
4608188
1534082
1727574
3107026
2045465
2227029
2386372
2556825
2727279
2924671
3068186
3238639
3450431
3619546
3750000
3936803
4612788
4261361
4453107
4602268
4772721
4947256
5113628
5284082
5454535
2924671
3068186
3238639
3450431
3619546
3750000
3936803
4602268
4261361
4453107
4602268
4772721
4947256
5113628
5284082
5454535
195125
1391188
511361
704512
852268
1022721
1205850
5153628
1534082
1727574
2546372
2045465
2227029
2386372
2556825
2727279
175692
340907
511361
713243
892268
1022721
1212766
1388148
1534082
1737483
1388148
2045465
2229524
2386372
2556825
2727279
2926553
3081586
3238639
3446372
4090907
3750000
3931134
4090907
4261361
4451066
4602268
4772721
4958005
5113628
5284082
5454535
2926553
3089666
3238639
3446372
3602066
3750000
3931134
4090907
4261361
4451066
4602268
4772721
4958005
5113628
5284082
5454535
175692
340907
511361
713243
880148
1022721
1212766
1405908
1534082
1737483
2455452
2045465
2229524
2386372
2556825
2727279
208027
353547
511361
703515
865668
1022721
1201066
1372468
1534082
1716599
1875331
2045465
2211519
2390652
2556825
2727279
2893129
3068186
3238639
3415873
3579546
3750000
3930136
4090907
4261361
4444785
4602268
4772721
4942336
5133148
5284082
5454535
2893129
3068186
3238639
3415873
3579546
3750000
3930136
4090907
4261361
4444785
4602268
4772721
4942336
5140868
5284082
5454535
208027
360067
511361
703515
864468
1022721
1201066
1371228
1534082
1716599
1875171
2045465
2211519
2394892
2556825
2727279
206803
340907
511361
722925
881948
1022721
1216122
1363628
1534082
1749955
1900411
2045465
2244331
2386372
2556825
2727279
2907937
3068186
3238639
3424762
3579546
3750000
3932245
4090907
4261361
4469569
4602268
4772721
4958571
5113628
5284082
5454535
2907937
3068186
3238639
3424762
3590186
3750000
3932245
4101747
4261361
4469569
4610788
4772721
4958571
5118348
5284082
5454535
206803
360867
511361
722925
874348
1022721
1216122
1363628
1534082
1749955
1899971
2045465
2244331
2386372
2556825
2727279
203560
340907
511361
703084
852268
1022721
1214966
1363628
1534082
1755079
1875011
2045465
2225125
2386372
2556825
2727279
2926485
3579546
3238639
3414875
3579546
3750000
3951066
4090907
4261361
4471678
4602268
4772721
4967370
5113628
5284082
5454535
2926485
3579546
3238639
3414875
3579546
3750000
3951066
4090907
4261361
4471678
4602268
4772721
4967370
5113628
5284082
5454535
203560
340907
511361
703084
852268
1022721
1214966
1363628
1534082
1755079
1875011
2045465
2225125
2386372
2556825
2727279
190159
340907
511361
733787
852268
1022721
1232721
1363628
1534082
1760998
1379908
2045465
2254150
2386372
2556825
2727279
2931111
3068186
3238639
3424558
3579546
3750000
3913084
4090907
4261361
4440068
4602268
4772721
4948345
5113628
5284082
5454535
2931111
3068186
3238639
3424558
3579546
3750000
3913084
4090907
4261361
4440068
4602268
4772721
4948345
5113628
5284082
5454535
190159
340907
511361
733787
861708
1022721
1232721
1373668
1534082
1760998
1911251
2045465
2254150
2391092
2556825
2727279
0
0
0
0
0
0
0
0
0
0
0
0
0
0
0
0
0
0
0
0
0
0
0
0
0
0
0
0
0
0
0
0
0
0
0
0
0
0
0
0
0
0
0
0
0
0
0
0
0
0
0
0
0
0
0
0
0
0
0
0
0
0
0
0
0
0
0
0
0
0
0
0
0
0
0
0
0
0
0
0
0
0
0
0
0
0
0
0
0
0
0
0
0
0
0
0
0
0
0
0
0
0
0
0
0
0
0
0
0
0
0
0
0
0
0
0
0
0
0
0
0
0
0
0
0
0
0
0
0
0
0
0
0
0
0
0
0
0
0
0
0
0
0
0
0
0
0
0
0
0
0
0
0
0
0
0
0
0
0
0
0
0
0
0
0
0
0
0
0
0
0
0
0
0
0
0
0
0
0
0
0
0
0
0
0
0
0
0
0
0
0
0
0
0
0
0
0
0
0
0
0
0
0
0
0
0
0
0
0
0
0
0
0
0
0
0
0
0
0
0
0
0
0
0
0
0
0
0
0
0
0
0
0
0
0
0
0
0
0
0
0
0
0
0
0
0
0
0
0
0
0
0
0
0
0
0
0
0
0
0
0
0
0
0
0
0
0
0
0
0
0
0
0
0
0
0
0
0
0
0
0
0
0
0
0
0
0
0
0
0
0
0
0
0
0
0
0
0
0
0
0
0
0
0
0
0
0
0
0
0
0
0
0
0
0
0
0
0
0
0
0
0
0
0
0
0
0
0
0
0
0
0
0
0
0
0
0
0
0
0
0
0
0
0
0
0
0
0
0
0
0
0
0
0
0
0
0
0
0
0
0
0
0
0
0
0
0
0
0
0
0
0
0
0
0
0
0
0
0
0
0
0
0
0
0
0
0
0
0
0
0
0
0
0
0
0
0
0
0
0
0
0
0
0
0
0
0
0
0
0
0
0
0
0
0
0
0
0
0
0
0
0
0
0
0
0
0
0
0
0
0
0
0
0
0
0
0
0
0
0
0
0
0
0
0
0
0
0
0
0
0
0
0
0
0
0
0
0
0
0
0
0
0
0
0
0
0
0
0
0
0
0
0
0
0
0
0
0
0
0
0
0
0
0
0
0
0
0
0
0
0
0
0
0
0
0
0
0
0
0
0
0
0
0
0
0
0
0
0
0
0
0
0
0
0
0
0
0
0
0
0
0
0
0
0
0
0
0
0
0
0
0
0
0
0
0
0
0
0
0
0
0
0
0
0
0
0
0
0
0
0
0
0
0
0
0
0
0
0
0
0
0
0
0
0
0
0
0
0
0
0
0
0
0
0
0
275
1
0
305
32
1
290
3
1
352
1
1
307
7
1
0
320
36
1
352
45
0
379
42
1
374
35
1
347
49
0
0
320
456
0
352
0
0
379
0
0
374
0
0
347
0
0
0
275
0
0
305
0
0
290
0
0
352
0
0
307
0
0
0
331
6
0
301
19
0
314
18
0
319
13
0
314
30
0
1
299
11
0
332
23
0
337
18
1
351
23
1
339
35
0
0
299
144
0
332
0
0
337
0
0
351
0
0
339
0
0
0
331
0
0
301
0
0
314
0
0
319
0
0
314
0
0
0
332
19
0
269
24
0
293
20
0
351
26
0
228
22
1
0
261
18
0
325
13
0
230
18
0
344
22
0
309
22
1
0
261
466
0
325
0
0
230
0
0
344
0
0
309
0
0
0
332
0
0
269
0
0
293
0
0
351
0
0
228
0
0
0
358
43
1
355
40
1
339
32
1
304
28
1
325
37
1
0
394
36
0
317
23
0
268
26
0
314
32
0
362
54
1
0
394
874
0
317
0
0
268
0
0
314
0
0
362
0
0
0
358
0
0
355
0
0
339
0
0
304
0
0
325
0
0
0
539
8
1
397
18
0
473
22
1
426
12
0
484
5
1
0
523
22
1
325
11
1
606
5
0
388
22
0
492
5
1
0
523
920
0
325
0
0
606
0
0
388
0
0
492
0
0
0
539
0
0
397
0
0
473
0
0
426
0
0
484
0
0
0
779
9
0
724
24
1
658
2
0
544
15
0
622
10
2
0
693
18
0
730
26
0
890
22
0
713
7
1
856
44
0
0
693
695
0
730
0
0
890
0
0
713
0
0
856
0
0
0
779
0
0
724
0
0
658
0
0
544
0
0
622
0
0
0
1082
1
0
1327
1
0
1198
1
1
1222
1
0
1009
1
0
0
1102
1
0
1274
1
0
1062
1
0
1051
2
1
1088
1
1
0
1102
59
0
1274
0
0
1062
0
0
1051
0
0
1088
0
0
0
1082
0
0
1327
0
0
1198
0
0
1222
0
0
1009
0
0
0
1111
18
0
992
19
0
1043
15
0
873
18
0
1254
6
0
0
1092
23
0
1165
53
1
1103
16
0
1086
16
0
1270
22
0
0
1092
136
0
1165
0
0
1103
0
0
1086
0
0
1270
0
0
0
1111
0
0
992
0
0
1043
0
0
873
0
0
1254
0
0
0
1355
1
1
1575
1
1
1507
1
0
1404
1
1
1193
1
1
0
1177
1
0
1223
1
0
1612
1
0
1577
0
0
1390
1
0
0
1177
173
0
1223
0
0
1612
0
0
1577
0
0
1390
0
0
0
1355
0
0
1575
0
0
1507
0
0
1404
0
0
1193
0
0
0
1562
1
0
1975
2
1
2233
2
0
1977
5
0
1951
4
1
0
2041
1
0
2150
1
0
2244
1
0
1839
1
0
2101
1
0
0
2041
94
0
2150
0
0
2244
0
0
1839
0
0
2101
0
0
0
1562
0
0
1975
0
0
2233
0
0
1977
0
0
1951
0
0
0
2046
1
0
2649
1
0
1849
1
1
1945
0
1
1965
1
1
0
2389
0
1
2559
1
1
2071
1
1
2434
0
1
1470
0
0
1
2389
62
0
2559
0
0
2071
0
0
2434
0
0
1470
0
0
0
2046
0
0
2649
0
0
1849
0
0
1945
0
0
1965
0
0
0
0
0
0
0
0
0
0
0
0
0
0
0
0
0
0
0
0
0
0
0
0
0
0
0
0
0
0
0
0
0
0
0
0
0
0
0
0
0
0
0
0
0
0
0
0
0
0
0
0
0
0
0
0
0
0
0
0
0
0
0
0
0
0
0
0
0
0
0
0
0
0
0
0
0
0
0
0
0
0
0
0
0
0
0
0
0
0
0
0
0
0
0
0
0
0
0
0
0
0
0
0
0
0
0
0
0
0
0
0
0
0
0
0
0
0
0
0
0
0
0
0
0
0
0
0
0
0
0
0
0
0
0
0
0
0
0
0
0
0
0
0
0
0
0
0
0
0
0
0
0
0
0
0
0
0
0
0
0
0
0
0
0
0
0
0
0
0
0
0
0
0
0
0
0
0
0
0
0
0
0
0
0
0
0
0
0
0
0
0
0
0
0
0
0
0
0
0
0
0
0
0
0
0
0
0
0
0
0
0
0
0
0
0
0
0
0
0
0
0
0
0
0
0
0
0
0
0
0
0
0
0
0
0
0
0
0
0
0
0
0
0
0
0
0
0
0
0
0
0
0
0
0
0
0
0
0
0
0
0
0
0
0
0
0
0
0
0
0
0
0
0
0
0
0
0
0
0
0
0
0
0
0
0
0
0
0
0
0
0
0
0
0
0
0
0
0
0
0
0
0
0
0
0
0
0
0
0
0
0
0
0
0
0
0
0
0
0
0
0
0
0
0
0
0
0
0
0
0
0
0
0
0
0
0
0
0
0
0
0
0
0
0
0
0
0
0
0
0
0
0
0
0
0
0
0
0
0
0
0
0
0
0
0
0
0
0
0
0
0
0
0
0
0
0
0
0
0
0
0
0
0
0
0
0
0
0
0
0
0
0
0
0
0
0
0
0
0
0
0
0
0
0
0
0
0
0
0
0
0
0
0
0
0
0
0
0
0
0
0
0
0
0
0
0
0
0
0
0
0
0
0
0
0
0
0
0
0
0
0
0
0
0
0
0
0
0
0
0
0
0
0
0
0
0
0
0
0
0
0
0
0
0
0
0
0
0
0
0
0
0
0
0
0
0
0
0
0
0
0
0
0
0
0
0
0
0
0
0
0
0
0
0
0
0
0
0
0
0
0
0
0
0
0
0
0
0
0
0
0
0
0
0
0
0
0
0
0
0
0
0
0
0
0
0
0
0
0
0
0
0
0
0
0
0
0
0
0
0
0
0
0
0
0
0
0
0
0
0
0
0
0
0
0
0
0
0
0
0
0
0
0
0
0
0
0
0
0
0
0
0
0
0
0
0
0
0
319
20
1
365
27
2
408
10
0
372
83
1
308
24
1
0
442
69
1
445
56
1
372
11
0
449
78
1
379
103
0
0
442
216
0
445
0
0
372
0
0
449
0
0
379
0
0
0
319
0
0
365
0
0
408
0
0
372
0
0
308
0
0
0
325
47
0
334
46
1
379
39
0
387
72
1
364
57
1
0
374
43
0
331
18
0
384
25
0
386
36
0
361
28
1
0
374
174
0
331
0
0
384
0
0
386
0
0
361
0
0
0
325
0
0
334
0
0
379
0
0
387
0
0
364
0
0
0
459
62
1
364
51
1
424
61
1
370
51
1
436
69
1
0
419
55
1
317
31
1
464
53
1
324
48
1
539
70
1
0
419
463
0
317
0
0
464
0
0
324
0
0
539
0
0
0
459
0
0
364
0
0
424
0
0
370
0
0
436
0
0
0
531
55
2
826
75
1
760
70
1
636
71
2
663
66
1
0
488
60
2
656
75
2
748
63
2
685
59
2
696
67
1
1
488
204
0
656
0
0
748
0
0
685
0
0
696
0
0
0
531
0
0
826
0
0
760
0
0
636
0
0
663
0
0
0
570
29
1
545
42
1
616
38
1
595
41
1
627
48
1
1
587
31
1
648
59
1
602
54
1
623
41
3
604
47
1
1
587
218
0
648
0
0
602
0
0
623
0
0
604
0
0
0
570
0
0
545
0
0
616
0
0
595
0
0
627
0
0
0
1171
182
1
1140
194
1
1190
124
1
1141
157
1
1395
90
0
0
1354
229
1
1172
283
1
1156
120
1
1643
112
1
1511
181
0
0
1354
616
0
1172
0
0
1156
0
0
1643
0
0
1511
0
0
0
1171
0
0
1140
0
0
1190
0
0
1141
0
0
1395
0
0
0
1069
168
1
876
246
1
1282
335
1
1093
265
1
1307
223
1
0
1070
162
1
1185
270
1
1193
156
1
1328
188
1
1373
125
0
0
1070
672
0
1185
0
0
1193
0
0
1328
0
0
1373
0
0
0
1069
0
0
876
0
0
1282
0
0
1093
0
0
1307
0
0
0
2099
254
2
1679
144
2
1522
68
2
1998
83
2
1981
118
1
1
1589
21
1
1684
72
1
2082
102
2
1785
55
2
1807
79
1
1
1589
222
0
1684
0
0
2082
0
0
1785
0
0
1807
0
0
0
2099
0
0
1679
0
0
1522
0
0
1998
0
0
1981
0
0
0
1423
270
1
1931
537
1
1608
244
0
1739
460
0
1834
284
1
0
1609
87
0
1657
174
1
1613
83
1
1352
186
1
1965
317
0
0
1609
1034
0
1657
0
0
1613
0
0
1352
0
0
1965
0
0
0
1423
0
0
1931
0
0
1608
0
0
1739
0
0
1834
0
0
0
2105
18
0
1862
12
1
1809
27
1
2027
59
1
2499
27
1
0
1991
33
1
2476
27
1
2318
41
1
1561
25
0
2517
52
1
0
1991
62
0
2476
0
0
2318
0
0
1561
0
0
2517
0
0
0
2105
0
0
1862
0
0
1809
0
0
2027
0
0
2499
0
0
0
2201
62
1
1460
98
0
2169
111
1
1902
137
1
2185
105
1
0
2151
58
1
2064
25
1
2083
2
1
1662
12
1
2300
15
1
0
2151
128
0
2064
0
0
2083
0
0
1662
0
0
2300
0
0
0
2201
0
0
1460
0
0
2169
0
0
1902
0
0
2185
0
0
0
0
0
0
0
0
0
0
0
0
0
0
0
0
0
0
0
0
0
0
0
0
0
0
0
0
0
0
0
0
0
0
0
0
0
0
0
0
0
0
0
0
0
0
0
0
0
0
0
0
0
0
0
0
0
0
0
0
0
0
0
0
0
0
0
0
0
0
0
0
0
0
0
0
0
0
0
0
0
0
0
0
0
0
0
0
0
0
0
0
0
0
0
0
0
0
0
0
0
0
0
0
0
0
0
0
0
0
0
0
0
0
0
0
0
0
0
0
0
0
0
0
0
0
0
0
0
0
0
0
0
0
0
0
0
0
0
0
0
0
0
0
0
0
0
0
0
0
0
0
0
0
0
0
0
0
0
0
0
0
0
0
0
0
0
0
0
0
0
0
0
0
0
0
0
0
0
0
0
0
0
0
0
0
0
0
0
0
0
0
0
0
0
0
0
0
0
0
0
0
0
0
0
0
0
0
0
0
0
0
0
0
0
0
0
0
0
0
0
0
0
0
0
0
0
0
0
0
0
0
0
0
0
0
0
0
0
0
0
0
0
0
0
0
0
0
0
0
0
0
0
0
0
0
0
0
0
0
0
0
0
0
0
0
0
0
0
0
0
0
0
0
0
0
0
0
0
0
0
0
0
0
0
0
0
0
0
0
0
0
0
0
0
0
0
0
0
0
0
0
0
0
0
0
0
0
0
0
0
0
0
0
0
0
0
0
0
0
0
0
0
0
0
0
0
0
0
0
0
0
0
0
0
0
0
0
0
0
0
0
0
0
0
0
0
0
0
0
0
0
0
0
0
0
0
0
0
0
0
0
0
0
0
0
0
0
0
0
0
0
0
0
0
0
0
0
0
0
0
0
0
0
0
0
0
0
0
0
0
0
0
0
0
0
0
0
0
0
0
0
0
0
0
0
0
0
0
0
0
0
0
0
0
0
0
0
0
0
0
0
0
0
0
0
0
0
0
0
0
0
0
0
0
0
0
0
0
0
0
0
0
0
0
0
0
0
0
0
0
0
0
0
0
0
0
0
0
0
0
0
0
0
0
0
0
0
0
0
0
0
0
0
0
0
0
0
0
0
0
0
0
0
0
0
0
0
0
0
0
0
0
0
0
0
0
0
0
0
0
0
0
0
0
0
0
0
0
0
0
0
0
0
0
0
0
0
0
0
0
0
0
0
0
0
0
0
0
0
0
0
0
0
0
0
0
0
0
0
0
0
0
0
0
0
0
0
0
0
0
0
0
0
0
0
0
0
0
0
0
0
0
0
0
0
0
0
0
0
0
0
0
0
0
0
0
0
0
20
46
20
20
46
20
20
46
20
20
46
20
20
46
46
46
20
46
20
20
46
20
20
46
20
20
46
20
20
46
46
46
20
46
20
20
46
20
20
46
20
20
46
20
20
46
46
46
20
46
20
20
46
20
20
46
20
20
46
20
20
46
46
46
46
46
46
46
46
46
46
46
46
46
46
46
46
46
46
46
46
46
46
46
46
46
46
46
46
46
46
46
46
46
46
46
46
46
46
46
46
46
46
46
46
46
46
46
46
46
46
46
46
46
46
46
46
46
46
46
46
46
46
46
46
46
46
46
46
46
46
46
46
46
46
46
46
46
46
46
46
46
46
46
46
46
46
46
46
46
46
46
46
46
46
46
46
46
46
46
46
46
46
46
46
46
46
46
46
46
46
46
46
46
46
46
46
46
46
46
46
46
46
46
46
46
46
46
46
46
46
46
46
46
46
46
46
46
46
46
46
46
46
46
46
46
46
46
46
46
46
46
46
46
46
46
46
46
46
46
46
46
46
46
46
46
46
46
46
46
46
46
46
46
46
46
46
46
46
46
46
46
46
46
46
46
46
46
46
46
46
46
46
46
46
46
46
46
46
46
46
46
46
46
46
46
46
46
46
46
46
46
46
46
46
46
46
46
46
46
46
46
46
46
46
46
46
46
46
46
46
46
46
46
46
46
46
46
46
46
46
46
46
46
46
46
46
46
46
46
46
46
46
46
46
46
46
46
46
46
46
46
46
46
46
46
46
46
46
46
46
46
46
46
46
46
46
46
46
46
46
46
46
46
46
46
46
46
46
46
46
46
46
46
46
46
46
46
46
46
46
46
46
46
46
46
46
46
46
46
46
46
46
46
46
46
46
46
46
46
46
46
46
46
46
46
46
46
46
46
46
46
46
46
46
46
46
46
46
46
46
46
46
46
46
46
46
46
46
46
46
46
46
46
46
46
46
46
46
46
46
46
46
46
46
46
46
46
46
46
46
46
46
46
46
46
46
46
46
46
46
46
46
46
46
46
46
46
46
46
46
46
46
46
46
46
46
46
46
46
46
46
46
46
46
46
46
46
46
46
46
46
46
46
46
46
46
46
46
46
46
46
46
46
46
46
46
46
46
46
46
46
46
46
46
46
46
46
46
46
46
46
46
46
46
46
46
46
46
46
46
46
46
46
46
46
46
46
46
46
46
46
46
46
46
46
46
46
46
46
46
46
46
46
46
46
46
46
46
46
46
46
46
46
46
46
46
46
46
46
46
46
46
46
46
46
46
46
46
46
46
46
46
46
46
46
46
46
46
46
46
46
46
46
46
46
46
46
46
46
46
46
46
46
46
46
46
46
46
46
46
46
46
46
46
46
46
46
46
46
46
46
46
46
46
46
46
46
46
46
46
46
46
46
46
46
46
46
46
46
46
46
46
46
46
46
46
46
46
46
46
46
46
46
46
46
46
46
46
46
46
46
46
46
46
46
46
46
46
46
46
46
46
46
46
46
46
46
46
46
46
46
46
46
46
46
46
46
46
46
46
46
46
46
46
46
46
46
46
46
46
46
46
46
46
46
46
46
46
46
46
46
46
46
46
46
46
46
46
46
46
46
46
46
20
46
20
20
46
20
20
46
20
20
46
20
20
46
46
46
20
46
20
20
46
20
20
46
20
20
46
20
20
46
46
46
46
46
46
46
46
46
46
46
46
46
46
46
46
46
46
46
46
46
46
46
46
46
46
46
46
46
46
46
46
46
46
46
46
46
46
46
46
46
46
46
46
46
46
46
46
46
46
46
46
46
46
46
46
46
46
46
46
46
46
46
46
46
46
46
46
46
46
46
46
46
46
46
46
46
46
46
46
46
46
46
46
46
46
46
46
46
46
46
46
46
46
46
46
46
46
46
46
46
46
46
46
46
46
46
46
46
46
46
46
46
46
46
46
46
46
46
46
46
46
46
46
46
46
46
46
46
46
46
46
46
46
46
46
46
46
46
46
46
46
46
46
46
46
46
46
46
46
46
46
46
46
46
46
46
46
46
46
46
46
46
46
46
46
46
46
46
46
46
46
46
46
46
46
46
46
46
46
46
46
46
46
46
46
46
46
46
46
46
46
46
46
46
46
46
46
46
46
46
46
46
46
46
46
46
46
46
46
46
46
46
46
46
46
46
46
46
46
46
46
46
46
46
46
46
46
46
46
46
46
46
46
46
46
46
46
46
46
46
46
46
46
46
46
46
46
46
46
46
46
46
46
46
46
46
46
46
46
46
46
46
46
46
46
46
46
46
46
46
46
46
46
46
46
46
46
46
46
46
46
46
46
46
46
46
46
46
46
46
46
46
46
46
46
46
46
46
46
46
46
46
46
46
46
46
46
46
46
46
46
46
46
46
46
46
46
46
46
46
46
46
46
46
46
46
46
46
46
46
46
46
46
46
46
46
46
46
46
46
46
46
46
46
46
46
46
46
46
46
46
46
46
46
46
46
46
46
46
46
46
46
46
46
46
46
46
46
46
46
46
46
46
46
46
46
46
46
46
46
46
46
46
46
46
46
46
46
46
46
46
46
46
46
46
46
46
46
46
46
46
46
46
46
46
46
46
46
46
46
46
46
46
46
46
46
46
46
46
46
46
46
46
46
46
46
46
46
46
46
46
46
46
46
46
46
46
46
46
46
46
46
46
46
46
46
46
46
46
46
46
46
46
46
46
46
46
46
46
46
46
46
46
46
46
46
46
46
46
46
46
46
46
46
46
46
46
46
46
46
46
46
46
46
46
46
46
46
46
46
46
46
46
46
46
46
46
46
46
46
46
46
46
46
46
46
46
46
46
46
46
46
46
46
46
46
46
46
46
46
46
46
46
46
46
46
46
46
46
46
46
46
46
46
46
46
46
46
46
46
46
46
46
46
46
46
46
46
46
46
46
46
46
46
46
46
46
46
46
46
46
46
46
46
46
46
46
46
46
46
46
46
46
46
46
46
46
46
46
46
46
46
46
46
46
46
46
46
46
46
46
46
46
46
46
46
46
46
46
46
46
46
46
46
46
46
46
46
46
46
46
46
46
46
46
46
46
46
46
46
46
46
46
46
46
46
46
46
46
46
46
46
46
46
46
46
46
46
46
46
46
46
20
46
20
20
46
20
20
46
20
20
46
20
20
46
46
46
20
46
20
20
46
20
20
46
20
20
46
20
20
46
46
46
20
46
20
20
46
20
20
46
20
20
46
20
20
46
46
46
20
46
20
20
46
20
20
46
20
20
46
20
20
46
46
46
46
46
46
46
46
46
46
46
46
46
46
46
46
46
46
46
46
46
46
46
46
46
46
46
46
46
46
46
46
46
46
46
46
46
46
46
46
46
46
46
46
46
46
46
46
46
46
46
46
46
46
46
46
46
46
46
46
46
46
46
46
46
46
46
46
46
46
46
46
46
46
46
46
46
46
46
46
46
46
46
46
46
46
46
46
46
46
46
46
46
46
46
46
46
46
46
46
46
46
46
46
46
46
46
46
46
46
46
46
46
46
46
46
46
46
46
46
46
46
46
46
46
46
46
46
46
46
46
46
46
46
46
46
46
46
46
46
46
46
46
46
46
46
46
46
46
46
46
46
46
46
46
46
46
46
46
46
46
46
46
46
46
46
46
46
46
46
46
46
46
46
46
46
46
46
46
46
46
46
46
46
46
46
46
46
46
46
46
46
46
46
46
46
46
46
46
46
46
46
46
46
46
46
46
46
46
46
46
46
46
46
46
46
46
46
46
46
46
46
46
46
46
46
46
46
46
46
46
46
46
46
46
46
46
46
46
46
46
46
46
46
46
46
46
46
46
46
46
46
46
46
46
46
46
46
46
46
46
46
46
46
46
46
46
46
46
46
46
46
46
46
46
46
46
46
46
46
46
46
46
46
46
46
46
46
46
46
46
46
46
46
46
46
46
46
46
46
46
46
46
46
46
46
46
46
46
46
46
46
46
46
46
46
46
46
46
46
46
46
46
46
46
46
46
46
46
46
46
46
46
46
46
46
46
46
46
46
46
46
46
46
46
46
46
46
46
46
46
46
46
46
46
46
46
46
46
46
46
46
46
46
46
46
46
46
46
46
46
46
46
46
46
46
46
46
46
46
46
46
46
46
46
46
46
46
46
46
46
46
46
46
46
46
46
46
46
46
46
46
46
46
46
46
46
46
46
46
46
46
46
46
46
46
46
46
46
46
46
46
46
46
46
46
46
46
46
46
46
46
46
46
46
46
46
46
46
46
46
46
46
46
46
46
46
46
46
46
46
46
46
46
46
46
46
46
46
46
46
46
46
46
46
46
46
46
46
46
46
46
46
46
46
46
46
46
46
46
46
46
46
46
46
46
46
46
46
46
46
46
46
46
46
46
46
46
46
46
46
46
46
46
46
46
46
46
46
46
46
46
46
46
46
46
46
46
46
46
46
46
46
46
46
46
46
46
46
46
46
46
46
46
46
46
46
46
46
46
46
46
46
46
46
46
46
46
46
46
46
46
46
46
46
46
46
46
46
46
46
46
46
46
46
46
46
46
46
46
46
46
46
46
46
46
46
46
46
46
46
46
46
46
46
46
46
46
46
46
46
46
46
46
46
46
46
46
46
46
46
46
46
46
46
46
46
46
46
46
46
46
46
46
46
46
46
46
46
46
46
46
46
46
46
46
46
46
46
46
46
46
46
46
46
46
46
46
46
46
46
46
46
20
46
20
20
46
20
20
46
20
20
46
20
20
46
46
46
20
46
20
20
46
20
20
46
20
20
46
20
20
46
46
46
20
46
20
20
46
20
20
46
20
20
46
20
20
46
46
46
20
46
20
20
46
20
20
46
20
20
46
20
20
46
46
46
46
46
46
46
46
46
46
46
46
46
46
46
46
46
46
46
46
46
46
46
46
46
46
46
46
46
46
46
46
46
46
46
46
46
46
46
46
46
46
46
46
46
46
46
46
46
46
46
46
46
46
46
46
46
46
46
46
46
46
46
46
46
46
46
46
46
46
46
46
46
46
46
46
46
46
46
46
46
46
46
46
46
46
46
46
46
46
46
46
46
46
46
46
46
46
46
46
46
46
46
46
46
46
46
46
46
46
46
46
46
46
46
46
46
46
46
46
46
46
46
46
46
46
46
46
46
46
46
46
46
46
46
46
46
46
46
46
46
46
46
46
46
46
46
46
46
46
46
46
46
46
46
46
46
46
46
46
46
46
46
46
46
46
46
46
46
46
46
46
46
46
46
46
46
46
46
46
46
46
46
46
46
46
46
46
46
46
46
46
46
46
46
46
46
46
46
46
46
46
46
46
46
46
46
46
46
46
46
46
46
46
46
46
46
46
46
46
46
46
46
46
46
46
46
46
46
46
46
46
46
46
46
46
46
46
46
46
46
46
46
46
46
46
46
46
46
46
46
46
46
46
46
46
46
46
46
46
46
46
46
46
46
46
46
46
46
46
46
46
46
46
46
46
46
46
46
46
46
46
46
46
46
46
46
46
46
46
46
46
46
46
46
46
46
46
46
46
46
46
46
46
46
46
46
46
46
46
46
46
46
46
46
46
46
46
46
46
46
46
46
46
46
46
46
46
46
46
46
46
46
46
46
46
46
46
46
46
46
46
46
46
46
46
46
46
46
46
46
46
46
46
46
46
46
46
46
46
46
46
46
46
46
46
46
46
46
46
46
46
46
46
46
46
46
46
46
46
46
46
46
46
46
46
46
46
46
46
46
46
46
46
46
46
46
46
46
46
46
46
46
46
46
46
46
46
46
46
46
46
46
46
46
46
46
46
46
46
46
46
46
46
46
46
46
46
46
46
46
46
46
46
46
46
46
46
46
46
46
46
46
46
46
46
46
46
46
46
46
46
46
46
46
46
46
46
46
46
46
46
46
46
46
46
46
46
46
46
46
46
46
46
46
46
46
46
46
46
46
46
46
46
46
46
46
46
46
46
46
46
46
46
46
46
46
46
46
46
46
46
46
46
46
46
46
46
46
46
46
46
46
46
46
46
46
46
46
46
46
46
46
46
46
46
46
46
46
46
46
46
46
46
46
46
46
46
46
46
46
46
46
46
46
46
46
46
46
46
46
46
46
46
46
46
46
46
46
46
46
46
46
46
46
46
46
46
46
46
46
46
46
46
46
46
46
46
46
46
46
46
46
46
46
46
46
46
46
46
46
46
46
46
46
46
46
46
46
46
46
46
46
46
46
46
46
46
46
46
46
46
46
46
46
46
46
46
46
46
46
46
46
46
46
46
46
46
46
46
46
46
46
46
46
46
46
46
46
46
46
46
46
20
46
20
20
46
20
20
46
20
20
46
20
20
46
46
46
20
46
20
20
46
20
20
46
20
20
46
20
20
46
46
46
20
46
20
20
46
20
20
46
20
20
46
20
20
46
46
46
20
46
20
20
46
20
20
46
20
20
46
20
20
46
46
46
46
46
46
46
46
46
46
46
46
46
46
46
46
46
46
46
46
46
46
46
46
46
46
46
46
46
46
46
46
46
46
46
46
46
46
46
46
46
46
46
46
46
46
46
46
46
46
46
46
46
46
46
46
46
46
46
46
46
46
46
46
46
46
46
46
46
46
46
46
46
46
46
46
46
46
46
46
46
46
46
46
46
46
46
46
46
46
46
46
46
46
46
46
46
46
46
46
46
46
46
46
46
46
46
46
46
46
46
46
46
46
46
46
46
46
46
46
46
46
46
46
46
46
46
46
46
46
46
46
46
46
46
46
46
46
46
46
46
46
46
46
46
46
46
46
46
46
46
46
46
46
46
46
46
46
46
46
46
46
46
46
46
46
46
46
46
46
46
46
46
46
46
46
46
46
46
46
46
46
46
46
46
46
46
46
46
46
46
46
46
46
46
46
46
46
46
46
46
46
46
46
46
46
46
46
46
46
46
46
46
46
46
46
46
46
46
46
46
46
46
46
46
46
46
46
46
46
46
46
46
46
46
46
46
46
46
46
46
46
46
46
46
46
46
46
46
46
46
46
46
46
46
46
46
46
46
46
46
46
46
46
46
46
46
46
46
46
46
46
46
46
46
46
46
46
46
46
46
46
46
46
46
46
46
46
46
46
46
46
46
46
46
46
46
46
46
46
46
46
46
46
46
46
46
46
46
46
46
46
46
46
46
46
46
46
46
46
46
46
46
46
46
46
46
46
46
46
46
46
46
46
46
46
46
46
46
46
46
46
46
46
46
46
46
46
46
46
46
46
46
46
46
46
46
46
46
46
46
46
46
46
46
46
46
46
46
46
46
46
46
46
46
46
46
46
46
46
46
46
46
46
46
46
46
46
46
46
46
46
46
46
46
46
46
46
46
46
46
46
46
46
46
46
46
46
46
46
46
46
46
46
46
46
46
46
46
46
46
46
46
46
46
46
46
46
46
46
46
46
46
46
46
46
46
46
46
46
46
46
46
46
46
46
46
46
46
46
46
46
46
46
46
46
46
46
46
46
46
46
46
46
46
46
46
46
46
46
46
46
46
46
46
46
46
46
46
46
46
46
46
46
46
46
46
46
46
46
46
46
46
46
46
46
46
46
46
46
46
46
46
46
46
46
46
46
46
46
46
46
46
46
46
46
46
46
46
46
46
46
46
46
46
46
46
46
46
46
46
46
46
46
46
46
46
46
46
46
46
46
46
46
46
46
46
46
46
46
46
46
46
46
46
46
46
46
46
46
46
46
46
46
46
46
46
46
46
46
46
46
46
46
46
46
46
46
46
46
46
46
46
46
46
46
46
46
46
46
46
46
46
46
46
46
46
46
46
46
46
46
46
46
46
46
46
46
46
46
46
46
46
46
46
46
46
46
46
46
46
46
46
46
46
46
46
46
46
46
46
46
46
46
46
46
46
46
46
46
46
46
46
20
46
20
20
46
20
20
46
20
20
46
20
20
46
46
46
20
46
20
20
46
20
20
46
20
20
46
20
20
46
46
46
20
46
20
20
46
20
20
46
20
20
46
20
20
46
46
46
20
46
20
20
46
20
20
46
20
20
46
20
20
46
46
46
46
46
46
46
46
46
46
46
46
46
46
46
46
46
46
46
46
46
46
46
46
46
46
46
46
46
46
46
46
46
46
46
46
46
46
46
46
46
46
46
46
46
46
46
46
46
46
46
46
46
46
46
46
46
46
46
46
46
46
46
46
46
46
46
46
46
46
46
46
46
46
46
46
46
46
46
46
46
46
46
46
46
46
46
46
46
46
46
46
46
46
46
46
46
46
46
46
46
46
46
46
46
46
46
46
46
46
46
46
46
46
46
46
46
46
46
46
46
46
46
46
46
46
46
46
46
46
46
46
46
46
46
46
46
46
46
46
46
46
46
46
46
46
46
46
46
46
46
46
46
46
46
46
46
46
46
46
46
46
46
46
46
46
46
46
46
46
46
46
46
46
46
46
46
46
46
46
46
46
46
46
46
46
46
46
46
46
46
46
46
46
46
46
46
46
46
46
46
46
46
46
46
46
46
46
46
46
46
46
46
46
46
46
46
46
46
46
46
46
46
46
46
46
46
46
46
46
46
46
46
46
46
46
46
46
46
46
46
46
46
46
46
46
46
46
46
46
46
46
46
46
46
46
46
46
46
46
46
46
46
46
46
46
46
46
46
46
46
46
46
46
46
46
46
46
46
46
46
46
46
46
46
46
46
46
46
46
46
