%pattern_data
4
4
4
0
1
32
-46
0
52
88
0
1
0
0
0
0
10
99
0
0
0
0
0
0
0
0
0
87
-1
-1
0
0
0
50
0
0
34
121
90
0
0
1
0
1
0
0
0
0
0
0
0
0
0
3
1
0
0
0
0
2
1
0
1
0
1
0
1
0
1
0
1
0
1
0
1
0
1
0
1
0
1
0
1
0
1
0
1
0
1
0
1
0
1
0
1
0
1
0
1
0
1
0
1
0
1
0
1
0
1
0
1
0
1
0
1
0
1
0
1
0
1
0
1
0
-46
-46
-46
-46
-46
-46
-46
-46
-46
-46
-46
-46
-46
-46
-46
-46
-46
-46
-46
-46
-46
-46
-46
-46
-46
-46
-46
-46
-46
-46
-46
-46
297438
576916
888367
1153855
1479909
1730771
2049501
2307687
2647098
2884626
3201270
3461542
3784558
4038458
4362426
4615374
4898866
5192313
5501156
5769229
6073220
6346145
6642789
6923084
7233356
7500000
7785737
8076916
8370839
8653855
8941451
9230771
4898866
5192313
5501156
5769229
6073220
6346145
6642789
6923084
7233356
7500000
7785737
8076916
8370839
8653855
8941451
9230771
297438
576916
888367
1153855
1479909
1730771
2049501
2307687
2647098
2884626
3201270
3461542
3784558
4038458
4362426
4615374
299819
576916
892834
1153855
1474331
1730771
2026190
2307687
2646735
2884626
3224943
3461542
3768254
4038458
4341837
4615374
4924921
5192313
5520522
5769229
6083991
6346145
6633583
6923084
7226667
7500000
7795986
8076916
8393061
8653855
8955941
9230771
4924921
5192313
5520522
5769229
6083991
6346145
6633583
6923084
7226667
7500000
7795986
8076916
8393061
8653855
8955941
9230771
299819
576916
892834
1153855
1474331
1730771
2026190
2307687
2646735
2884626
3224943
3461542
3768254
4038458
4341837
4615374
299093
576916
885170
1153855
1452562
1730771
2039093
2307687
2629615
2884626
3202562
3461542
3752744
4038458
4327007
4615374
4912993
5192313
5489569
5769229
6071587
6346145
6661451
6923084
7226667
7500000
7804694
8076916
8369456
8653855
8946712
9230771
4912993
5192313
5489569
5769229
6071587
6346145
6661451
6923084
7226667
7500000
7804694
8076916
8369456
8653855
8946712
9230771
299093
576916
885170
1153855
1452562
1730771
2039093
2307687
2629615
2884626
3202562
3461542
3752744
4038458
4327007
4615374
323265
576916
911383
1153855
1455760
1730771
2037075
2307687
2623311
2884626
3201361
3461542
3757642
4038458
4342971
4615374
4906916
5192313
5514195
5769229
6089932
6346145
6655896
6923084
7237687
7500000
7822426
8076916
8402086
8653855
8960136
9230771
4906916
5192313
5514195
5769229
6089932
6346145
6655896
6923084
7237687
7500000
7822426
8076916
8402086
8653855
8960136
9230771
323265
576916
911383
1153855
1455760
1730771
2037075
2307687
2623311
2884626
3201361
3461542
3757642
4038458
4342971
4615374
314308
576916
874580
1153855
1438571
1730771
2030340
2307687
2621270
2884626
3189728
3461542
3757914
4038458
4336190
4615374
4913061
5192313
5515057
5769229
6101179
6346145
6673288
6923084
7237234
7500000
7786463
8076916
8358186
8653855
8951474
9230771
4913061
5192313
5515057
5769229
6101179
6346145
6673288
6923084
7237234
7500000
7786463
8076916
8358186
8653855
8951474
9230771
314308
576916
874580
1153855
1438571
1730771
2030340
2307687
2621270
2884626
3189728
3461542
3757914
4038458
4336190
4615374
288209
576916
866395
1153855
1451224
1730771
2038730
2307687
2630816
2884626
3203991
3461542
3778776
4038458
4339637
4615374
4917166
5192313
5483673
5769229
6067687
6346145
6648617
6923084
7236145
7500000
7814240
8076916
8388118
8653855
8972358
9230771
4917166
5192313
5483673
5769229
6067687
6346145
6648617
6923084
7236145
7500000
7814240
8076916
8388118
8653855
8972358
9230771
288209
576916
866395
1153855
1451224
1730771
2038730
2307687
2630816
2884626
3203991
3461542
3778776
4038458
4339637
4615374
288050
576916
890590
1153855
1480839
1730771
2034869
2307687
2617188
2884626
3193719
3461542
3768027
4038458
4343469
4615374
4905306
5192313
5481224
5769229
6053492
6346145
6638912
6923084
7235102
7500000
7788413
8076916
8393469
8653855
8927914
9230771
4905306
5192313
5481224
5769229
6053492
6346145
6638912
6923084
7235102
7500000
7788413
8076916
8393469
8653855
8927914
9230771
288050
576916
890590
1153855
1480839
1730771
288050
2307687
2617188
2884626
3193719
3461542
3768027
4038458
4343469
4615374
307596
576916
884717
1153855
1459365
1730771
2039138
2307687
2621088
2884626
3191723
3461542
3759637
4038458
4338277
4615374
4918435
5192313
5488050
5769229
6072562
6346145
6652653
6923084
7227891
7500000
7815782
8076916
8390567
8653855
8970952
9230771
4918435
5192313
5488050
5769229
6072562
6346145
6652653
6923084
7227891
7500000
7815782
8076916
8390567
8653855
8970952
9230771
307596
576916
884717
1153855
1459365
1730771
2039138
2307687
2621088
2884626
3191723
3461542
3759637
4038458
4338277
4615374
324444
576916
895737
1153855
1474830
1730771
2043991
2307687
2618707
2884626
3213061
3461542
3779206
4038458
4355828
4615374
4920590
5192313
5482744
5769229
6070249
6346145
6636825
6923084
7232789
7500000
7807347
8076916
8374014
8653855
8939660
9230771
4920590
5192313
5482744
5769229
6070249
6346145
6636825
6923084
7232789
7500000
7807347
8076916
8374014
8653855
8939660
9230771
324444
576916
895737
1153855
1474830
1730771
2043991
2307687
2618707
2884626
3213061
3461542
3779206
4038458
4355828
4615374
313379
576916
904399
1153855
1452585
1730771
2026349
2307687
2616848
2884626
3192494
3461542
3774853
4038458
4347551
4615374
4903946
5192313
5494807
5769229
6070612
6346145
6640748
6923084
7213084
7500000
7808549
8076916
8379751
8653855
8949909
9230771
4903946
5192313
5494807
5769229
6070612
6346145
6640748
6923084
7213084
7500000
7808549
8076916
8379751
8653855
8949909
9230771
313379
576916
904399
1153855
1452585
1730771
2026349
2307687
2616848
2884626
3192494
3461542
3774853
4038458
4347551
4615374
287460
576916
873379
1153855
1448254
1730771
2018458
2307687
2623787
2884626
3202744
3461542
3772041
4038458
4349796
4615374
4899887
5192313
5486780
5769229
6069433
6346145
6637959
6923084
7216054
7500000
7811859
8076916
8381315
8653855
8944603
9230771
4899887
5192313
5486780
5769229
6069433
6346145
6637959
6923084
7216054
7500000
7811859
8076916
8381315
8653855
8944603
9230771
287460
576916
873379
1153855
1448254
1730771
2018458
2307687
2623787
2884626
3202744
3461542
3772041
4038458
4349796
4615374
0
0
0
0
0
0
0
0
0
0
0
0
0
0
0
0
0
0
0
0
0
0
0
0
0
0
0
0
0
0
0
0
0
0
0
0
0
0
0
0
0
0
0
0
0
0
0
0
0
0
0
0
0
0
0
0
0
0
0
0
0
0
0
0
0
0
0
0
0
0
0
0
0
0
0
0
0
0
0
0
0
0
0
0
0
0
0
0
0
0
0
0
0
0
0
0
0
0
0
0
0
0
0
0
0
0
0
0
0
0
0
0
0
0
0
0
0
0
0
0
0
0
0
0
0
0
0
0
0
0
0
0
0
0
0
0
0
0
0
0
0
0
0
0
0
0
0
0
0
0
0
0
0
0
0
0
0
0
0
0
0
0
0
0
0
0
0
0
0
0
0
0
0
0
0
0
0
0
0
0
0
0
0
0
0
0
0
0
0
0
0
0
0
0
0
0
0
0
0
0
0
0
0
0
0
0
0
0
0
0
0
0
0
0
0
0
0
0
0
0
0
0
0
0
0
0
0
0
0
0
0
0
0
0
0
0
0
0
0
0
0
0
0
0
0
0
0
0
0
0
0
0
0
0
0
0
0
0
0
0
0
0
0
0
0
0
0
0
0
0
0
0
0
0
0
0
0
0
0
0
0
0
0
0
0
0
0
0
0
0
0
0
0
0
0
0
0
0
0
0
0
0
0
0
0
0
0
0
0
0
0
0
0
0
0
0
0
0
0
0
0
0
0
0
0
0
0
0
0
0
0
0
0
0
0
0
0
0
0
0
0
0
0
0
0
0
0
0
0
0
0
0
0
0
0
0
0
0
0
0
0
0
0
0
0
0
0
0
0
0
0
0
0
0
0
0
0
0
0
0
0
0
0
0
0
0
0
0
0
0
0
0
0
0
0
0
0
0
0
0
0
0
0
0
0
0
0
0
0
0
0
0
0
0
0
0
0
0
0
0
0
0
0
0
0
0
0
0
0
0
0
0
0
0
0
0
0
0
0
0
0
0
0
0
0
0
0
0
0
0
0
0
0
0
0
0
0
0
0
0
0
0
0
0
0
0
0
0
0
0
0
0
0
0
0
0
0
0
0
0
0
0
0
0
0
0
0
0
0
0
0
0
0
0
0
0
0
0
0
0
0
0
0
0
0
0
0
0
0
0
0
0
0
0
0
0
0
0
0
0
0
0
0
0
0
0
0
0
0
0
0
0
0
0
0
0
0
0
0
0
0
0
0
0
0
0
0
0
0
0
0
0
0
0
0
0
0
0
0
0
0
0
0
0
0
0
0
0
0
0
0
0
0
0
0
0
176825
340907
538299
681814
872426
1022721
1197914
1363628
1559388
1704535
1891134
2045465
2228413
2386372
2556032
2727279
2917279
3068186
3259546
3409093
3606077
3750000
3921088
4090907
4270567
4431814
4611043
4772721
4948231
5113628
5276213
5454535
2917279
3068186
3259546
3409093
3606077
3750000
3921088
4090907
4270567
4431814
4611043
4772721
4948231
5113628
5276213
5454535
176825
340907
538299
681814
872426
1022721
1197914
1363628
1559388
1704535
1891134
2045465
2228413
2386372
2556032
2727279
158186
340907
512562
681814
835805
1022721
1161565
1363628
1534898
1704535
1880703
2045465
2233220
2386372
2559002
2727279
2906621
3068186
3269274
3409093
3589524
3750000
3937574
4090907
4286213
4431814
4619728
4772721
4963696
5113628
5290952
5454535
2906621
3068186
3269274
3409093
3589524
3750000
3937574
4090907
4286213
4431814
4619728
4772721
4963696
5113628
5290952
5454535
158186
340907
512562
681814
835805
1022721
1161565
1363628
1534898
1704535
1880703
2045465
2233220
2386372
2559002
2727279
167279
340907
531247
681814
868141
1022721
1194422
1363628
1550431
1704535
1878526
2045465
2221338
2386372
2573492
2727279
2902857
3068186
3268481
3409093
3604127
3750000
3940000
4090907
4294762
4431814
4629841
4772721
4955011
5113628
5282472
5454535
2902857
3068186
3268481
3409093
3604127
3750000
3940000
4090907
4294762
4431814
4629841
4772721
4955011
5113628
5282472
5454535
167279
340907
531247
681814
868141
1022721
1194422
1363628
1550431
1704535
1878526
2045465
2221338
2386372
2573492
2727279
189456
340907
520385
681814
858390
1022721
1192540
1363628
1550771
1704535
1882268
2045465
2235896
2386372
1882268
2727279
2910045
3068186
3266825
3409093
3614014
3750000
3942404
4090907
4294263
4431814
4630771
4772721
4952971
5113628
5299274
5454535
2910045
3068186
3266825
3409093
3614014
3750000
3942404
4090907
4294263
4431814
4630771
4772721
4952971
5113628
5299274
5454535
189456
340907
520385
681814
858390
1022721
1192540
1363628
1550771
1704535
1882268
2045465
2235896
2386372
1550771
2727279
172971
340907
510113
681814
864785
1022721
1197710
1363628
1539025
1704535
1881746
2045465
2226848
2386372
2562222
2727279
2904127
3068186
3263855
3409093
3594603
3750000
3929773
4090907
4279206
4431814
4607891
4772721
4954308
5113628
5302200
5454535
2904127
3068186
3263855
3409093
3594603
3750000
3929773
4090907
4279206
4431814
4607891
4772721
4954308
5113628
5302200
5454535
172971
340907
510113
681814
864785
1022721
1197710
1363628
1539025
1704535
1881746
2045465
2226848
2386372
2562222
2727279
163651
340907
510726
681814
853084
1022721
1193197
1363628
1538912
1704535
1891655
2045465
2226054
2386372
2563900
2727279
2891519
3068186
3231791
3409093
3573424
3750000
3927211
4090907
4264127
4431814
4608526
4772721
4940658
5113628
5279365
5454535
2891519
3068186
3231791
3409093
3573424
3750000
3927211
4090907
4264127
4431814
4608526
4772721
4940658
5113628
5279365
5454535
163651
340907
510726
681814
853084
1022721
1193197
1363628
1538912
1704535
1891655
2045465
2226054
2386372
2563900
2727279
179660
340907
547528
681814
863152
1022721
1206984
1363628
1545918
1704535
1870249
2045465
2222018
2386372
2569728
2727279
2902721
3068186
3255578
3409093
3582698
3750000
2902721
4090907
4282472
4431814
4611519
4772721
4951791
5113628
5285261
5454535
2902721
3068186
3255578
3409093
3582698
3750000
2902721
4090907
4282472
4431814
4611519
4772721
4951791
5113628
5285261
5454535
179660
340907
547528
681814
863152
1022721
1206984
1363628
1545918
1704535
1870249
2045465
2222018
2386372
2569728
2727279
176349
340907
540136
681814
878050
1022721
1217370
1363628
1556304
1704535
1895578
2045465
2238095
2386372
2566803
2727279
2919025
3068186
3268367
3409093
3614036
3750000
3952222
4090907
4279796
4431814
4625215
4772721
4961406
5113628
5290862
5454535
2919025
3068186
3268367
3409093
3614036
3750000
3952222
4090907
4279796
4431814
4625215
4772721
4961406
5113628
5290862
5454535
176349
340907
540136
681814
878050
1022721
1217370
1363628
1556304
1704535
1895578
2045465
2238095
2386372
2566803
2727279
179932
340907
534785
681814
875533
1022721
1210794
1363628
1547415
1704535
1894218
2045465
2229161
2386372
2570748
2727279
2901565
3068186
3254853
3409093
3588776
3750000
3919388
4090907
4276984
4431814
4612268
4772721
4941383
5113628
5280159
5454535
2901565
3068186
3254853
3409093
3588776
3750000
3919388
4090907
4276984
4431814
4612268
4772721
4941383
5113628
5280159
5454535
179932
340907
534785
681814
875533
1022721
1210794
1363628
1547415
1704535
1894218
2045465
2229161
2386372
2570748
2727279
171610
340907
539683
681814
867868
1022721
1208957
1363628
1570680
1704535
1893719
2045465
2213197
2386372
2566961
2727279
2902608
3068186
3264490
3409093
3603696
3750000
3948050
4090907
4280454
4431814
4627120
4772721
4956440
5113628
5301270
5454535
2902608
3068186
3264490
3409093
3603696
3750000
3948050
4090907
4280454
4431814
4627120
4772721
4956440
5113628
5301270
5454535
171610
340907
539683
681814
867868
1022721
1208957
1363628
1570680
1704535
1893719
2045465
2213197
2386372
2566961
2727279
191723
340907
532540
681814
871791
1022721
1214535
1363628
1570068
1704535
1891293
2045465
2233968
2386372
2577324
2727279
2905782
3068186
3256576
3409093
3596689
3750000
3935488
4090907
4279728
4431814
4625488
4772721
4955147
5113628
5303447
5454535
2905782
3068186
3256576
3409093
3596689
3750000
3935488
4090907
4279728
4431814
4625488
4772721
4955147
5113628
5303447
5454535
191723
340907
532540
681814
871791
1022721
1214535
1363628
1570068
1704535
1891293
2045465
2233968
2386372
2577324
2727279
0
0
0
0
0
0
0
0
0
0
0
0
0
0
0
0
0
0
0
0
0
0
0
0
0
0
0
0
0
0
0
0
0
0
0
0
0
0
0
0
0
0
0
0
0
0
0
0
0
0
0
0
0
0
0
0
0
0
0
0
0
0
0
0
0
0
0
0
0
0
0
0
0
0
0
0
0
0
0
0
0
0
0
0
0
0
0
0
0
0
0
0
0
0
0
0
0
0
0
0
0
0
0
0
0
0
0
0
0
0
0
0
0
0
0
0
0
0
0
0
0
0
0
0
0
0
0
0
0
0
0
0
0
0
0
0
0
0
0
0
0
0
0
0
0
0
0
0
0
0
0
0
0
0
0
0
0
0
0
0
0
0
0
0
0
0
0
0
0
0
0
0
0
0
0
0
0
0
0
0
0
0
0
0
0
0
0
0
0
0
0
0
0
0
0
0
0
0
0
0
0
0
0
0
0
0
0
0
0
0
0
0
0
0
0
0
0
0
0
0
0
0
0
0
0
0
0
0
0
0
0
0
0
0
0
0
0
0
0
0
0
0
0
0
0
0
0
0
0
0
0
0
0
0
0
0
0
0
0
0
0
0
0
0
0
0
0
0
0
0
0
0
0
0
0
0
0
0
0
0
0
0
0
0
0
0
0
0
0
0
0
0
0
0
0
0
0
0
0
0
0
0
0
0
0
0
0
0
0
0
0
0
0
0
0
0
0
0
0
0
0
0
0
0
0
0
0
0
0
0
0
0
0
0
0
0
0
0
0
0
0
0
0
0
0
0
0
0
0
0
0
0
0
0
0
0
0
0
0
0
0
0
0
0
0
0
0
0
0
0
0
0
0
0
0
0
0
0
0
0
0
0
0
0
0
0
0
0
0
0
0
0
0
0
0
0
0
0
0
0
0
0
0
0
0
0
0
0
0
0
0
0
0
0
0
0
0
0
0
0
0
0
0
0
0
0
0
0
0
0
0
0
0
0
0
0
0
0
0
0
0
0
0
0
0
0
0
0
0
0
0
0
0
0
0
0
0
0
0
0
0
0
0
0
0
0
0
0
0
0
0
0
0
0
0
0
0
0
0
0
0
0
0
0
0
0
0
0
0
0
0
0
0
0
0
0
0
0
0
0
0
0
0
0
0
0
0
0
0
0
0
0
0
0
0
0
0
0
0
0
0
0
0
0
0
0
0
0
0
0
0
0
0
0
0
0
0
0
0
0
0
0
0
0
0
0
0
0
0
0
0
0
0
0
0
0
0
0
0
0
0
0
0
0
0
0
0
0
0
0
0
0
0
0
0
0
311
47
126
25
82
20
334
68
86
18
110
26
183
28
140
25
375
59
113
18
109
24
389
62
91
17
127
17
135
26
198
28
375
986
113
0
109
0
389
0
91
0
127
0
135
0
198
0
311
0
126
0
82
0
334
0
86
0
110
0
183
0
140
0
347
50
270
24
146
24
347
45
151
20
130
24
144
24
190
28
361
50
116
23
143
22
351
53
121
19
140
21
169
24
225
26
361
379
116
0
143
0
351
0
121
0
140
0
169
0
225
0
347
0
270
0
146
0
347
0
151
0
130
0
144
0
190
0
422
15
101
8
111
7
502
24
146
8
115
9
129
10
157
11
482
21
151
10
97
8
358
17
99
9
158
10
144
10
167
11
482
352
151
0
97
0
358
0
99
0
158
0
144
0
167
0
422
0
101
0
111
0
502
0
146
0
115
0
129
0
157
0
540
27
154
15
115
11
497
21
123
12
137
13
166
13
156
13
527
23
167
13
177
14
425
22
191
14
151
12
179
15
223
15
527
1322
167
0
177
0
425
0
191
0
151
0
179
0
223
0
540
0
154
0
115
0
497
0
123
0
137
0
166
0
156
0
526
14
215
6
233
9
636
23
258
12
245
8
289
10
248
9
656
19
231
10
204
11
590
24
188
10
204
7
275
7
215
7
656
940
231
0
204
0
590
0
188
0
204
0
275
0
215
0
526
0
215
0
233
0
636
0
258
0
245
0
289
0
248
0
1051
9
276
4
262
3
1211
8
337
4
385
5
293
4
343
3
1211
7
187
2
241
3
927
13
317
9
294
8
251
6
295
8
1211
364
187
0
241
0
927
0
317
0
294
0
251
0
295
0
1051
0
276
0
262
0
1211
0
337
0
385
0
293
0
343
0
1248
1
253
0
428
1
856
1
350
0
370
0
526
1
454
0
1129
1
361
0
502
0
1029
1
362
0
490
0
414
0
443
0
1129
109
361
0
502
0
1029
0
362
0
490
0
414
0
443
0
1248
0
253
0
428
0
1248
0
350
0
370
0
526
0
454
0
787
35
405
15
307
12
835
42
379
19
546
25
552
25
455
31
866
73
508
23
551
24
1159
55
521
22
411
19
434
20
491
24
866
867
508
0
551
0
1159
0
521
0
411
0
434
0
491
0
787
0
405
0
307
0
835
0
379
0
546
0
552
0
455
0
1513
121
464
71
552
106
1640
134
490
77
536
109
778
155
465
77
1694
126
466
31
562
60
1631
96
368
27
752
98
759
78
709
70
1694
1349
466
0
562
0
1631
0
368
0
752
0
759
0
709
0
1513
0
464
0
552
0
1640
0
490
0
536
0
778
0
465
0
2300
67
492
27
431
36
2762
73
536
29
506
38
639
46
720
65
2127
64
840
16
769
25
2727
58
791
24
658
30
688
24
767
40
2127
79
840
0
769
0
2727
0
791
0
658
0
688
0
767
0
2300
0
492
0
431
0
2762
0
536
0
506
0
639
0
720
0
2415
6
744
3
894
8
3038
32
707
14
1445
65
998
15
1258
4
2649
2
1023
1
1308
3
2697
11
1053
2
1004
2
1162
13
1362
15
2649
111
1023
0
1308
0
2697
0
1053
0
1004
0
1162
0
1362
0
2415
0
744
0
894
0
3038
0
707
0
1445
0
998
0
1258
0
0
0
0
0
0
0
0
0
0
0
0
0
0
0
0
0
0
0
0
0
0
0
0
0
0
0
0
0
0
0
0
0
0
0
0
0
0
0
0
0
0
0
0
0
0
0
0
0
0
0
0
0
0
0
0
0
0
0
0
0
0
0
0
0
0
0
0
0
0
0
0
0
0
0
0
0
0
0
0
0
0
0
0
0
0
0
0
0
0
0
0
0
0
0
0
0
0
0
0
0
0
0
0
0
0
0
0
0
0
0
0
0
0
0
0
0
0
0
0
0
0
0
0
0
0
0
0
0
0
0
0
0
0
0
0
0
0
0
0
0
0
0
0
0
0
0
0
0
0
0
0
0
0
0
0
0
0
0
0
0
0
0
0
0
0
0
0
0
0
0
0
0
0
0
0
0
0
0
0
0
0
0
0
0
0
0
0
0
0
0
0
0
0
0
0
0
0
0
0
0
0
0
0
0
0
0
0
0
0
0
0
0
0
0
0
0
0
0
0
0
0
0
0
0
0
0
0
0
0
0
0
0
0
0
0
0
0
0
0
0
0
0
0
0
0
0
0
0
0
0
0
0
0
0
0
0
0
0
0
0
0
0
0
0
0
0
0
0
0
0
0
0
0
0
0
0
0
0
0
0
0
0
0
0
0
0
0
0
0
0
0
0
0
0
0
0
0
0
0
0
0
0
0
0
0
0
0
0
0
0
0
0
0
0
0
0
0
0
0
0
0
0
0
0
0
0
0
0
0
0
0
0
0
0
0
0
0
0
0
0
0
0
0
0
0
0
0
0
0
0
0
0
0
0
0
0
0
0
0
0
0
0
0
0
0
0
0
0
0
0
0
0
0
0
0
0
0
0
0
0
0
0
0
0
0
0
0
0
0
0
0
0
0
0
0
0
0
0
0
0
0
0
0
0
0
0
0
0
0
0
0
0
0
0
0
0
0
0
0
0
0
0
0
0
0
0
0
0
0
0
0
0
0
0
0
0
0
0
0
0
0
0
0
0
0
0
0
0
0
0
0
0
0
0
0
0
0
0
0
0
0
0
0
0
0
0
0
0
0
0
0
0
0
0
0
0
0
0
0
0
0
0
0
0
0
0
0
0
0
0
0
0
0
0
0
0
0
0
0
0
0
0
0
0
0
0
0
0
0
0
0
0
0
0
0
0
0
0
0
0
0
0
0
0
0
0
0
0
0
0
0
0
0
0
0
0
0
0
0
0
0
0
0
0
0
0
0
0
0
0
0
0
0
0
0
0
0
0
0
0
0
0
0
0
0
0
0
0
0
0
0
0
0
0
0
0
371
53
122
24
144
27
374
49
155
25
109
28
104
22
124
27
491
71
145
31
176
36
467
57
170
27
168
35
146
24
175
34
491
249
145
0
176
0
467
0
170
0
168
0
146
0
175
0
371
0
122
0
144
0
374
0
155
0
109
0
104
0
124
0
189
43
126
27
136
26
378
69
212
44
173
41
161
45
187
40
331
76
161
32
182
40
346
71
168
44
195
38
178
45
205
37
331
129
161
0
182
0
346
0
168
0
195
0
178
0
205
0
189
0
126
0
136
0
378
0
212
0
173
0
161
0
187
0
416
51
148
25
145
33
418
50
199
29
158
31
161
28
154
32
443
61
147
31
136
30
384
56
179
34
174
32
183
30
164
29
443
283
147
0
136
0
384
0
179
0
174
0
183
0
164
0
416
0
148
0
145
0
418
0
199
0
158
0
161
0
154
0
578
128
142
39
163
44
538
111
134
45
128
34
153
44
128
30
664
138
223
55
144
47
526
113
111
42
203
44
166
45
248
47
664
522
223
0
144
0
526
0
111
0
203
0
166
0
248
0
578
0
142
0
163
0
538
0
134
0
128
0
153
0
134
0
758
49
233
16
90
9
788
54
434
25
258
18
210
18
196
16
852
56
161
17
241
20
661
55
189
20
216
21
182
17
244
21
852
337
161
0
241
0
661
0
189
0
216
0
182
0
244
0
758
0
233
0
90
0
788
0
434
0
258
0
210
0
196
0
1408
105
261
30
277
33
1329
131
238
30
369
44
471
50
501
52
1420
61
213
10
457
26
991
64
355
23
444
25
544
30
433
27
1420
232
213
0
457
0
991
0
355
0
444
0
544
0
433
0
1408
0
261
0
277
0
1329
0
238
0
369
0
471
0
501
0
1220
90
216
22
274
18
1517
116
286
18
348
15
405
25
363
31
1236
99
284
19
255
16
1236
103
294
21
284
19
487
36
461
27
1236
150
284
0
255
0
1236
0
294
0
284
0
487
0
461
0
1220
0
216
0
274
0
1517
0
286
0
348
0
405
0
363
0
1037
65
268
26
335
31
1036
98
339
35
330
53
214
28
526
45
1093
104
241
26
110
14
1012
103
135
12
386
40
438
42
406
32
1093
183
241
0
110
0
1012
0
135
0
386
0
438
0
406
0
1037
0
268
0
335
0
1036
0
339
0
330
0
214
0
526
0
1137
170
287
67
241
64
1056
212
335
83
340
83
389
83
315
88
952
111
145
24
259
64
1332
134
215
44
302
58
377
62
349
58
952
339
145
0
259
0
1332
0
215
0
302
0
377
0
349
0
1137
0
287
0
241
0
1056
0
335
0
340
0
389
0
315
0
2031
63
111
7
172
9
2375
91
205
14
204
9
332
8
371
15
2382
78
150
7
128
6
1927
98
112
6
307
19
402
19
354
16
2382
453
150
0
128
0
1927
0
112
0
307
0
402
0
354
0
2031
0
111
0
172
0
2375
0
205
0
204
0
332
0
371
0
1044
8
595
5
541
8
1631
92
780
32
773
19
622
21
726
40
1894
54
519
12
551
19
1725
114
299
10
554
24
586
20
487
28
1894
408
519
0
551
0
1725
0
299
0
554
0
586
0
487
0
1044
0
595
0
541
0
1631
0
780
0
773
0
622
0
726
0
0
0
0
0
0
0
0
0
0
0
0
0
0
0
0
0
0
0
0
0
0
0
0
0
0
0
0
0
0
0
0
0
0
0
0
0
0
0
0
0
0
0
0
0
0
0
0
0
0
0
0
0
0
0
0
0
0
0
0
0
0
0
0
0
0
0
0
0
0
0
0
0
0
0
0
0
0
0
0
0
0
0
0
0
0
0
0
0
0
0
0
0
0
0
0
0
0
0
0
0
0
0
0
0
0
0
0
0
0
0
0
0
0
0
0
0
0
0
0
0
0
0
0
0
0
0
0
0
0
0
0
0
0
0
0
0
0
0
0
0
0
0
0
0
0
0
0
0
0
0
0
0
0
0
0
0
0
0
0
0
0
0
0
0
0
0
0
0
0
0
0
0
0
0
0
0
0
0
0
0
0
0
0
0
0
0
0
0
0
0
0
0
0
0
0
0
0
0
0
0
0
0
0
0
0
0
0
0
0
0
0
0
0
0
0
0
0
0
0
0
0
0
0
0
0
0
0
0
0
0
0
0
0
0
0
0
0
0
0
0
0
0
0
0
0
0
0
0
0
0
0
0
0
0
0
0
0
0
0
0
0
0
0
0
0
0
0
0
0
0
0
0
0
0
0
0
0
0
0
0
0
0
0
0
0
0
0
0
0
0
0
0
0
0
0
0
0
0
0
0
0
0
0
0
0
0
0
0
0
0
0
0
0
0
0
0
0
0
0
0
0
0
0
0
0
0
0
0
0
0
0
0
0
0
0
0
0
0
0
0
0
0
0
0
0
0
0
0
0
0
0
0
0
0
0
0
0
0
0
0
0
0
0
0
0
0
0
0
0
0
0
0
0
0
0
0
0
0
0
0
0
0
0
0
0
0
0
0
0
0
0
0
0
0
0
0
0
0
0
0
0
0
0
0
0
0
0
0
0
0
0
0
0
0
0
0
0
0
0
0
0
0
0
0
0
0
0
0
0
0
0
0
0
0
0
0
0
0
0
0
0
0
0
0
0
0
0
0
0
0
0
0
0
0
0
0
0
0
0
0
0
0
0
0
0
0
0
0
0
0
0
0
0
0
0
0
0
0
0
0
0
0
0
0
0
0
0
0
0
0
0
0
0
0
0
0
0
0
0
0
0
0
0
0
0
0
0
0
0
0
0
0
0
0
0
0
0
0
0
0
0
0
0
0
0
0
0
0
0
0
0
0
0
0
0
0
0
0
0
0
0
0
0
0
0
0
0
0
0
0
0
0
0
0
0
0
0
0
0
0
0
0
0
0
0
0
0
0
0
0
0
0
0
0
0
0
20
20
20
20
20
20
20
20
20
20
20
20
20
20
20
20
20
20
20
20
20
20
20
20
20
20
20
20
20
20
20
20
20
20
20
20
20
20
20
20
20
20
20
20
20
20
20
20
20
20
20
20
20
20
20
20
20
20
20
20
20
20
20
20
46
46
46
46
46
46
46
46
46
46
46
46
46
46
46
46
46
46
46
46
46
46
46
46
46
46
46
46
46
46
46
46
46
46
46
46
46
46
46
46
46
46
46
46
46
46
46
46
46
46
46
46
46
46
46
46
46
46
46
46
46
46
46
46
46
46
46
46
46
46
46
46
46
46
46
46
46
46
46
46
46
46
46
46
46
46
46
46
46
46
46
46
46
46
46
46
46
46
46
46
46
46
46
46
46
46
46
46
46
46
46
46
46
46
46
46
46
46
46
46
46
46
46
46
46
46
46
46
46
46
46
46
46
46
46
46
46
46
46
46
46
46
46
46
46
46
46
46
46
46
46
46
46
46
46
46
46
46
46
46
46
46
46
46
46
46
46
46
46
46
46
46
46
46
46
46
46
46
46
46
46
46
46
46
46
46
46
46
46
46
46
46
46
46
46
46
46
46
46
46
46
46
46
46
46
46
46
46
46
46
46
46
46
46
46
46
46
46
46
46
46
46
46
46
46
46
46
46
46
46
46
46
46
46
46
46
46
46
46
46
46
46
46
46
46
46
46
46
46
46
46
46
46
46
46
46
46
46
46
46
46
46
46
46
46
46
46
46
46
46
46
46
46
46
46
46
46
46
46
46
46
46
46
46
46
46
46
46
46
46
46
46
46
46
46
46
46
46
46
46
46
46
46
46
46
46
46
46
46
46
46
46
46
46
46
46
46
46
46
46
46
46
46
46
46
46
46
46
46
46
46
46
46
46
46
46
46
46
46
46
46
46
46
46
46
46
46
46
46
46
46
46
46
46
46
46
46
46
46
46
46
46
46
46
46
46
46
46
46
46
46
46
46
46
46
46
46
46
46
46
46
46
46
46
46
46
46
46
46
46
46
46
46
46
46
46
46
46
46
46
46
46
46
46
46
46
46
46
46
46
46
46
46
46
46
46
46
46
46
46
46
46
46
46
46
46
46
46
46
46
46
46
46
46
46
46
46
46
46
46
46
46
46
46
46
46
46
46
46
46
46
46
46
46
46
46
46
46
46
46
46
46
46
46
46
46
46
46
46
46
46
46
46
46
46
46
46
46
46
46
46
46
46
46
46
46
46
46
46
46
46
46
46
46
46
46
46
46
46
46
46
46
46
46
46
46
46
46
46
46
46
46
46
46
46
46
46
46
46
46
46
46
46
46
46
46
46
46
46
46
46
46
46
46
46
46
46
46
46
46
46
46
46
46
46
46
46
46
46
46
46
46
46
46
46
46
46
46
46
46
46
46
46
46
46
46
46
46
46
46
46
46
46
46
46
46
46
46
46
46
46
46
46
46
46
46
46
46
46
46
46
46
46
46
46
46
46
46
46
46
46
46
46
46
46
46
46
46
46
46
46
46
46
46
46
46
46
46
46
46
46
46
46
46
46
46
46
46
46
46
46
46
46
46
46
46
46
46
46
46
20
20
20
20
20
20
20
20
20
20
20
20
20
20
20
20
20
20
20
20
20
20
20
20
20
20
20
20
20
20
20
20
20
20
20
20
20
20
20
20
20
20
20
20
20
20
20
20
20
20
20
20
20
20
20
20
20
20
20
20
20
20
20
20
20
20
20
20
20
20
20
20
20
20
20
20
20
20
20
20
20
20
20
20
20
20
20
20
20
20
20
20
20
20
20
20
46
46
46
46
46
46
46
46
46
46
46
46
46
46
46
46
46
46
46
46
46
46
46
46
46
46
46
46
46
46
46
46
46
46
46
46
46
46
46
46
46
46
46
46
46
46
46
46
46
46
46
46
46
46
46
46
46
46
46
46
46
46
46
46
46
46
46
46
46
46
46
46
46
46
46
46
46
46
46
46
46
46
46
46
46
46
46
46
46
46
46
46
46
46
46
46
46
46
46
46
46
46
46
46
46
46
46
46
46
46
46
46
46
46
46
46
46
46
46
46
46
46
46
46
46
46
46
46
46
46
46
46
46
46
46
46
46
46
46
46
46
46
46
46
46
46
46
46
46
46
46
46
46
46
46
46
46
46
46
46
46
46
46
46
46
46
46
46
46
46
46
46
46
46
46
46
46
46
46
46
46
46
46
46
46
46
46
46
46
46
46
46
46
46
46
46
46
46
46
46
46
46
46
46
46
46
46
46
46
46
46
46
46
46
46
46
46
46
46
46
46
46
46
46
46
46
46
46
46
46
46
46
46
46
46
46
46
46
46
46
46
46
46
46
46
46
46
46
46
46
46
46
46
46
46
46
46
46
46
46
46
46
46
46
46
46
46
46
46
46
46
46
46
46
46
46
46
46
46
46
46
46
46
46
46
46
46
46
46
46
46
46
46
46
46
46
46
46
46
46
46
46
46
46
46
46
46
46
46
46
46
46
46
46
46
46
46
46
46
46
46
46
46
46
46
46
46
46
46
46
46
46
46
46
46
46
46
46
46
46
46
46
46
46
46
46
46
46
46
46
46
46
46
46
46
46
46
46
46
46
46
46
46
46
46
46
46
46
46
46
46
46
46
46
46
46
46
46
46
46
46
46
46
46
46
46
46
46
46
46
46
46
46
46
46
46
46
46
46
46
46
46
46
46
46
46
46
46
46
46
46
46
46
46
46
46
46
46
46
46
46
46
46
46
46
46
46
46
46
46
46
46
46
46
46
46
46
46
46
46
46
46
46
46
46
46
46
46
46
46
46
46
46
46
46
46
46
46
46
46
46
46
46
46
46
46
46
46
46
46
46
46
46
46
46
46
46
46
46
46
46
46
46
46
46
46
46
46
46
46
46
46
46
46
46
46
46
46
46
46
46
46
46
46
46
46
46
46
46
46
46
46
46
46
46
46
46
46
46
46
46
46
46
46
46
46
46
46
46
46
46
46
46
46
46
46
46
46
46
46
46
46
46
46
46
46
46
46
46
46
46
46
46
46
46
46
46
46
46
46
46
46
46
46
46
46
46
46
46
46
46
46
46
46
46
46
46
46
46
46
46
46
46
46
46
46
46
46
46
46
46
46
46
46
46
46
46
46
46
46
46
46
46
46
46
46
46
46
46
46
46
46
46
46
46
46
46
46
46
46
46
46
46
46
46
46
46
46
46
46
46
46
46
46
46
46
46
46
46
46
20
20
20
20
20
20
20
20
20
20
20
20
20
20
20
20
20
20
20
20
20
20
20
20
20
20
20
20
20
20
20
20
20
20
20
20
20
20
20
20
20
20
20
20
20
20
20
20
20
20
20
20
20
20
20
20
20
20
20
20
20
20
20
20
46
46
46
46
46
46
46
46
46
46
46
46
46
46
46
46
46
46
46
46
46
46
46
46
46
46
46
46
46
46
46
46
46
46
46
46
46
46
46
46
46
46
46
46
46
46
46
46
46
46
46
46
46
46
46
46
46
46
46
46
46
46
46
46
46
46
46
46
46
46
46
46
46
46
46
46
46
46
46
46
46
46
46
46
46
46
46
46
46
46
46
46
46
46
46
46
46
46
46
46
46
46
46
46
46
46
46
46
46
46
46
46
46
46
46
46
46
46
46
46
46
46
46
46
46
46
46
46
46
46
46
46
46
46
46
46
46
46
46
46
46
46
46
46
46
46
46
46
46
46
46
46
46
46
46
46
46
46
46
46
46
46
46
46
46
46
46
46
46
46
46
46
46
46
46
46
46
46
46
46
46
46
46
46
46
46
46
46
46
46
46
46
46
46
46
46
46
46
46
46
46
46
46
46
46
46
46
46
46
46
46
46
46
46
46
46
46
46
46
46
46
46
46
46
46
46
46
46
46
46
46
46
46
46
46
46
46
46
46
46
46
46
46
46
46
46
46
46
46
46
46
46
46
46
46
46
46
46
46
46
46
46
46
46
46
46
46
46
46
46
46
46
46
46
46
46
46
46
46
46
46
46
46
46
46
46
46
46
46
46
46
46
46
46
46
46
46
46
46
46
46
46
46
46
46
46
46
46
46
46
46
46
46
46
46
46
46
46
46
46
46
46
46
46
46
46
46
46
46
46
46
46
46
46
46
46
46
46
46
46
46
46
46
46
46
46
46
46
46
46
46
46
46
46
46
46
46
46
46
46
46
46
46
46
46
46
46
46
46
46
46
46
46
46
46
46
46
46
46
46
46
46
46
46
46
46
46
46
46
46
46
46
46
46
46
46
46
46
46
46
46
46
46
46
46
46
46
46
46
46
46
46
46
46
46
46
46
46
46
46
46
46
46
46
46
46
46
46
46
46
46
46
46
46
46
46
46
46
46
46
46
46
46
46
46
46
46
46
46
46
46
46
46
46
46
46
46
46
46
46
46
46
46
46
46
46
46
46
46
46
46
46
46
46
46
46
46
46
46
46
46
46
46
46
46
46
46
46
46
46
46
46
46
46
46
46
46
46
46
46
46
46
46
46
46
46
46
46
46
46
46
46
46
46
46
46
46
46
46
46
46
46
46
46
46
46
46
46
46
46
46
46
46
46
46
46
46
46
46
46
46
46
46
46
46
46
46
46
46
46
46
46
46
46
46
46
46
46
46
46
46
46
46
46
46
46
46
46
46
46
46
46
46
46
46
46
46
46
46
46
46
46
46
46
46
46
46
46
46
46
46
46
46
46
46
46
46
46
46
46
46
46
46
46
46
46
46
46
46
46
46
46
46
46
46
46
46
46
46
46
46
46
46
46
46
46
46
46
46
46
46
46
46
46
46
46
46
46
46
46
20
20
20
20
20
20
20
20
20
20
20
20
20
20
20
20
20
20
20
20
20
20
20
20
20
20
20
20
20
20
20
20
46
46
46
46
46
46
46
46
46
46
46
46
46
46
46
46
46
46
46
46
46
46
46
46
46
46
46
46
46
46
46
46
46
46
46
46
46
46
46
46
46
46
46
46
46
46
46
46
46
46
46
46
46
46
46
46
46
46
46
46
46
46
46
46
46
46
46
46
46
46
46
46
46
46
46
46
46
46
46
46
46
46
46
46
46
46
46
46
46
46
46
46
46
46
46
46
46
46
46
46
46
46
46
46
46
46
46
46
46
46
46
46
46
46
46
46
46
46
46
46
46
46
46
46
46
46
46
46
46
46
46
46
46
46
46
46
46
46
46
46
46
46
46
46
46
46
46
46
46
46
46
46
46
46
46
46
46
46
46
46
46
46
46
46
46
46
46
46
46
46
46
46
46
46
46
46
46
46
46
46
46
46
46
46
46
46
46
46
46
46
46
46
46
46
46
46
46
46
46
46
46
46
46
46
46
46
46
46
46
46
46
46
46
46
46
46
46
46
46
46
46
46
46
46
46
46
46
46
46
46
46
46
46
46
46
46
46
46
46
46
46
46
46
46
46
46
46
46
46
46
46
46
46
46
46
46
46
46
46
46
46
46
46
46
46
46
46
46
46
46
46
46
46
46
46
46
46
46
46
46
46
46
46
46
46
46
46
46
46
46
46
46
46
46
46
46
46
46
46
46
46
46
46
46
46
46
46
46
46
46
46
46
46
46
46
46
46
46
46
46
46
46
46
46
46
46
46
46
46
46
46
46
46
46
46
46
46
46
46
46
46
46
46
46
46
46
46
46
46
46
46
46
46
46
46
46
46
46
46
46
46
46
46
46
46
46
46
46
46
46
46
46
46
46
46
46
46
46
46
46
46
46
46
46
46
46
46
46
46
46
46
46
46
46
46
46
46
46
46
46
46
46
46
46
46
46
46
46
46
46
46
46
46
46
46
46
46
46
46
46
46
46
46
46
46
46
46
46
46
46
46
46
46
46
46
46
46
46
46
46
46
46
46
46
46
46
46
46
46
46
46
46
46
46
46
46
46
46
46
46
46
46
46
46
46
46
46
46
46
46
46
46
46
46
46
46
46
46
46
46
46
46
46
46
46
46
46
46
46
46
46
46
46
46
46
46
46
46
46
46
46
46
46
46
46
46
46
46
46
46
46
46
46
46
46
46
46
46
46
46
46
46
46
46
46
46
46
46
46
46
46
46
46
46
46
46
46
46
46
46
46
46
46
46
46
46
46
46
46
46
46
46
46
46
46
46
46
46
46
46
46
46
46
46
46
46
46
46
46
46
46
46
46
46
46
46
46
46
46
46
46
46
46
46
46
46
46
46
46
46
46
46
46
46
46
46
46
46
46
46
46
46
46
46
46
46
46
46
46
46
46
46
46
46
46
46
46
46
46
46
46
46
46
46
46
46
46
46
46
46
46
46
46
46
46
46
46
46
46
46
20
20
20
20
20
20
20
20
20
20
20
20
20
20
20
20
20
20
20
20
20
20
20
20
20
20
20
20
20
20
20
20
46
46
46
46
46
46
46
46
46
46
46
46
46
46
46
46
46
46
46
46
46
46
46
46
46
46
46
46
46
46
46
46
46
46
46
46
46
46
46
46
46
46
46
46
46
46
46
46
46
46
46
46
46
46
46
46
46
46
46
46
46
46
46
46
46
46
46
46
46
46
46
46
46
46
46
46
46
46
46
46
46
46
46
46
46
46
46
46
46
46
46
46
46
46
46
46
46
46
46
46
46
46
46
46
46
46
46
46
46
46
46
46
46
46
46
46
46
46
46
46
46
46
46
46
46
46
46
46
46
46
46
46
46
46
46
46
46
46
46
46
46
46
46
46
46
46
46
46
46
46
46
46
46
46
46
46
46
46
46
46
46
46
46
46
46
46
46
46
46
46
46
46
46
46
46
46
46
46
46
46
46
46
46
46
46
46
46
46
46
46
46
46
46
46
46
46
46
46
46
46
46
46
46
46
46
46
46
46
46
46
46
46
46
46
46
46
46
46
46
46
46
46
46
46
46
46
46
46
46
46
46
46
46
46
46
46
46
46
46
46
46
46
46
46
46
46
46
46
46
46
46
46
46
46
46
46
46
46
46
46
46
46
46
46
46
46
46
46
46
46
46
46
46
46
46
46
46
46
46
46
46
46
46
46
46
46
46
46
46
46
46
46
46
46
46
46
46
46
46
46
46
46
46
46
46
46
46
46
46
46
46
46
46
46
46
46
46
46
46
46
46
46
46
46
46
46
46
46
46
46
46
46
46
46
46
46
46
46
46
46
46
46
46
46
46
46
46
46
46
46
46
46
46
46
46
46
46
46
46
46
46
46
46
46
46
46
46
46
46
46
46
46
46
46
46
46
46
46
46
46
46
46
46
46
46
46
46
46
46
46
46
46
46
46
46
46
46
46
46
46
46
46
46
46
46
46
46
46
46
46
46
46
46
46
46
46
46
46
46
46
46
46
46
46
46
46
46
46
46
46
46
46
46
46
46
46
46
46
46
46
46
46
46
46
46
46
46
46
46
46
46
46
46
46
46
46
46
46
46
46
46
46
46
46
46
46
46
46
46
46
46
46
46
46
46
46
46
46
46
46
46
46
46
46
46
46
46
46
46
46
46
46
46
46
46
46
46
46
46
46
46
46
46
46
46
46
46
46
46
46
46
46
46
46
46
46
46
46
46
46
46
46
46
46
46
46
46
46
46
46
46
46
46
46
46
46
46
46
46
46
46
46
46
46
46
46
46
46
46
46
46
46
46
46
46
46
46
46
46
46
46
46
46
46
46
46
46
46
46
46
46
46
46
46
46
46
46
46
46
46
46
46
46
46
46
46
46
46
46
46
46
46
46
46
46
46
46
46
46
46
46
46
46
46
46
46
46
46
46
46
46
46
46
46
46
46
46
46
46
46
46
46
46
46
46
46
46
46
46
46
46
46
46
46
46
46
46
46
46
46
20
20
20
20
20
20
20
20
20
20
20
20
20
20
20
20
20
20
20
20
20
20
20
20
20
20
20
20
20
20
20
20
20
20
20
20
20
20
20
20
20
20
20
20
20
20
20
20
20
20
20
20
20
20
20
20
20
20
20
20
20
20
20
20
46
46
46
46
46
46
46
46
46
46
46
46
46
46
46
46
46
46
46
46
46
46
46
46
46
46
46
46
46
46
46
46
46
46
46
46
46
46
46
46
46
46
46
46
46
46
46
46
46
46
46
46
46
46
46
46
46
46
46
46
46
46
46
46
46
46
46
46
46
46
46
46
46
46
46
46
46
46
46
46
46
46
46
46
46
46
46
46
46
46
46
46
46
46
46
46
46
46
46
46
46
46
46
46
46
46
46
46
46
46
46
46
46
46
46
46
46
46
46
46
46
46
46
46
46
46
46
46
46
46
46
46
46
46
46
46
46
46
46
46
46
46
46
46
46
46
46
46
46
46
46
46
46
46
46
46
46
46
46
46
46
46
46
46
46
46
46
46
46
46
46
46
46
46
46
46
46
46
46
46
46
46
46
46
46
46
46
46
46
46
46
46
46
46
46
46
46
46
46
46
46
46
46
46
46
46
46
46
46
46
46
46
46
46
46
46
46
46
46
46
46
46
46
46
46
46
46
46
46
46
46
46
46
46
46
46
46
46
46
46
46
46
46
46
46
46
46
46
46
46
46
46
46
46
46
46
46
46
46
46
46
46
46
46
46
46
46
46
46
46
46
46
46
46
46
46
46
46
46
46
46
46
46
46
46
46
46
46
0
0
0
0
0
0
0
0
0
0
0
0
0
0
0
0
0
0
0
0
0
0
0
0
0
0
0
0
0
0
0
0
0
0
0
0
0
0
0
0
0
0
0
0
0
0
0
0
0
0
0
0
0
0
0
0
0
0
0
0
0
0
0
0
1
0
0
0
0
0
1
0
0
0
0
0
0
0
0
0
1
0
0
0
0
0
1
0
0
0
0
0
0
0
0
0
2
25
27
25
27
25
2
25
27
25
27
25
27
25
27
25
2
25
27
25
27
25
2
25
27
25
27
25
27
25
27
25
0
0
0
0
0
0
0
0
0
0
0
0
0
0
0
0
0
0
0
0
0
0
0
0
0
0
0
0
0
0
0
0
0
0
0
0
0
0
0
0
0
0
0
0
0
0
0
0
0
0
0
0
0
0
0
0
0
0
0
0
0
0
0
0
0
0
0
0
0
0
0
0
0
0
0
0
0
0
0
0
0
0
0
0
0
0
0
0
0
0
0
0
0
0
0
0
0
0
0
0
0
0
0
0
0
0
0
0
0
0
0
0
0
0
0
0
0
0
0
0
0
0
0
0
0
0
0
0
12
0
12
0
12
0
12
0
12
0
12
0
12
0
12
0
12
0
12
0
12
0
12
0
12
0
12
0
12
0
12
0
0
0
0
0
0
0
0
0
0
0
0
0
0
0
0
0
0
0
0
0
0
0
0
0
0
0
0
0
0
0
0
0
0
0
0
0
0
0
0
0
0
0
0
0
0
0
0
0
0
0
0
0
0
0
0
0
0
0
0
0
0
0
0
0
0
0
0
0
0
0
0
0
0
0
0
0
0
0
0
0
0
0
0
0
0
0
0
0
0
0
0
0
0
0
0
0
0
0
0
0
0
0
0
0
0
0
0
0
0
0
0
0
0
0
0
0
0
0
0
0
0
0
0
0
0
0
0
0
-1
-1
-1
-1
-1
-1
-1
-1
-1
-1
-1
-1
-1
-1
-1
-1
-1
-1
-1
-1
-1
-1
-1
-1
-1
-1
-1
-1
-1
-1
-1
-1
0
0
0
0
0
0
0
0
0
0
0
0
0
0
0
0
0
0
0
0
0
0
0
0
0
0
0
0
0
0
0
0
0
0
0
0
0
0
0
0
0
0
0
0
0
0
0
0
0
0
0
0
0
0
0
0
0
0
0
0
0
0
0
0
0
0
0
0
0
0
0
0
0
0
0
0
0
0
0
0
0
0
0
0
0
0
0
0
0
0
0
0
0
0
0
0
0
0
0
0
0
0
0
0
0
0
0
0
0
0
0
0
0
0
0
0
0
0
0
0
0
0
0
0
0
0
0
0
0
0
0
0
0
0
0
0
0
0
0
0
0
0
0
0
0
0
0
0
0
0
0
0
0
0
0
0
0
0
0
0
0
0
0
0
0
0
0
0
0
0
0
0
0
0
0
0
0
0
0
0
0
0
0
0
0
0
0
0
0
0
0
0
0
0
0
0
0
0
0
0
0
0
0
0
0
0
0
0
0
0
0
0
0
0
0
0
0
0
0
0
0
0
0
0
0
0
0
0
0
0
0
0
0
0
0
0
0
0
0
0
0
0
0
0
0
0
0
0
0
0
0
0
0
0
0
0
0
0
0
0
0
0
0
0
0
0
0
0
0
0
0
0
0
0
0
0
0
0
0
0
0
0
0
0
0
0
0
0
0
0
0
0
0
0
0
0
0
0
0
0
0
0
0
0
0
0
0
0
0
0
0
0
0
0
0
0
0
0
0
0
0
0
0
0
0
0
0
0
0
0
0
0
0
0
0
0
0
0
0
0
0
0
0
0
0
0
0
0
0
0
0
0
0
0
0
0
0
0
0
0
0
0
0
0
0
0
0
0
0
0
0
0
0
0
0
0
0
0
0
0
0
0
0
0
6
6
6
6
6
6
6
6
6
6
6
6
6
6
6
6
6
6
6
6
6
6
6
6
6
6
6
6
6
6
6
6
0
0
0
0
0
0
0
0
0
0
0
0
0
0
0
0
0
0
0
0
0
0
0
0
0
0
0
0
0
0
0
0
6
6
6
6
6
6
6
6
6
6
6
6
6
6
6
6
6
6
6
6
6
6
6
6
6
6
6
6
6
6
6
6
0
0
0
0
0
0
0
0
0
0
0
0
0
0
0
0
0
0
0
0
0
0
0
0
0
0
0
0
0
0
0
0
6
6
6
6
6
6
6
6
6
6
6
6
6
6
6
6
6
6
6
6
6
6
6
6
6
6
6
6
6
6
6
6
0
0
0
0
0
0
0
0
0
0
0
0
0
0
0
0
0
0
0
0
0
0
0
0
0
0
0
0
0
0
0
0
6
6
6
6
6
6
6
6
6
6
6
6
6
6
6
6
6
6
6
6
6
6
6
6
6
6
6
6
6
6
6
6
0
0
0
0
0
0
0
0
0
0
0
0
0
0
0
0
0
0
0
0
0
0
0
0
0
0
0
0
0
0
0
0
6
6
6
6
6
6
6
6
6
6
6
6
6
6
6
6
6
6
6
6
6
6
6
6
6
6
6
6
6
6
6
6
0
0
0
0
0
0
0
0
0
0
0
0
0
0
0
0
0
0
0
0
0
0
0
0
0
0
0
0
0
0
0
0
6
6
6
6
6
6
6
6
6
6
6
6
6
6
6
6
6
6
6
6
6
6
6
6
6
6
6
6
6
6
6
6
0
0
0
0
0
0
0
0
0
0
0
0
0
0
0
0
0
0
0
0
0
0
0
0
0
0
0
0
0
0
0
0
0
0
0
0
0
0
0
0
0
0
0
0
0
0
0
0
0
0
0
0
0
0
0
0
0
0
0
0
0
0
0
0
0
0
0
0
0
0
0
0
0
0
0
0
0
0
0
0
0
0
0
0
0
0
0
0
0
0
0
0
0
0
0
0
6
6
6
6
6
6
6
6
6
6
6
6
6
6
6
6
6
6
6
6
6
6
6
6
6
6
6
6
6
6
6
6
0
0
0
0
0
0
0
0
0
0
0
0
0
0
0
0
0
0
0
0
0
0
0
0
0
0
0
0
0
0
0
0
6
6
6
6
6
6
6
6
6
6
6
6
6
6
6
6
6
6
6
6
6
6
6
6
6
6
6
6
6
6
6
6
0
0
0
0
0
0
0
0
0
0
0
0
0
0
0
0
0
0
0
0
0
0
0
0
0
0
0
0
0
0
0
0
6
6
6
6
6
6
6
6
6
6
6
6
6
6
6
6
6
6
6
6
6
6
6
6
6
6
6
6
6
6
6
6
0
0
0
0
0
0
0
0
0
0
0
0
0
0
0
0
0
0
0
0
0
0
0
0
0
0
0
0
0
0
0
0
6
6
6
6
6
6
6
6
6
6
6
6
6
6
6
6
6
6
6
6
6
6
6
6
6
6
6
6
6
6
6
6
0
0
0
0
0
0
0
0
0
0
0
0
0
0
0
0
0
0
0
0
0
0
0
0
0
0
0
0
0
0
0
0
6
6
6
6
6
6
6
6
6
6
6
6
6
6
6
6
6
6
6
6
6
6
6
6
6
6
6
6
6
6
6
6
0
0
0
0
0
0
0
0
0
0
0
0
0
0
0
0
0
0
0
0
0
0
0
0
0
0
0
0
0
0
0
0
6
6
6
6
6
6
6
6
6
6
6
6
6
6
6
6
6
6
6
6
6
6
6
6
6
6
6
6
6
6
6
6
0
0
0
0
0
0
0
0
0
0
0
0
0
0
0
0
0
0
0
0
0
0
0
0
0
0
0
0
0
0
0
0
0
0
0
0
0
0
0
0
0
0
0
0
0
0
0
0
0
0
0
0
0
0
0
0
0
0
0
0
0
0
0
0
0
0
0
0
0
0
0
0
0
0
0
0
0
0
0
0
0
0
0
0
0
0
0
0
0
0
0
0
0
0
0
0
