%pattern_data
4
4
4
0
0
32
-8
0
52
68
0
1
1
0
0
0
10
0
3
0
0
0
0
0
0
0
0
11
-1
-1
0
0
0
50
0
0
37
66
-20
0
0
1
0
1
0
0
0
0
0
0
0
0
0
0
0
0
9
0
0
43
1
106
1
1
106
1
1
106
1
1
106
1
1
106
1
1
106
1
1
106
1
1
106
1
1
106
1
1
106
1
1
106
1
106
1
1
106
1
1
106
1
1
106
1
1
106
1
1
106
1
1
106
1
1
106
1
1
106
1
1
106
1
1
106
-37
-40
-37
-37
-40
-37
-37
-40
-37
-37
-40
-37
-37
-40
-37
-37
-40
-37
-37
-40
-37
-37
-40
-37
-37
-40
-37
-37
-40
-37
-37
-40
310544
576916
891088
1181202
1442313
1745760
2049751
2307687
2616531
2910363
3173084
3464853
3760340
4038458
4346304
4630295
4903855
5201361
5509478
5769229
6061247
6369478
6634626
6947596
7239184
7500000
7813605
8979456
8365374
8664467
8979456
9230771
9546803
10673084
10112902
10397256
10673084
10982086
15585510
11538458
15313220
15585510
12403855
12717528
15585510
10673084
17034875
17322880
15000000
14456576
14744649
15000000
15313220
15585510
15865374
16150544
16458186
16730771
17034875
17322880
17596145
17904785
17322880
18461542
310884
576916
898027
1189909
1442313
1756961
2057120
2307687
2603787
2906961
3173084
3460159
3778367
4038458
4338435
4634150
4903855
5196893
5500454
5769229
6077914
6376213
6634626
6935669
7245850
7500000
7803991
8104286
8365374
8665556
8958912
9230771
9524059
9807687
10098481
10399909
10673084
10965601
11273311
11538458
12704376
12140726
12403855
12704376
13007914
13269229
13563061
13866780
14134626
14443764
14740068
15000000
15305533
15604875
15865374
16166644
16459116
16730771
17023810
17306077
17596145
17894875
18184898
18461542
298912
576916
880181
1181995
1442313
1752744
2056349
2307687
2608186
2912381
3173084
3461633
3764444
4038458
4333197
4637959
4903855
5209116
5502177
5769229
6077959
6364082
6634626
6940975
7234286
7500000
7802902
8105828
8365374
8677732
8968254
9230771
9528435
9807687
10962744
10389909
10673084
10962744
11265215
11538458
11848435
12147687
12403855
12712086
13011837
13269229
13571315
13865624
14134626
14442313
14734739
15000000
15311905
15604150
15865374
16182540
16470476
16730771
17052200
17342902
17596145
17892222
18178617
18461542
316281
576916
1748481
1189433
1442313
1748481
2050816
2307687
2607619
2906621
3173084
3487483
3788209
4038458
4348163
4635782
4903855
5200567
5494626
5769229
6067959
6367551
6634626
5200567
7233469
7500000
7802676
8101746
8365374
2607619
8975261
9230771
9549524
9807687
11850862
10411859
10673084
12709932
11291542
11538458
11850862
12142018
12403855
12709932
13004807
13269229
13589297
13869592
14134626
14425556
14733152
15000000
15312494
15585079
15865374
16163084
16469773
16730771
17028776
17339116
17596145
17902630
18202857
18461542
311678
576916
874717
1174785
1442313
1755193
2047188
2307687
2605283
2904943
3173084
3478934
3770476
4038458
4332993
4635737
4903855
5215782
5502721
5769229
6072200
6360295
6634626
6934376
7229660
7500000
7794989
8094762
8365374
8677166
8973628
9230771
9547415
9807687
10110975
10406145
10673084
10982766
11280771
11538458
11839161
12148435
12403855
12715896
13008367
13269229
13578231
13875601
14134626
14438685
14734059
15000000
15296689
15593061
15865374
16154150
16457664
16730771
17028435
17328095
17596145
16154150
18207392
18461542
312109
576916
876145
1181383
1442313
1733039
2027596
2307687
2617710
2918639
3173084
3481746
3781723
4038458
4349161
4642245
4903855
5211361
5511905
5769229
6092336
6372200
6634626
6936463
7230907
7500000
7821202
8114150
8365374
8673061
8969773
9230771
9560113
9807687
10127438
10418481
10673084
10975669
11269456
11538458
11857052
12142086
12403855
12694082
13004898
13269229
13575737
13862426
14134626
14428685
14732517
15000000
15318390
15605261
15865374
16157143
16459320
16730771
17051882
17348685
17596145
17909456
18195374
18461542
314240
576916
878186
1193379
1442313
1745986
2048503
2307687
2595601
2904785
3173084
3465261
3766848
4038458
4341633
4638163
4903855
5215329
5515760
5769229
6079955
6369864
6634626
6931474
7217188
7500000
7800794
8095102
8365374
8661270
8954422
9230771
9536576
9807687
10106304
10404921
10673084
10979138
11283288
11538458
11836916
12137800
12403855
12707755
12995351
13269229
13574354
13870159
14134626
14456984
14749048
15000000
15294898
15592698
15865374
16157392
16445828
16730771
17030431
17322245
17596145
17905420
18198753
18461542
316077
576916
902381
1187052
5769229
1746395
2054354
2307687
2625034
2915057
3173084
2625034
3786032
4038458
4337868
4654739
6634626
5208277
5508821
5769229
6078685
6369138
6634626
6945918
7248934
7500000
7810363
8106349
8365374
8669841
8972086
9230771
9558209
9807687
10112948
10420068
10673084
10984014
11280794
11538458
11849705
12149864
12403855
12714104
13005034
13269229
13574739
13863356
15000000
14438594
14741293
15000000
15337506
15600408
15865374
16166213
16468549
16730771
17037778
17341361
17596145
17904626
18199002
18461542
293401
576916
868707
1172109
1442313
1735351
2031270
2307687
2608571
2905828
3173084
3475329
3770272
4038458
4330884
4637823
4903855
5211610
5498912
5769229
6085941
6366077
6634626
6932676
7224240
7500000
7813152
8098186
8365374
8670726
8969501
9230771
9547347
9807687
10103968
10394308
10673084
10976236
11263424
11538458
12714399
12143016
12403855
12714399
13006259
13269229
14441995
13864512
14134626
14441995
14744898
15000000
15309161
15593923
15865374
16170612
16464603
16730771
17038980
17325601
17596145
17894966
18190227
18461542
891519
576916
891519
1184989
1442313
1765986
2057075
2307687
2609025
2913333
3173084
3498163
3789819
4038458
4349683
4631746
4903855
5224263
5508776
5769229
6938730
7226984
6634626
6938730
7226984
7500000
8671565
2057075
8365374
8671565
8969365
9230771
10098571
9807687
10098571
10402063
10673084
10977642
11273265
11538458
11844331
12127528
12403855
12710748
13000159
13269229
13570045
13868844
14134626
14461293
14739501
15000000
15311519
15602018
15865374
16152880
16446395
16730771
17040816
17330249
17596145
17901519
18196213
18461542
304921
576916
883129
1185283
1442313
1739093
2046780
2307687
2623084
2917664
3173084
3478753
3786667
4038458
4332608
4632494
4903855
5204762
5512744
5769229
6094104
6368662
6634626
6942721
7248095
7500000
7804195
8109184
8365374
7804195
8975782
9230771
9532313
9807687
10119705
10414195
10673084
10977891
11269410
11538458
11837483
12135034
12403855
11837483
13001723
13269229
13573787
13873696
14134626
14464762
14753265
15000000
15310930
15600272
15865374
16166531
16459478
16730771
17031293
17328685
17596145
17899841
18196667
18461542
306463
3212859
889456
1201134
3189123
1754263
2064059
3177986
2608027
2918685
3173084
3479592
3782971
4038458
4340204
4634717
4903855
5204603
5523968
5769229
6066621
6368980
6634626
6918776
7225283
7500000
7809456
8105737
8365374
8654286
8969932
9230771
9533311
9807687
10094127
10408730
10673084
10975624
11280499
11538458
11832789
12143447
12403855
12711723
13014354
13269229
13570317
13867823
14134626
14431338
14741655
15000000
15300295
15604853
15865374
16148798
16452177
16730771
17011542
17334739
17596145
17892517
18202086
18461542
308503
576916
867528
1171066
1442313
1740136
2050476
2307687
2625714
2915329
3173084
3481270
3782086
4038458
4349569
4641406
4903855
5209773
5502766
5769229
6069138
6364785
6634626
6933741
7217256
7500000
7790612
8088889
8365374
8665918
8963991
9230771
9538413
9807687
10110499
10406100
10673084
10971293
11269637
11538458
11838934
12133855
12403855
12709592
13013288
13269229
13565034
13864830
14134626
14435397
14716213
15000000
15290998
15573447
15865374
16139864
16439206
16730771
17022608
17305261
17596145
17891701
18191361
18461542
6361973
576916
876236
1166213
1442313
1750771
2041542
2307687
2619410
2910136
3173084
3483107
3770454
4038458
5214036
4630816
4903855
5214036
5508005
5769229
6076100
6361973
6634626
6926485
7215147
7500000
7813175
8093583
8365374
8669524
8959841
9230771
9543900
9807687
10109955
10397800
10673084
10987166
11281746
11538458
11850227
13863946
12403855
11850227
13000748
13269229
13567732
13863946
14134626
14435782
14723311
15000000
15302698
15584172
15865374
16156757
16449320
16730771
17049206
17331791
17596145
17899161
18198141
18461542
312313
576916
876349
1177710
1442313
1752200
2051769
2307687
2608889
2908934
3173084
3468005
3775488
4038458
4349456
4635692
4903855
5222336
5509864
5769229
6071859
6369161
6634626
6938980
7234626
7500000
7802857
8100794
8365374
8656372
8964376
9230771
9545261
9807687
10119751
10409297
10673084
10949909
11269864
11538458
11829841
12144240
12403855
12689433
12991678
13269229
13557551
13858549
14134626
14431655
14740499
15000000
15310907
15605737
15865374
16164989
16472993
16730771
17047755
17344036
17596145
17902245
18197234
18461542
0
0
0
0
0
0
0
0
0
0
0
0
0
0
0
0
0
0
0
0
0
0
0
0
0
0
0
0
0
0
0
0
0
0
0
0
0
0
0
0
0
0
0
0
0
0
0
0
0
0
0
0
0
0
0
0
0
0
0
0
0
0
0
0
0
0
0
0
0
0
0
0
0
0
0
0
0
0
0
0
0
0
0
0
0
0
0
0
0
0
0
0
0
0
0
0
0
0
0
0
0
0
0
0
0
0
0
0
0
0
0
0
0
0
0
0
0
0
0
0
0
0
0
0
0
0
0
0
0
0
0
0
0
0
0
0
0
0
0
0
0
0
0
0
0
0
0
0
0
0
0
0
0
0
0
0
0
0
0
0
0
0
0
0
0
0
0
0
0
0
0
0
0
0
0
0
0
0
0
0
0
0
0
0
0
0
0
0
0
0
0
0
0
0
0
0
0
0
0
0
0
0
0
0
0
0
0
0
0
0
0
0
0
0
0
0
0
0
0
0
0
0
0
0
0
0
0
0
0
0
0
0
0
0
0
0
0
0
0
0
0
0
0
0
0
0
0
0
0
0
0
0
0
0
0
0
0
0
0
0
0
0
0
0
0
0
0
0
0
0
0
0
0
0
0
0
0
0
0
0
0
0
0
0
0
0
0
0
0
0
0
0
0
0
0
0
0
0
0
0
0
0
0
0
0
0
0
0
0
0
0
0
0
0
0
0
0
0
0
0
240635
441179
680136
895692
1102948
1329410
1567188
1764717
2002630
2226508
2426463
2664853
2896054
3088231
3329751
3549501
3750000
4002404
4223605
4411769
4665420
4874898
5073537
5308844
5535714
5735283
5965329
6193175
6397052
6623810
6843129
7058821
7293288
7500000
7734535
7947755
8161769
8404535
8629365
8823537
9070249
9300771
9485283
9740113
9958934
10147052
10381474
10598957
10808821
11039206
11259093
11470590
11716372
11932857
12132358
12364966
12581361
12794127
13015782
13239637
13455873
13696712
13915782
14117642
249002
441179
689070
900136
1102948
1343605
1567120
1764717
2014172
2230431
2426463
2665896
2893515
3088231
3334150
3544649
3750000
3989705
4214376
4411769
4658345
4883220
5073537
5314376
5541927
5735283
5981429
6190612
6397052
6624943
6861746
7058821
7307846
7500000
7737075
7960590
8161769
8401746
8634875
8823537
9069501
9288730
9485283
9728367
9953900
10147052
10392132
10611678
10808821
11049728
11275896
11470590
11711315
11935057
12132358
12361451
12593447
12794127
13036848
13249751
13455873
13699864
13917279
14117642
242630
441179
683356
903991
1102948
1335601
1566100
1764717
2011361
2233447
2426463
2660567
2889864
3088231
3319955
3537982
3750000
3981247
4201950
4411769
4651020
4879841
5073537
5322290
5543265
5735283
5974218
6186961
6397052
6624762
6851043
7058821
7293401
7500000
7725601
7948685
8161769
8395329
8618073
8823537
9060136
9276621
9485283
9711293
9939478
10147052
10375828
10603537
10808821
11043492
11274399
11470590
11714127
11934717
12132358
12369342
12584376
12794127
13024014
13253469
13455873
13695873
13925556
14117642
250385
441179
697415
917302
1102948
1341202
1566395
1764717
2013265
2236349
2426463
2677596
2902676
3088231
3325306
3544875
3750000
3980159
4218730
4411769
4656281
4881134
5073537
5299410
5532086
5735283
5984444
6204921
6397052
6641995
6880454
7058821
7302200
7500000
7745714
7980136
8161769
8403605
8635986
8823537
9058639
9289660
9485283
9723696
9953991
10147052
10387166
10603855
10808821
11052472
11281927
11470590
11727755
11943469
12132358
12381610
12598027
12794127
13033311
13255488
13455873
13687574
13917234
14117642
246871
441179
678866
902109
1102948
1352290
1578050
1764717
2006848
2239909
2426463
2676236
2894399
3088231
3317460
3540952
3750000
3984172
4209796
4411769
4651655
4874739
5073537
5305442
5524104
5735283
5978458
6201678
6397052
6635397
6865782
7058821
7301973
7500000
7733991
7963311
8161769
8397188
8623696
8823537
9068594
9288776
9485283
9734218
9959365
10147052
10389683
10610771
10808821
11047732
11273991
11470590
11706190
11935125
12132358
12369751
12604512
12794127
13036621
13258118
13455873
13692698
13925964
14117642
245556
441179
687166
914694
1102948
1342744
1575782
1764717
2014422
2240794
2426463
2675011
2905692
3088231
3324762
3561429
3750000
3993560
4226054
4411769
4662698
4880476
5073537
5303832
5533220
5735283
5963991
6184580
6397052
6621882
6857823
7058821
7292336
7500000
7731088
7962381
8161769
8405193
8632517
8823537
9070091
9297347
9485283
9731542
9958594
10147052
10382290
10614036
10808821
11053107
11280431
11470590
11700839
11934694
12132358
12374331
12598776
12794127
13032109
13258413
13455873
13696372
13921315
14117642
245102
441179
675964
913220
1102948
1348685
1584739
1764717
2024512
2251134
2426463
2688118
2916825
3088231
3339093
3565215
3750000
4017460
4244286
4411769
4646939
4883651
5073537
5313923
5546984
5735283
5980839
6223560
6397052
6640884
6878980
7058821
7311406
7500000
7741859
7974354
8161769
8391587
8627937
8823537
9063651
9295034
9485283
9731134
9968957
10147052
10395442
10623515
10808821
11047256
11279161
11470590
11720567
11942177
12132358
12375261
12598571
12794127
13029932
13260635
13455873
13690907
13913741
14117642
245556
441179
688753
923968
1102948
1344875
1580952
1764717
2016848
2230884
2426463
2661111
2903379
3088231
3333129
3561587
3750000
3995556
4226281
4411769
4665737
4877823
5073537
5305034
5540930
5735283
5986644
6208730
6397052
6640726
6878186
7058821
7306236
7500000
7756757
7980975
8161769
8403333
8643016
8823537
9081247
9299683
9485283
9731633
9959388
10147052
10390771
10614694
10808821
11054059
11282562
11470590
12352698
11933719
12132358
12352698
12587347
12794127
13041905
13277007
13455873
13705533
13938095
14117642
224966
1102948
673537
894422
1102948
1343878
1576395
1764717
1992540
2223469
4411769
2667279
2901837
3088231
2667279
2901837
3750000
3984127
4230000
4411769
4647234
4870000
5073537
5300794
5525873
5735283
5958957
6200907
6397052
6645669
6865760
7058821
7291678
7500000
7745737
7963900
8161769
8393243
8634014
8823537
9080068
9300454
9485283
9738912
9971995
10147052
10390544
10605510
10808821
11042698
11268889
10147052
11705828
11926667
9485283
12349932
12574739
10810799
13030476
13248844
9499043
13695420
13926576
14129596
5323696
441179
5323696
5549660
1102948
5976349
6206077
1764717
2914558
2247188
2426463
5323696
2914558
3088231
5323696
2914558
3750000
5323696
2914558
4411769
5323696
4895420
5073537
5323696
5549660
5735283
5976349
6206077
6397052
5976349
6869592
7058821
7960930
7500000
7740091
7960930
8161769
8409887
10594807
8823537
7740091
10594807
9485283
11053447
11278435
10147052
10381837
10594807
10808821
11053447
11278435
11470590
10594807
11278435
12132358
11278435
13923379
12794127
13923379
7960930
13455873
13694331
13923379
14117642
235828
441179
687438
919002
1102948
1351293
1594626
1102948
2007959
2239841
2426463
2675601
2910544
3088231
3346122
3561156
3750000
3997982
4222086
6397052
4649637
4881791
1102948
5308957
5543152
1102948
3997982
6208685
6397052
6638617
6874218
7058821
7296531
8161769
7746780
7980227
8161769
8401315
8637120
8823537
9068163
9282517
9485283
9725782
9953810
10147052
10382245
10607528
10808821
11045011
11276304
11470590
11720295
11935737
12132358
12358889
12576122
12794127
13016780
13243333
13455873
13699070
13933447
14117642
244444
441179
686122
905397
1102948
1339478
1575193
1764717
2018299
2239501
2426463
2665079
2903673
3088231
3319705
3547823
3750000
3983447
4223492
4411769
4656349
4879048
5073537
5309478
5545964
5735283
5973537
6193039
6397052
6611451
6841156
7058821
7277029
7500000
7726213
7961451
8161769
8392517
8621587
8823537
9068277
9300907
9485283
9723696
9955986
10147052
10373356
10613560
10808821
11054694
11281565
11470590
11719320
11941565
12132358
12371338
12599637
12794127
13041338
13260771
13455873
13687007
13914807
14117642
232789
441179
672834
898549
1102948
1327619
1561678
1764717
1989206
2232562
2426463
2661678
2900930
3088231
3332245
3552744
3750000
3993016
4214558
4411769
4650907
4881361
5073537
5323311
5540544
5735283
5977256
6193651
6397052
6637914
6865737
7058821
7312653
7500000
7738413
7956372
8161769
8390023
8611338
8823537
9045102
9272812
9485283
9720998
9943855
10147052
10384898
10612698
10808821
11042812
11273673
11470590
11716893
11933696
12132358
12371224
12593968
12794127
13034036
13260408
13455873
13694830
13923129
14117642
242540
441179
673787
899637
1102948
1341361
1570930
1764717
2001202
2233288
2426463
2674558
2900431
3088231
3339615
3554467
3750000
3990068
4213424
4411769
4643991
4864898
5073537
5294989
5528027
5735283
5966168
6191565
6397052
6627664
6853560
7058821
7310658
7500000
7752971
7973107
8161769
8403764
8635147
8823537
9065941
9290159
9485283
9719161
9955238
10147052
10384286
10605578
10808821
11051950
11275057
11470590
11713741
11934921
12132358
12365510
12594921
12794127
13032834
13255760
13455873
13708866
13920703
14117642
241678
441179
683197
899252
1102948
1331633
1559683
1764717
2003401
2235941
2426463
2003401
2895215
4411769
2003401
3544195
3750000
3992585
4209116
4411769
4655556
4874671
5735283
5316712
5537279
5735283
5953741
6187551
6397052
6624308
6187551
441179
7298073
7500000
7743719
7950181
8161769
8393152
8615510
8823537
9715261
9270862
9485283
9715261
9946009
10147052
10377052
9270862
10808821
11040998
11265646
11470590
11714717
11934286
12132358
12374535
12594150
12794127
13036757
13252336
13455873
13690045
13925873
14117642
0
0
0
0
0
0
0
0
0
0
0
0
0
0
0
0
0
0
0
0
0
0
0
0
0
0
0
0
0
0
0
0
0
0
0
0
0
0
0
0
0
0
0
0
0
0
0
0
0
0
0
0
0
0
0
0
0
0
0
0
0
0
0
0
0
0
0
0
0
0
0
0
0
0
0
0
0
0
0
0
0
0
0
0
0
0
0
0
0
0
0
0
0
0
0
0
0
0
0
0
0
0
0
0
0
0
0
0
0
0
0
0
0
0
0
0
0
0
0
0
0
0
0
0
0
0
0
0
0
0
0
0
0
0
0
0
0
0
0
0
0
0
0
0
0
0
0
0
0
0
0
0
0
0
0
0
0
0
0
0
0
0
0
0
0
0
0
0
0
0
0
0
0
0
0
0
0
0
0
0
0
0
0
0
0
0
0
0
0
0
0
0
0
0
0
0
0
0
0
0
0
0
0
0
0
0
0
0
0
0
0
0
0
0
0
0
0
0
0
0
0
0
0
0
0
0
0
0
0
0
0
0
0
0
0
0
0
0
0
0
0
0
0
0
0
0
0
0
0
0
0
0
0
0
0
0
0
0
0
0
0
0
0
0
0
0
0
0
0
0
0
0
0
0
0
0
0
0
0
0
0
0
0
0
0
0
0
0
0
0
0
0
0
0
0
0
0
0
0
0
0
0
0
0
0
0
0
0
0
0
0
0
0
0
0
0
0
0
0
0
970
68
858
608
62
738
696
92
1066
956
109
855
1505
56
700
971
62
668
804
90
1023
713
56
754
716
83
843
1402
78
911
1402
62
1039
64
984
961
83
792
1091
53
1100
1091
121
976
1091
70
992
848
88
660
1078
72
1100
1091
43
887
944
54
992
848
56
687
848
84
2446
59
1232
1455
69
983
1335
70
1566
1385
63
931
1374
60
910
1391
52
965
2190
61
1413
1242
66
1427
1348
74
1181
1396
50
1643
1305
66
1816
57
1068
1159
41
1094
1320
68
1489
1598
51
1489
1448
60
2326
1307
55
1005
1510
81
1679
1453
75
1489
1521
67
1030
1625
60
1138
1404
45
1543
49
1126
1682
40
959
973
52
905
645
53
1171
1057
40
1124
1192
58
807
1425
48
1552
1339
43
723
705
14
1036
1705
56
1255
1146
60
2035
36
1347
1555
39
1347
1365
59
1062
1202
60
1260
1761
64
1242
1188
59
772
1370
54
936
878
29
807
1609
64
1223
1108
61
979
1743
49
1564
52
1492
1541
46
1492
1612
50
1381
1106
46
1528
1336
60
1668
1266
27
904
1030
56
1103
1353
46
904
1625
42
1106
1083
60
1381
1142
48
1769
35
1210
1352
51
1034
1210
50
1210
1279
66
1034
1890
46
1284
1636
51
1017
1481
53
1493
1364
49
1265
1451
45
1159
1175
59
987
1755
48
1869
11
1143
1355
12
927
1585
12
1457
1637
11
1057
1843
16
1552
2066
23
1113
2090
16
1484
1683
5
1495
1692
16
1451
1296
21
901
1687
32
1867
20
1443
1441
16
771
1557
16
1322
1564
14
1209
1767
10
1436
1556
17
1252
1317
17
1178
1303
6
943
1624
12
682
1249
25
943
1665
26
3069
8
1931
2787
6
2307
3679
14
2848
2258
11
2379
3785
31
3181
3514
10
2126
3118
13
3527
3481
11
2726
4132
11
3000
3180
13
2731
3791
17
4197
4
3324
3384
14
2395
3328
11
2820
2358
16
2501
3523
8
1434
3014
9
2634
3765
8
3418
3336
10
2877
3913
11
3143
3239
10
2639
3022
13
2314
8
1600
1722
5
1246
1825
10
1660
1971
18
1591
1798
19
1519
2021
13
1200
1645
13
1630
1772
18
1028
1785
12
1248
1316
10
1070
1350
5
1842
6
1513
1617
10
1297
1705
13
1721
2091
9
1620
1927
10
2060
1283
10
1328
1705
9
1576
2101
8
1438
1924
4
1447
1946
5
1714
1822
13
2523
1
1600
2415
6
1946
1717
2
1677
2352
3
1677
3131
2
2764
2310
2
1353
2183
2
2527
1868
1
2329
3275
2
2389
1826
2
1906
2143
1
2745
2
1869
2976
2
2068
1756
1
1909
3212
2
1450
3841
2
1639
3120
2
1227
2770
1
1464
2131
1
1571
2669
1
1774
1969
1
1628
2548
3
2428
2
1787
2448
2
1873
2359
2
2152
2696
2
1839
2878
2
1721
2227
2
1659
2472
3
1725
2597
1
2245
2878
2
1590
2567
3
1900
2719
2
2583
2
2020
2102
1
1823
2127
2
1683
2079
2
1683
2707
2
1818
2446
2
1818
2392
2
1835
2457
1
2277
2711
1
2096
2477
2
2099
2837
2
1921
4
1921
1939
2
1056
2054
5
1469
1324
7
1358
1753
7
1699
1755
3
1124
1371
5
1643
1982
5
1643
1982
7
1545
2054
4
1545
1958
4
1500
4
1500
1656
3
1605
1366
4
1536
1787
2
1703
2287
3
1656
1621
3
1372
2178
7
1764
1274
4
1798
2055
3
1160
1697
2
1190
1633
4
4929
2
3715
4332
2
3000
4062
2
3661
4002
1
3886
5184
2
2753
4059
3
3877
5177
1
4882
3831
1
3806
4776
2
3589
4692
1
3589
3930
3
4892
3
3604
3490
4
3336
4198
1
3445
3351
1
3445
4603
2
3788
3519
1
3924
4056
2
4517
4073
1
3540
4362
1
3252
3996
1
3919
4117
2
2572
146
907
1119
133
1363
1674
103
1523
1528
122
1518
1845
91
1413
1216
154
1222
2422
115
1894
1786
147
1492
1814
134
1109
1336
132
1076
1305
65
1739
161
1434
1484
125
960
1584
110
1396
1431
125
1167
1454
123
1138
623
121
1005
1384
142
1512
1116
146
1055
1476
95
1215
1449
142
1057
2212
100
1939
95
1445
1721
67
1518
1775
94
1751
1880
146
1121
1544
124
1221
1701
89
1537
1746
78
1666
1620
98
1538
1519
23
884
1444
119
1644
1770
130
2028
86
1941
1636
42
1667
2087
75
1692
2419
97
1602
1999
111
2067
1885
105
1282
1453
106
1726
1737
34
1283
1739
34
1411
2351
66
1454
1882
112
1940
37
1343
1702
25
1375
1695
40
1599
1610
38
1472
1476
25
1323
2168
36
1323
1692
26
1767
1940
37
1475
1680
31
1713
1896
42
1265
1670
34
2232
36
1118
1545
38
1433
1577
50
1194
1726
33
1194
1908
25
1635
1726
38
1064
1784
35
1732
1554
30
1380
1740
38
1324
1225
46
1121
1480
43
2214
64
1238
2026
27
1714
2231
53
1566
1914
46
1587
2357
47
1362
2029
53
1614
2428
51
1642
1856
72
1750
1925
54
1877
2004
54
2128
1872
55
1895
57
1324
2031
53
1933
1770
53
1695
1299
55
1936
2124
54
1650
2115
62
1737
2152
49
1676
1564
55
1651
1968
34
1949
2009
52
1384
2096
58
0
0
0
0
0
0
0
0
0
0
0
0
0
0
0
0
0
0
0
0
0
0
0
0
0
0
0
0
0
0
0
0
0
0
0
0
0
0
0
0
0
0
0
0
0
0
0
0
0
0
0
0
0
0
0
0
0
0
0
0
0
0
0
0
0
0
0
0
0
0
0
0
0
0
0
0
0
0
0
0
0
0
0
0
0
0
0
0
0
0
0
0
0
0
0
0
0
0
0
0
0
0
0
0
0
0
0
0
0
0
0
0
0
0
0
0
0
0
0
0
0
0
0
0
0
0
0
0
0
0
0
0
0
0
0
0
0
0
0
0
0
0
0
0
0
0
0
0
0
0
0
0
0
0
0
0
0
0
0
0
0
0
0
0
0
0
0
0
0
0
0
0
0
0
0
0
0
0
0
0
0
0
0
0
0
0
0
0
0
0
0
0
0
0
0
0
0
0
0
0
0
0
0
0
0
0
0
0
0
0
0
0
0
0
0
0
0
0
0
0
0
0
0
0
0
0
0
0
0
0
0
0
0
0
0
0
0
0
0
0
0
0
0
0
0
0
0
0
0
0
0
0
0
0
0
0
0
0
0
0
0
0
0
0
0
0
0
0
0
0
0
0
0
0
0
0
0
0
0
0
0
0
0
0
0
0
0
0
0
0
0
0
0
0
0
0
0
0
0
0
0
0
0
0
0
0
0
0
0
0
0
0
0
0
0
0
0
0
0
0
2251
79
1383
1098
64
1125
849
66
753
1230
64
595
1112
35
1156
1661
58
781
1251
76
787
949
74
617
1024
60
643
1068
52
567
757
69
1097
47
1236
1487
57
620
1151
40
880
1090
71
576
1442
71
562
1087
55
908
1368
68
785
950
57
1090
2180
61
850
1075
76
477
1330
70
2273
145
1223
1234
86
678
1765
109
1129
1143
102
1038
1438
106
984
1130
102
719
1143
42
1389
1168
124
1419
1147
114
670
1086
105
545
1351
87
1836
138
1220
2064
100
875
1685
145
1098
1029
143
881
1754
112
882
1366
108
698
1365
129
838
2218
126
1091
1887
137
784
1077
110
550
1820
146
1709
56
1519
1103
13
1044
1302
21
1369
1795
30
874
1763
23
1215
1485
30
803
2185
24
1154
1569
57
1273
1349
36
1396
1564
17
1101
1869
33
2721
10
1615
1852
63
1048
1378
39
1326
1490
39
1217
1913
16
1401
1895
47
918
1601
58
1701
1481
49
1387
1422
20
1526
1796
72
1270
1872
65
1569
84
1481
1143
64
1343
1925
53
1185
1734
74
842
2043
67
1671
1492
50
1470
1382
68
1788
1183
68
1219
2081
27
1298
2350
68
1095
1535
65
2063
63
1673
1548
68
1335
1707
72
1992
1742
62
1601
2315
51
1661
2171
47
1667
1607
40
1127
1707
58
991
1962
65
1575
1329
63
1275
1834
76
1385
49
1120
1549
42
841
1766
54
1451
1162
39
1141
1775
30
1091
1565
30
1047
1846
38
1680
1354
44
1297
1633
42
1163
1995
37
1062
1053
55
1623
50
892
1603
37
1027
1811
48
1775
1380
55
1267
1915
46
1230
1769
46
1231
1642
51
1195
1507
17
1150
1686
48
990
1598
54
860
1810
31
3710
57
2725
2836
24
2306
3245
30
2215
2918
29
2626
3394
39
2174
3274
16
2867
4102
36
2820
3223
27
2699
3402
27
2271
4730
17
2316
4539
34
4657
31
3338
3389
32
3035
3864
28
3400
3564
32
3151
3911
37
2298
3959
15
2894
4049
23
3151
3602
23
2475
3423
33
2853
3591
21
1255
3051
35
1926
28
1179
1605
21
1226
1476
21
1137
1472
18
776
1862
21
1315
1364
20
1033
1559
18
1322
1583
21
1555
2035
18
1193
1158
24
1089
1706
21
1268
18
1451
1253
16
901
1757
19
1080
1459
14
1261
1263
28
939
1906
19
1077
1443
17
1408
1267
13
970
1634
16
1028
1395
15
1317
2275
16
1886
3
2111
1230
5
1380
2094
4
1358
1219
5
946
1283
4
1293
1345
2
1536
1622
3
1452
1139
2
1298
1111
2
1118
1063
3
1225
901
2
2734
3
1189
1457
2
1461
1150
2
867
1093
2
642
933
2
930
1452
2
877
1709
3
638
717
3
638
1405
2
823
495
2
1122
1553
3
2876
5
1776
2461
2
1951
2566
8
2068
2569
8
2059
2578
9
2059
2578
7
2124
2669
11
2857
3161
3
2022
3423
3
2622
3076
4
2086
3185
6
3150
1
2560
3219
1
2117
2561
4
1091
2162
9
1198
2940
7
1490
3281
2
1333
2879
5
2029
3141
2
2258
3430
4
1875
3472
3
1996
3483
5
1052
7
1052
1624
5
1254
1985
7
2000
1794
5
1052
2000
6
1052
2000
8
1052
2000
13
1052
2180
9
1052
1624
6
1254
1985
6
1254
2575
7
1979
5
1711
1979
2
1889
2328
4
1711
2328
4
1382
2641
2
1357
2328
3
1382
2641
4
2328
2641
9
2641
3142
6
3142
1979
7
1885
3142
9
3675
1
3349
3969
2
3475
3972
9
3838
3855
2
3111
3991
3
3343
3623
2
3032
3778
16
3825
4294
17
3564
4524
5
3032
4128
2
3108
4435
2
4787
10
3947
5282
3
4167
4633
2
3788
4243
1
4072
4970
2
3124
4079
2
2915
4334
3
3342
3452
1
3137
4319
2
3855
4504
2
3777
4670
2
1583
138
1987
1538
146
1186
1481
122
1160
1394
139
841
1566
98
2207
1644
123
1731
1499
96
1235
1307
121
1796
2080
99
2245
1184
87
1307
1909
77
2770
165
1717
1727
89
1807
2015
149
1145
1270
124
2054
2003
128
2050
2042
150
1620
2072
123
1986
1773
168
2022
1676
190
1434
1130
112
1175
1971
170
2175
122
1976
1823
97
2430
2233
51
2035
2395
108
2224
2864
152
1265
1563
142
2192
1469
148
2204
2580
146
2931
1983
139
2651
2492
154
2452
3138
105
2788
176
1837
1841
55
745
1672
35
2320
1658
135
1620
2384
138
1917
2048
122
2420
2827
146
1935
2119
164
1435
2662
150
1953
2303
144
2532
3085
175
2461
59
1830
1934
55
1706
1811
61
1248
1896
64
2579
2147
77
1653
1836
69
1168
2490
50
1898
1462
43
1942
2052
45
2000
2411
66
1726
2125
52
2009
83
1700
2077
69
1539
2410
98
1737
2316
69
1679
2088
61
1622
2023
61
1460
2430
77
1730
2178
85
1700
2022
76
2294
2228
64
1343
2066
72
2869
57
1675
2503
16
1310
1767
51
1326
1396
50
1326
2433
56
1326
1953
46
1319
2465
46
2441
1586
46
1249
2513
30
1464
1994
48
1486
1994
43
2037
81
1848
1877
43
1709
1400
56
2244
2395
41
2244
1789
56
2008
2395
52
1396
2146
55
1612
1383
69
2503
1875
52
2558
1815
59
1910
2171
49
0
0
0
0
0
0
0
0
0
0
0
0
0
0
0
0
0
0
0
0
0
0
0
0
0
0
0
0
0
0
0
0
0
0
0
0
0
0
0
0
0
0
0
0
0
0
0
0
0
0
0
0
0
0
0
0
0
0
0
0
0
0
0
0
0
0
0
0
0
0
0
0
0
0
0
0
0
0
0
0
0
0
0
0
0
0
0
0
0
0
0
0
0
0
0
0
0
0
0
0
0
0
0
0
0
0
0
0
0
0
0
0
0
0
0
0
0
0
0
0
0
0
0
0
0
0
0
0
0
0
0
0
0
0
0
0
0
0
0
0
0
0
0
0
0
0
0
0
0
0
0
0
0
0
0
0
0
0
0
0
0
0
0
0
0
0
0
0
0
0
0
0
0
0
0
0
0
0
0
0
0
0
0
0
0
0
0
0
0
0
0
0
0
0
0
0
0
0
0
0
0
0
0
0
0
0
0
0
0
0
0
0
0
0
0
0
0
0
0
0
0
0
0
0
0
0
0
0
0
0
0
0
0
0
0
0
0
0
0
0
0
0
0
0
0
0
0
0
0
0
0
0
0
0
0
0
0
0
0
0
0
0
0
0
0
0
0
0
0
0
0
0
0
0
0
0
0
0
0
0
0
0
0
0
0
0
0
0
0
0
0
0
0
0
0
0
0
0
0
0
0
0
0
0
0
0
0
0
0
0
0
0
0
0
0
0
0
0
0
0
20
20
20
20
20
20
20
20
20
20
20
20
20
20
20
20
20
20
20
20
20
20
20
20
20
20
20
20
20
20
20
20
20
20
20
20
20
20
20
20
20
20
20
20
20
20
20
20
20
20
20
20
20
20
20
20
20
20
20
20
20
20
20
20
46
46
46
46
46
46
46
46
46
46
46
46
46
46
46
46
46
46
46
46
46
46
46
46
46
46
46
46
46
46
46
46
46
46
46
46
46
46
46
46
46
46
46
46
46
46
46
46
46
46
46
46
46
46
46
46
46
46
46
46
46
46
46
46
46
46
46
46
46
46
46
46
46
46
46
46
46
46
46
46
46
46
46
46
46
46
46
46
46
46
46
46
46
46
46
46
46
46
46
46
46
46
46
46
46
46
46
46
46
46
46
46
46
46
46
46
46
46
46
46
46
46
46
46
46
46
46
46
46
46
46
46
46
46
46
46
46
46
46
46
46
46
46
46
46
46
46
46
46
46
46
46
46
46
46
46
46
46
46
46
46
46
46
46
46
46
46
46
46
46
46
46
46
46
46
46
46
46
46
46
46
46
46
46
46
46
46
46
46
46
46
46
46
46
46
46
46
46
46
46
46
46
46
46
46
46
46
46
46
46
46
46
46
46
46
46
46
46
46
46
46
46
46
46
46
46
46
46
46
46
46
46
46
46
46
46
46
46
46
46
46
46
46
46
46
46
46
46
46
46
46
46
46
46
46
46
46
46
46
46
46
46
46
46
46
46
46
46
46
46
46
46
46
46
46
46
46
46
46
46
46
46
46
46
46
46
46
46
20
20
20
20
20
20
20
20
20
20
20
20
20
20
20
20
20
20
20
20
20
20
20
20
20
20
20
20
20
20
20
20
20
20
20
20
20
20
20
20
20
20
20
20
20
20
20
20
20
20
20
20
20
20
20
20
20
20
20
20
20
20
20
20
46
46
46
46
46
46
46
46
46
46
46
46
46
46
46
46
46
46
46
46
46
46
46
46
46
46
46
46
46
46
46
46
46
46
46
46
46
46
46
46
46
46
46
46
46
46
46
46
46
46
46
46
46
46
46
46
46
46
46
46
46
46
46
46
46
46
46
46
46
46
46
46
46
46
46
46
46
46
46
46
46
46
46
46
46
46
46
46
46
46
46
46
46
46
46
46
46
46
46
46
46
46
46
46
46
46
46
46
46
46
46
46
46
46
46
46
46
46
46
46
46
46
46
46
46
46
46
46
46
46
46
46
46
46
46
46
46
46
46
46
46
46
46
46
46
46
46
46
46
46
46
46
46
46
46
46
46
46
46
46
46
46
46
46
46
46
46
46
46
46
46
46
46
46
46
46
46
46
46
46
46
46
46
46
46
46
46
46
46
46
46
46
46
46
46
46
46
46
46
46
46
46
46
46
46
46
46
46
46
46
46
46
46
46
46
46
46
46
46
46
46
46
46
46
46
46
46
46
46
46
46
46
46
46
46
46
46
46
46
46
46
46
46
46
46
46
46
46
46
46
46
46
46
46
46
46
46
46
46
46
46
46
46
46
46
46
46
46
46
46
46
46
46
46
46
46
46
46
46
46
46
46
46
46
46
46
46
46
20
20
20
20
20
20
20
20
20
20
20
20
20
20
20
20
20
20
20
20
20
20
20
20
20
20
20
20
20
20
20
20
20
20
20
20
20
20
20
20
20
20
20
20
20
20
20
20
20
20
20
20
20
20
20
20
20
20
20
20
20
20
20
20
46
46
46
46
46
46
46
46
46
46
46
46
46
46
46
46
46
46
46
46
46
46
46
46
46
46
46
46
46
46
46
46
46
46
46
46
46
46
46
46
46
46
46
46
46
46
46
46
46
46
46
46
46
46
46
46
46
46
46
46
46
46
46
46
46
46
46
46
46
46
46
46
46
46
46
46
46
46
46
46
46
46
46
46
46
46
46
46
46
46
46
46
46
46
46
46
46
46
46
46
46
46
46
46
46
46
46
46
46
46
46
46
46
46
46
46
46
46
46
46
46
46
46
46
46
46
46
46
46
46
46
46
46
46
46
46
46
46
46
46
46
46
46
46
46
46
46
46
46
46
46
46
46
46
46
46
46
46
46
46
46
46
46
46
46
46
46
46
46
46
46
46
46
46
46
46
46
46
46
46
46
46
46
46
46
46
46
46
46
46
46
46
46
46
46
46
46
46
46
46
46
46
46
46
46
46
46
46
46
46
46
46
46
46
46
46
46
46
46
46
46
46
46
46
27
27
27
27
27
27
27
27
27
27
27
27
27
27
27
27
27
27
27
27
27
27
27
27
27
27
27
27
27
27
27
27
27
27
27
27
27
27
27
27
27
27
27
27
27
27
27
27
27
27
27
27
27
27
27
27
27
27
27
27
27
27
27
27
20
20
20
20
20
20
20
20
20
20
20
20
20
20
20
20
20
20
20
20
20
20
20
20
20
20
20
20
20
20
20
20
20
20
20
20
20
20
20
20
20
20
20
20
20
20
20
20
20
20
20
20
20
20
20
20
20
20
20
20
20
20
20
20
20
20
20
20
20
20
20
20
20
20
20
20
20
20
20
20
20
20
20
20
20
20
20
20
20
20
20
20
20
20
20
20
20
20
20
20
20
20
20
20
20
20
20
20
20
20
20
20
20
20
20
20
20
20
20
20
20
20
20
20
20
20
20
20
20
20
20
20
20
20
20
20
20
20
20
20
20
20
20
20
20
20
20
20
20
20
20
20
20
20
20
20
20
20
20
20
20
20
20
20
20
20
20
20
20
20
20
20
20
20
20
20
20
20
20
20
20
20
20
20
20
20
20
20
20
20
20
20
20
20
20
20
20
20
20
20
20
20
20
20
20
20
20
20
20
20
20
20
20
20
20
20
20
20
20
20
20
20
20
20
46
46
46
46
46
46
46
46
46
46
46
46
46
46
46
46
46
46
46
46
46
46
46
46
46
46
46
46
46
46
46
46
46
46
46
46
46
46
46
46
46
46
46
46
46
46
46
46
46
46
46
46
46
46
46
46
46
46
46
46
46
46
46
46
46
46
46
46
46
46
46
46
46
46
46
46
46
46
46
46
46
46
46
46
46
46
46
46
46
46
46
46
46
46
46
46
46
46
46
46
46
46
46
46
46
46
46
46
46
46
46
46
46
46
46
46
46
46
46
46
46
46
46
46
46
46
46
46
20
20
20
20
20
20
20
20
20
20
20
20
20
20
20
20
20
20
20
20
20
20
20
20
20
20
20
20
20
20
20
20
46
46
46
46
46
46
46
46
46
46
46
46
46
46
46
46
46
46
46
46
46
46
46
46
46
46
46
46
46
46
46
46
46
46
46
46
46
46
46
46
46
46
46
46
46
46
46
46
46
46
46
46
46
46
46
46
46
46
46
46
46
46
46
46
46
46
46
46
46
46
46
46
46
46
46
46
46
46
46
46
46
46
46
46
46
46
46
46
46
46
46
46
46
46
46
46
46
46
46
46
46
46
46
46
46
46
46
46
46
46
46
46
46
46
46
46
46
46
46
46
46
46
46
46
46
46
46
46
46
46
46
46
46
46
46
46
46
46
46
46
46
46
46
46
46
46
46
46
46
46
46
46
46
46
46
46
46
46
46
46
46
46
46
46
46
46
46
46
46
46
46
46
46
46
46
46
46
46
46
46
46
46
46
46
46
46
46
46
46
46
46
46
46
46
46
46
46
46
46
46
46
46
46
46
46
46
46
46
46
46
46
46
46
46
46
46
46
46
46
46
46
46
46
46
46
46
46
46
46
46
46
46
46
46
46
46
46
46
46
46
46
46
46
46
46
46
46
46
46
46
46
46
46
46
46
46
27
27
27
27
27
27
27
27
27
27
27
27
27
27
27
27
27
27
27
27
27
27
27
27
27
27
27
27
27
27
27
27
27
27
27
27
27
27
27
27
27
27
27
27
27
27
27
27
27
27
27
27
27
27
27
27
27
27
27
27
27
27
27
27
27
27
27
27
27
27
27
27
27
27
27
27
27
27
27
27
27
27
27
27
27
27
27
27
27
27
27
27
27
27
27
27
27
27
27
27
27
27
27
27
27
27
27
27
27
27
27
27
27
27
27
27
27
27
27
27
27
27
27
27
27
27
27
27
27
27
27
27
27
27
27
27
27
27
27
27
27
27
27
27
27
27
27
27
27
27
27
27
27
27
27
27
27
27
27
27
27
27
27
27
27
27
27
27
27
27
27
27
27
27
27
27
27
27
27
27
27
27
27
27
27
27
27
27
27
27
27
27
27
27
27
27
27
27
27
27
27
27
27
27
27
27
27
27
27
27
27
27
27
27
27
27
27
27
27
27
27
27
27
27
46
46
46
46
46
46
46
46
46
46
46
46
46
46
46
46
46
46
46
46
46
46
46
46
46
46
46
46
46
46
46
46
46
46
46
46
46
46
46
46
46
46
46
46
46
46
46
46
46
46
46
46
46
46
46
46
46
46
46
46
46
46
46
46
46
46
46
46
46
46
46
46
46
46
46
46
46
46
46
46
46
46
46
46
46
46
46
46
46
46
46
46
46
46
46
46
46
46
46
46
46
46
46
46
46
46
46
46
46
46
46
46
46
46
46
46
46
46
46
46
46
46
46
46
46
46
46
46
46
46
46
46
46
46
46
46
46
46
46
46
46
46
46
46
46
46
46
46
46
46
46
46
46
46
46
46
46
46
46
46
20
20
20
20
20
20
20
20
20
20
20
20
20
20
20
20
20
20
20
20
20
20
20
20
20
20
20
20
20
20
20
20
46
46
46
46
46
46
46
46
46
46
46
46
46
46
46
46
46
46
46
46
46
46
46
46
46
46
46
46
46
46
46
46
46
46
46
46
46
46
46
46
46
46
46
46
46
46
46
46
46
46
46
46
46
46
46
46
46
46
46
46
46
46
46
46
46
46
46
46
46
46
46
46
46
46
46
46
46
46
46
46
46
46
46
46
46
46
46
46
46
46
46
46
46
46
46
46
46
46
46
46
46
46
46
46
46
46
46
46
46
46
46
46
46
46
46
46
46
46
46
46
46
46
46
46
46
46
46
46
46
46
46
46
46
46
46
46
46
46
46
46
46
46
46
46
46
46
46
46
46
46
46
46
46
46
46
46
46
46
46
46
46
46
46
46
46
46
46
46
46
46
46
46
46
46
46
46
46
46
46
46
46
46
46
46
46
46
46
46
46
46
46
46
46
46
46
46
46
46
46
46
46
46
46
46
46
46
46
46
46
46
46
46
46
46
46
46
46
46
46
46
46
46
46
46
46
46
46
46
46
46
46
46
46
46
46
46
46
46
46
46
46
46
46
46
46
46
46
46
46
46
46
46
46
46
46
46
46
46
46
46
46
46
46
46
46
46
46
46
46
46
46
46
46
46
46
46
46
46
46
46
46
46
46
46
46
46
46
46
46
46
46
46
46
46
46
46
46
46
46
46
46
46
46
46
46
46
46
46
46
46
46
46
46
46
46
46
46
46
46
46
46
46
46
46
46
46
46
46
46
46
46
46
46
46
46
46
46
46
46
46
46
46
46
46
46
46
46
46
46
46
46
46
46
46
46
46
46
46
46
46
46
46
46
46
46
46
46
46
46
46
46
46
46
46
46
46
46
46
46
46
46
46
46
46
46
46
46
46
46
46
46
46
46
46
46
46
46
46
46
46
46
46
46
46
46
46
46
46
46
46
46
46
46
46
46
46
46
46
46
46
46
46
46
46
46
46
46
46
46
46
46
46
46
46
46
46
46
46
46
46
46
46
46
46
46
46
46
46
46
46
46
46
46
46
46
46
46
46
46
46
46
46
46
46
46
46
46
46
46
46
46
46
46
46
46
46
46
46
46
46
46
46
46
46
46
46
46
46
46
46
46
46
46
46
46
46
46
46
46
46
46
46
46
46
46
46
46
46
46
46
46
46
46
46
46
46
46
46
46
46
46
46
46
46
46
46
46
46
46
46
46
46
46
46
46
46
46
46
46
46
46
46
46
46
46
46
46
46
46
46
46
46
46
46
46
46
46
46
46
46
46
46
46
46
46
46
46
46
46
46
46
46
46
46
46
46
46
46
46
46
46
46
46
46
46
46
46
46
46
46
46
46
46
46
46
46
46
46
46
46
46
46
46
46
46
46
46
46
46
46
46
46
46
46
46
46
46
46
46
46
46
46
46
46
46
46
46
46
46
46
46
46
46
46
46
46
46
46
46
46
20
20
20
20
20
20
20
20
20
20
20
20
20
20
20
20
20
20
20
20
20
20
20
20
20
20
20
20
20
20
20
20
20
20
20
20
20
20
20
20
20
20
20
20
20
20
20
20
20
20
20
20
20
20
20
20
20
20
20
20
20
20
20
20
46
46
46
46
46
46
46
46
46
46
46
46
46
46
46
46
46
46
46
46
46
46
46
46
46
46
46
46
46
46
46
46
46
46
46
46
46
46
46
46
46
46
46
46
46
46
46
46
46
46
46
46
46
46
46
46
46
46
46
46
46
46
46
46
46
46
46
46
46
46
46
46
46
46
46
46
46
46
46
46
46
46
46
46
46
46
46
46
46
46
46
46
46
46
46
46
46
46
46
46
46
46
46
46
46
46
46
46
46
46
46
46
46
46
46
46
46
46
46
46
46
46
46
46
46
46
46
46
46
46
46
46
46
46
46
46
46
46
46
46
46
46
46
46
46
46
46
46
46
46
46
46
46
46
46
46
46
46
46
46
46
46
46
46
46
46
46
46
46
46
46
46
46
46
46
46
46
46
46
46
46
46
46
46
46
46
46
46
46
46
46
46
46
46
46
46
46
46
46
46
46
46
46
46
46
46
46
46
46
46
46
46
46
46
46
46
46
46
46
46
46
46
46
46
46
46
46
46
46
46
46
46
46
46
46
46
46
46
46
46
46
46
46
46
46
46
46
46
46
46
46
46
46
46
46
46
46
46
46
46
46
46
46
46
46
46
46
46
46
46
46
46
46
46
46
46
46
46
46
46
46
46
46
46
46
46
46
46
46
46
46
46
46
46
46
46
46
46
46
46
46
46
46
46
46
46
46
46
46
46
46
46
46
46
46
46
46
46
46
46
46
46
46
46
46
46
46
46
46
46
46
46
46
46
46
46
46
46
46
46
46
46
46
46
46
46
46
46
46
46
46
46
46
46
46
46
46
46
46
46
46
46
46
46
46
46
46
46
46
46
46
46
46
46
46
46
46
46
46
46
46
46
46
46
46
46
46
46
46
46
46
46
46
46
46
46
46
46
46
46
46
46
46
46
46
46
46
46
46
46
46
46
46
46
46
46
46
46
46
46
46
46
46
46
46
46
46
46
46
46
46
46
46
46
46
46
46
46
46
46
46
46
46
46
46
46
46
46
46
46
46
46
46
46
46
46
46
46
46
46
46
46
46
46
46
46
46
46
46
46
46
46
46
46
46
46
46
46
46
46
46
46
46
46
46
46
46
46
46
46
46
46
46
46
46
46
46
46
46
46
46
46
46
46
46
46
46
46
46
46
46
46
46
46
46
46
46
46
46
46
46
46
46
46
46
46
46
46
46
46
46
46
46
46
46
46
46
46
46
46
46
46
46
46
46
46
46
46
46
46
46
46
46
46
46
46
46
46
46
46
46
46
46
46
46
46
46
46
46
46
46
46
46
46
46
46
46
46
46
46
46
46
46
46
46
46
46
46
46
46
46
46
46
46
46
46
46
46
46
46
46
46
46
46
46
46
46
46
46
46
46
46
46
46
46
46
46
46
46
46
46
46
46
46
46
46
46
46
46
46
46
46
46
46
46
46
46
46
46
46
20
20
20
20
20
20
20
20
20
20
20
20
20
20
20
20
20
20
20
20
20
20
20
20
20
20
20
20
20
20
20
20
20
20
20
20
20
20
20
20
20
20
20
20
20
20
20
20
20
20
20
20
20
20
20
20
20
20
20
20
20
20
20
20
20
20
20
20
20
20
20
20
20
20
20
20
20
20
20
20
20
20
20
20
20
20
20
20
20
20
20
20
20
20
20
20
46
46
46
46
46
46
46
46
46
46
46
46
46
46
46
46
46
46
46
46
46
46
46
46
46
46
46
46
46
46
46
46
46
46
46
46
46
46
46
46
46
46
46
46
46
46
46
46
46
46
46
46
46
46
46
46
46
46
46
46
46
46
46
46
46
46
46
46
46
46
46
46
46
46
46
46
46
46
46
46
46
46
46
46
46
46
46
46
46
46
46
46
46
46
46
46
46
46
46
46
46
46
46
46
46
46
46
46
46
46
46
46
46
46
46
46
46
46
46
46
46
46
46
46
46
46
46
46
46
46
46
46
46
46
46
46
46
46
46
46
46
46
46
46
46
46
46
46
46
46
46
46
46
46
46
46
46
46
46
46
46
46
46
46
46
46
46
46
46
46
46
46
46
46
46
46
46
46
46
46
46
46
46
46
46
46
46
46
46
46
46
46
46
46
46
46
46
46
46
46
46
46
46
46
46
46
46
46
46
46
46
46
46
46
46
46
46
46
46
46
46
46
46
46
46
46
46
46
46
46
46
46
46
46
46
46
46
46
46
46
46
46
46
46
46
46
46
46
46
46
46
46
46
46
46
46
46
46
46
46
46
46
46
46
46
46
46
46
46
46
46
46
46
46
46
46
46
46
46
46
46
46
46
46
46
46
46
46
0
0
0
0
0
0
0
0
0
0
0
0
0
0
0
0
0
0
0
0
0
0
0
0
0
0
0
0
0
0
0
0
0
0
0
0
0
0
0
0
0
0
0
0
0
0
0
0
0
0
0
0
0
0
0
0
0
0
0
0
0
0
0
0
1
0
0
1
0
0
1
0
0
1
0
0
1
0
0
1
0
0
1
0
0
1
0
0
1
0
0
1
0
0
1
0
2
29
2
2
29
2
2
29
2
2
29
2
2
29
2
2
29
2
2
29
2
2
29
2
2
29
2
2
29
2
2
29
0
0
-21
0
0
-22
0
0
-22
-9
0
-21
-10
0
-20
-9
0
-19
0
0
-20
0
0
-21
-8
0
-21
-10
0
-21
-11
-10
0
0
0
0
0
0
0
0
0
0
0
0
0
0
0
0
0
0
0
0
0
0
0
0
0
0
0
0
0
0
0
0
0
0
0
0
0
0
0
0
0
0
0
0
0
0
0
0
0
0
0
0
0
0
0
0
0
0
0
0
0
0
0
0
0
0
0
0
0
0
0
0
0
0
0
0
0
0
0
0
0
0
0
0
0
0
0
0
0
0
0
0
0
0
0
0
0
3
10
3
0
10
3
3
10
3
3
10
0
3
10
3
0
10
3
3
10
3
3
10
0
3
11
3
0
11
3
3
0
0
0
0
0
0
0
0
0
0
0
0
0
0
0
0
0
0
0
0
0
0
0
0
0
0
0
0
0
0
0
0
0
0
0
0
0
0
0
0
0
0
0
0
0
0
0
0
0
0
0
0
0
0
0
0
0
0
0
0
0
0
0
0
0
0
0
0
0
0
0
0
0
0
0
0
0
0
0
0
0
0
0
0
0
0
0
0
0
0
0
0
0
0
0
0
0
0
0
0
0
0
0
0
0
0
0
0
0
0
0
0
0
0
0
0
0
0
0
0
0
0
0
0
0
0
0
0
0
0
0
0
0
0
0
0
0
0
0
0
0
0
0
0
0
0
0
0
0
0
0
0
0
0
0
0
0
0
0
0
0
0
0
0
0
0
0
0
0
0
0
0
0
0
0
0
0
0
0
0
0
0
0
0
0
0
0
0
0
0
0
0
0
0
0
0
0
0
0
0
0
0
0
0
0
0
0
0
0
0
0
0
0
0
0
0
0
0
0
0
0
0
0
0
0
0
0
0
0
0
0
0
0
0
0
0
0
0
0
0
0
0
0
0
0
0
0
0
0
0
0
0
0
0
0
0
0
0
0
0
0
0
0
0
0
0
0
0
0
0
0
0
0
0
0
0
0
0
0
0
0
0
0
0
0
0
0
0
0
0
0
0
0
0
0
0
0
0
0
0
0
0
0
0
0
0
0
0
0
0
0
0
0
0
0
0
0
0
0
0
0
0
0
0
0
0
0
0
0
0
0
0
0
0
0
0
0
0
0
0
0
0
0
0
0
0
0
0
0
0
0
0
0
0
0
0
0
0
0
0
0
0
0
0
0
0
0
0
0
0
0
0
0
0
0
0
0
0
0
0
0
0
0
0
0
0
0
0
0
0
0
0
0
0
0
0
0
0
0
0
0
0
0
0
0
0
0
0
0
0
0
0
0
0
0
0
0
0
0
0
0
0
0
0
0
0
0
0
0
0
0
0
0
0
0
0
0
0
0
0
0
0
0
0
0
0
0
0
0
0
0
0
0
0
0
0
0
0
0
0
0
0
0
0
0
0
0
0
0
0
0
0
0
0
0
0
0
0
0
0
0
0
0
0
0
0
0
0
0
0
0
0
0
0
0
0
0
0
0
0
0
0
0
0
0
0
0
0
0
0
0
0
0
0
0
0
0
0
0
0
0
0
0
0
0
0
0
0
0
0
0
0
0
0
0
0
0
0
0
0
0
0
0
0
6
6
6
6
6
6
6
6
6
6
6
6
6
6
6
6
6
6
6
6
6
6
6
6
6
6
6
6
6
6
6
6
0
0
0
0
0
0
0
0
0
0
0
0
0
0
0
0
0
0
0
0
0
0
0
0
0
0
0
0
0
0
0
0
6
6
6
6
6
6
6
6
6
6
6
6
6
6
6
6
6
6
6
6
6
6
6
6
6
6
6
6
6
6
6
6
0
0
0
0
0
0
0
0
0
0
0
0
0
0
0
0
0
0
0
0
0
0
0
0
0
0
0
0
0
0
0
0
6
6
6
6
6
6
6
6
6
6
6
6
6
6
6
6
6
6
6
6
6
6
6
6
6
6
6
6
6
6
6
6
0
0
0
0
0
0
0
0
0
0
0
0
0
0
0
0
0
0
0
0
0
0
0
0
0
0
0
0
0
0
0
0
6
6
6
6
6
6
6
6
6
6
6
6
6
6
6
6
6
6
6
6
6
6
6
6
6
6
6
6
6
6
6
6
0
0
0
0
0
0
0
0
0
0
0
0
0
0
0
0
0
0
0
0
0
0
0
0
0
0
0
0
0
0
0
0
6
6
6
6
6
6
6
6
6
6
6
6
6
6
6
6
6
6
6
6
6
6
6
6
6
6
6
6
6
6
6
6
0
0
0
0
0
0
0
0
0
0
0
0
0
0
0
0
0
0
0
0
0
0
0
0
0
0
0
0
0
0
0
0
6
6
6
6
6
6
6
6
6
6
6
6
6
6
6
6
6
6
6
6
6
6
6
6
6
6
6
6
6
6
6
6
0
0
0
0
0
0
0
0
0
0
0
0
0
0
0
0
0
0
0
0
0
0
0
0
0
0
0
0
0
0
0
0
0
0
0
0
0
0
0
0
0
0
0
0
0
0
0
0
0
0
0
0
0
0
0
0
0
0
0
0
0
0
0
0
0
0
0
0
0
0
0
0
0
0
0
0
0
0
0
0
0
0
0
0
0
0
0
0
0
0
0
0
0
0
0
0
6
6
6
6
6
6
6
6
6
6
6
6
6
6
6
6
6
6
6
6
6
6
6
6
6
6
6
6
6
6
6
6
0
0
0
0
0
0
0
0
0
0
0
0
0
0
0
0
0
0
0
0
0
0
0
0
0
0
0
0
0
0
0
0
6
6
6
6
6
6
6
6
6
6
6
6
6
6
6
6
6
6
6
6
6
6
6
6
6
6
6
6
6
6
6
6
0
0
0
0
0
0
0
0
0
0
0
0
0
0
0
0
0
0
0
0
0
0
0
0
0
0
0
0
0
0
0
0
6
6
6
6
6
6
6
6
6
6
6
6
6
6
6
6
6
6
6
6
6
6
6
6
6
6
6
6
6
6
6
6
0
0
0
0
0
0
0
0
0
0
0
0
0
0
0
0
0
0
0
0
0
0
0
0
0
0
0
0
0
0
0
0
6
6
6
6
6
6
6
6
6
6
6
6
6
6
6
6
6
6
6
6
6
6
6
6
6
6
6
6
6
6
6
6
0
0
0
0
0
0
0
0
0
0
0
0
0
0
0
0
0
0
0
0
0
0
0
0
0
0
0
0
0
0
0
0
6
6
6
6
6
6
6
6
6
6
6
6
6
6
6
6
6
6
6
6
6
6
6
6
6
6
6
6
6
6
6
6
0
0
0
0
0
0
0
0
0
0
0
0
0
0
0
0
0
0
0
0
0
0
0
0
0
0
0
0
0
0
0
0
6
6
6
6
6
6
6
6
6
6
6
6
6
6
6
6
6
6
6
6
6
6
6
6
6
6
6
6
6
6
6
6
0
0
0
0
0
0
0
0
0
0
0
0
0
0
0
0
0
0
0
0
0
0
0
0
0
0
0
0
0
0
0
0
0
0
0
0
0
0
0
0
0
0
0
0
0
0
0
0
0
0
0
0
0
0
0
0
0
0
0
0
0
0
0
0
0
0
0
0
0
0
0
0
0
0
0
0
0
0
0
0
0
0
0
0
0
0
0
0
0
0
0
0
0
0
0
0
