%pattern_data
4
4
4
0
0
32
-20
0
52
68
0
1
1
0
0
0
10
0
6
0
0
0
0
0
0
0
0
55
-1
-1
0
0
0
50
0
0
45
73
-20
0
1
0
0
1
0
0
0
0
0
0
0
0
0
0
0
0
0
0
0
0
1
1
1
1
1
1
1
1
1
1
1
1
1
1
1
1
1
1
1
1
1
1
1
1
1
1
1
1
1
1
1
1
1
1
1
1
1
1
1
1
1
1
1
1
1
1
1
1
1
1
1
1
1
1
1
1
1
1
1
1
1
1
1
1
-33
-33
-33
-33
-33
-33
-33
-33
-33
-33
-33
-33
-33
-33
-33
-33
-40
-33
-33
-33
-41
-33
-33
-33
-40
-33
-33
-33
-34
-33
-33
-33
297846
601361
869320
1159161
1451066
1753628
2029683
2325918
2605805
2908345
3185510
3504966
3759955
4052653
4329388
4630952
4909070
5209864
5496077
5799342
6063492
6362313
6647528
6933855
7215714
7543492
7787211
8075533
8355556
8669841
8930272
9229819
9514921
9801610
10092018
10406100
10677075
10974263
11260181
11550590
11828481
12148367
12414626
12722063
12992562
13287778
13575601
13862902
14147959
14452562
14716689
15030680
15305193
15591406
15877619
16151995
16442517
16733492
17022041
17293832
17586054
17879683
18169683
18458322
293152
592404
875601
1195215
1455533
1747732
2037438
2320816
2593583
2892268
3195329
3484036
3770726
4049819
4320317
4624308
4873084
5173583
5475669
5782789
6071224
6360907
6621610
6921429
7225238
7511383
7799546
8080499
8383560
8690590
8969456
9247914
9529093
9809909
10108844
10388980
10688776
10953628
11250113
11557007
11835034
12124036
12406644
12695533
12977551
13284875
13561791
13845102
14147029
14425102
14712517
15007483
15290658
15570385
15862494
16166168
16455873
16752721
17025918
17321723
17609932
17885261
18178231
18472245
303175
599683
865510
1166077
1454807
1742336
2010612
2317234
2586735
2882698
3163016
3462653
3742517
4059161
4313333
4616553
4900703
5187506
5479887
5786463
6081202
6378798
6653447
6932222
7208753
7519320
7796236
8100317
8389365
8669728
8942857
9234172
9533288
9822562
10096531
10413447
10679501
10990181
11235329
11540317
11829909
12142290
12413061
12712268
12992517
13288662
13556485
13855374
14134127
14441519
14714989
15018005
15308050
15610023
15869342
16161224
16436440
16723673
17014739
17298050
17595805
17897914
18189206
18471361
303039
586236
889138
1187891
1469546
1753719
2027846
2324376
2617891
2907166
3208503
3473605
3765079
4061995
4347664
4625125
4922426
5214717
5497551
5782721
6076327
6363265
6652018
6938707
7232925
7516145
7806689
8084240
8370635
8664218
8942880
9241429
9526871
9829909
10111066
10402086
10681451
10979705
11261882
11564898
11844943
12144512
12428662
12710000
12994807
13287347
13577302
13861043
14150998
14440794
14733855
15024490
15295918
15597755
15879229
16174422
16459138
16750431
17039864
17319909
17605057
17895306
18189365
18473855
322305
616531
877574
1166009
1458798
1756463
2013628
2323560
2604263
2890907
3176599
3487390
3760150
4080476
4334399
4622245
4918050
5230571
5501429
5792290
6071474
6387007
6637959
6930204
7228662
7535510
7803469
8094308
8382630
8684830
8940113
9245420
9532290
9797052
10102721
10373810
10687483
10989116
11250839
11573379
11836372
12126916
12404059
12707166
12978821
13302336
13563265
13876077
14138526
14444535
14713764
15019093
15283220
15606213
15866689
16188526
16454921
16761995
17021383
17321361
17595442
17909184
18174739
18468753
282925
582472
867914
1158209
1439342
1732222
2017120
2319297
2597823
2906780
3188844
3480091
3765669
4051043
4333605
4624762
4908345
5198594
5477800
5768118
6055420
6348050
6650748
6943855
7227800
7512766
7801519
8091565
8367302
8662630
8942562
9230476
9517664
9811043
10096735
10389977
10669161
10983605
11231995
11535510
11809773
12122177
12408186
12702018
13002245
13285760
13575193
13878367
14145556
14443787
14722517
15028118
15295034
15595578
15880726
16164082
16445420
16737324
17023537
17325986
17613175
17912154
18187891
18481950
308866
609546
888050
1180091
1446463
1736508
2024286
2320635
2602971
2899410
3181769
3469683
3755692
4063311
4341655
4629841
4915102
5208390
5490136
5790816
6068118
6360952
6636961
6931293
7202268
7509365
7786236
8087256
8358980
8646100
8951474
9240680
9531587
9827279
10110998
10396689
10678481
10962154
11232132
11536032
11818617
12132268
12406803
12708163
12991542
13287732
13556621
13854853
14143968
14447279
14734853
15026372
15300000
15590317
15861247
16155896
16446304
16747551
17026531
17336417
17604694
17905986
18188798
18478163
285374
562971
870930
1158662
1450476
1726349
2017914
2313175
2613787
2884649
3167574
3469705
3760363
4075306
4337460
4619615
4913379
5193787
5494717
5787415
6079070
6350998
6655057
6934671
7218141
7509864
7796689
8102902
8393605
8676463
8947710
9243832
9529138
9820998
10107755
10395488
10680930
10961338
11268277
11545420
11840340
12124082
12420907
12709524
12990839
13281973
13570635
13858617
14142472
14428141
14714354
15014490
15306304
15605215
15891474
16172971
16467710
16758707
17044717
17320295
17602880
17900363
18175669
18471361
301224
592948
892290
1171179
1466236
1735465
2022857
2303175
2601769
2892132
3185669
3476009
3764240
4047302
4331429
4628367
4921134
5200839
5488027
5776100
6066395
6364308
6661497
6950635
7228254
7531202
7808163
8096939
8376077
8669252
8963628
9253333
9538118
9830726
10125669
10398594
10683764
10983447
11268163
11561270
11842336
12126032
12412358
12702676
12977551
13280952
13556916
13855034
14140385
14433356
14720748
15011043
15284331
15595760
15885215
16163787
16452902
16732336
17019478
17312381
17593401
17907778
18185283
18486780
300680
581202
874875
1162562
1460249
1738299
2020159
2310635
2608005
2886939
3184535
3477256
3759048
4051134
4333265
4617347
4908322
5213583
5495238
5783696
6069048
6353968
6642948
6930612
7223333
7514240
7804308
8089909
8396463
8663129
8947596
9232789
9533447
9826349
10103424
10394036
10675578
10962766
11246304
11528753
11809320
12106803
12400748
12694989
12992517
13267937
13557143
13846236
14146961
14434694
14728662
15016032
15307732
15598481
15894762
16166485
16461837
16751134
17043832
17324422
17612902
17898617
18176599
18463878
302381
599274
881791
1159637
1451678
1742744
2029002
2324875
2613129
2900862
3193288
3478073
3775374
4047710
4332245
4623696
4915918
5215442
5498662
5783311
6071315
6358821
6650136
6936440
7218866
7520091
7813356
8093356
8379524
8677710
8960998
9257120
9535986
9824898
10109002
10411156
10694150
10975533
11257664
11555692
11839070
12136531
12422653
12712177
13011655
13295170
13575850
13870726
14151882
14440476
14725760
15020794
15307256
15605034
15873515
16171429
16446735
16737075
17033878
17322494
17610794
17895420
18175442
18466417
320544
610884
889048
1169841
1469138
1757460
2019637
2303878
2589501
2907370
3187551
3455964
3764263
4063991
4326780
4621791
4937800
5204399
5482880
5778753
6058526
6357823
6677937
6908639
7209660
7512676
7790476
8077256
8374467
8670068
8933991
9218050
9544671
9817596
10098413
10404527
10704300
10980476
11245828
11531429
11833946
12122245
12419977
12710952
13004647
13300763
13582768
13847370
14133369
14421905
14706281
15036213
15289841
15591610
15864943
16165170
16459592
16737120
17021224
17317891
17612336
17902381
18168730
18457664
306939
612993
889229
1168549
1456508
1755692
2044989
2334875
2610227
2907256
3202018
3470612
3771882
4059297
4351791
4620862
4924739
5205329
5503401
5776395
6073220
6361111
6661043
6934807
7230136
7527800
7811088
8098118
8387574
8705102
8966984
9242109
9547551
9838277
10126939
10394966
10690454
10990068
11260930
11564014
11851655
12140249
12426916
12714649
13003855
13292472
13570023
13846644
14141202
14433379
14701315
15000249
15293673
15581270
15895193
16156508
16466054
16747687
17050590
17313832
17618095
17904512
18196735
18483560
293741
594671
871769
1182721
1456576
1758027
2020249
2304422
2612449
2903946
3181020
3467460
3764218
4058095
4346122
4634580
4913537
5219728
5495488
5794694
6060385
6349955
6639184
6928776
7215669
7521156
7791361
8098662
8387279
8655624
8955873
9236712
9536259
9845533
10110476
10398050
10689501
10976327
11251293
11518073
11828141
12106372
12421066
12706145
12998594
13302222
13561361
13859116
14146213
14425737
14722721
15027619
15313016
15598685
15873900
16183878
16459297
16760159
17047029
17322948
17605782
17900159
18175556
18473129
298413
584104
879683
1152200
1444218
1741474
2030431
2319751
2611746
2917823
3212721
3471973
3764875
4049751
4346054
4616236
4914807
5222313
5493832
5759819
6071270
6388481
6641814
6913878
7219660
7525397
7811973
8076825
8386327
8682834
8957619
9239365
9520068
9828639
10118730
10408186
10704989
10999002
11273855
11534830
11839161
12122857
12428118
12719955
13006485
13289274
13599637
13850408
14148753
14432948
14734966
15012268
15311995
15606689
15879932
16160816
16451179
16745306
17051587
17328571
17621270
17908776
18213265
18460385
305941
592766
875420
1172290
1457075
1744989
2022200
2315941
2604717
2900544
3178912
3479615
3751338
4061542
4345510
4629796
4910635
5213016
5484104
5759569
6050363
6344558
6639524
6912925
7213288
7507029
7785669
8062993
8365828
8668821
8950454
9239342
9530000
9822948
10120363
10390544
10685828
10975986
11274512
11554830
11838639
12118231
12425442
12690612
12986757
13272290
13575442
13851542
14156485
14443265
14728821
15011950
15297664
15586599
15875850
16143968
16444354
16725306
17026327
17303719
17608005
17906009
18197868
18473923
289048
600839
891406
1168005
1449297
1741837
2039365
2308662
2599660
2886757
3186984
3466054
3744014
4050204
4341043
4624785
4919297
5208005
5505601
5780068
6062154
6357846
6654626
6924626
7215941
7518866
7809955
8079320
8367483
8662041
8955147
9227778
9523039
9812630
10109524
10393401
10687098
10995986
11271111
11552404
11845397
12135805
12435125
12700249
12992041
13283288
13587483
13853764
14153379
14431542
14745828
15014308
15298231
15601361
15892948
16155692
16452857
16746644
17032154
17299728
17609388
17896667
18198027
18472449
308254
603673
894127
1175329
3769093
2321338
2060021
2321338
2609728
2900113
3194580
3473968
3769093
4037823
4330159
4628005
4906667
5197506
5492834
5778413
6065396
6367755
6645488
6940227
7218821
7523469
7805873
8084444
8364172
8672698
8946281
9240907
9530816
9833696
10120907
10394195
10677710
10983288
11268435
11552494
11835011
12130227
12416667
12702268
12985556
13264082
13561315
13853719
14146644
14430884
14729569
15005442
15283288
15575737
15867483
16158889
16441610
16733265
17031383
17312222
17588594
17895578
18173583
18464218
0
0
0
0
0
0
0
0
0
0
0
0
0
0
0
0
0
0
0
0
0
0
0
0
0
0
0
0
0
0
0
0
0
0
0
0
0
0
0
0
0
0
0
0
0
0
0
0
0
0
0
0
0
0
0
0
0
0
0
0
0
0
0
0
0
0
0
0
0
0
0
0
0
0
0
0
0
0
0
0
0
0
0
0
0
0
0
0
0
0
0
0
0
0
0
0
0
0
0
0
0
0
0
0
0
0
0
0
0
0
0
0
0
0
0
0
0
0
0
0
0
0
0
0
0
0
0
0
235533
441147
674014
900907
1094331
1334853
1565170
1775465
2009887
2233541
2437212
2676100
2882336
3116939
3325805
3549893
3769388
4011270
4193810
4446825
4660816
4873333
5096984
5312177
5528435
5746531
5968367
6215737
6412200
6637664
6841247
7071474
7296463
7560567
7731655
7978639
8178821
8400408
8608141
8849660
9038889
9255986
9487664
9733016
9915896
10156236
10370930
10587324
10830068
11049433
11244422
11464853
11683537
11923288
12139841
12357687
12599637
12826054
13020522
13235034
13475601
13677052
13898186
14144263
223016
454331
666735
889025
1112200
1336190
1559932
1770590
1981701
2204943
2439705
2647370
2877460
3099841
3321111
3524649
3756667
3983878
4211791
4421020
4634150
4877959
5087506
5288390
5525170
5745215
5969025
6170794
6403560
6628571
6844286
7066621
7290454
7513356
7721769
7942585
8166304
8404399
8609955
8824535
9058776
9252562
9496984
9706961
9937120
10169977
10379184
10582018
10815692
11039410
11240567
11484059
11695510
11927800
12131633
12353061
12578141
12803084
13030136
13251088
13473787
13700567
13911633
14131224
227166
477234
670952
899048
1106939
1349297
1569569
1779887
2003447
2279864
2443968
2279864
2915810
3117982
3327937
3546145
3769592
4424263
4216893
4424263
4643265
4927619
5094286
5331895
5526122
5753265
5974943
6196780
6403039
6652653
6859932
7087256
7303152
7535873
7739932
7968367
8172948
8404399
8625465
8823356
9059909
9291633
9503039
9720227
9940590
10171020
10392109
10593991
10808844
11052834
11272063
11486644
11699932
11933900
12140113
12363968
12592517
12807891
13028481
13243447
13466077
13711406
13913469
14128957
230930
436644
678458
898277
1114966
1345737
1551995
1746190
1990658
2220204
2443787
2666848
2888866
3100839
3331633
3538503
3771837
3996259
4214785
4424762
4645941
4877596
5089660
5302177
5530952
5749048
5974830
6190476
6412336
6647800
6861156
7056599
7305918
7516712
7745238
7960272
8183175
8415283
8618617
8842109
9067438
9284082
9507302
9722789
9941020
10196893
10377302
10591610
10827664
11047279
11250612
11464921
11701270
11937664
12137846
12356032
12585125
12814853
13033605
13257710
13472200
13697710
13911474
14141179
224150
461678
667642
905374
1110952
1352086
1556145
1789683
1994240
2211315
2450000
2637347
2866667
3533832
3308413
3533832
3751587
3958934
4179070
4388889
4628231
4871474
5081882
5323197
5526463
5760023
5951451
6159705
6396508
6602948
6842812
7085964
7293197
7504150
7729138
7956145
8182925
8386485
8620590
8825238
9058163
9261927
9493583
9731655
9932630
10174739
10374218
10590907
10823628
11060317
11277256
11498980
11700658
11901769
12137846
12341361
12573333
12782268
13015805
13231247
13466531
13673220
13912834
14108934
231497
465420
675193
897868
1106984
1336848
1553900
1784626
1990091
2234331
2433220
2652154
2888435
3120726
3334240
3568231
3765782
4004875
4209546
4420680
4643152
4889501
5085283
5299841
5532109
5769546
5965805
6182948
6412585
6648027
6847007
7069025
7299819
7540181
7742381
7971383
8178390
8415760
8619229
8859025
9064218
9302290
9503696
9713492
9930000
10166644
10379048
10619433
10819229
11055760
11264535
11493719
11699184
11937370
12143107
12375306
12579297
12808776
13014535
13264014
13463243
13706644
13901927
14124422
225488
464558
675057
911995
1123039
1351202
1561995
1789887
2004331
2229501
2438844
2663129
2883741
3111224
3317732
3549252
3758730
4002494
4194036
4431723
4647302
4872721
5074331
5325760
5532472
5775692
5970703
6217574
6416757
6639932
6844807
7088957
7285737
7529841
7733878
8000544
8176599
8401179
8615079
8845896
9052154
9286077
9490385
9734898
9937732
10170771
10381406
10614444
10828095
11057256
11264263
11499546
11710590
11945079
12136485
12369887
12576122
12810612
13015737
13257302
13462404
13712789
13921179
14141701
217642
1774633
703016
908593
1115057
1338662
1551950
1763968
1985941
2205306
2452200
2670249
2885261
3117982
3329615
3550159
3761474
3985442
4206349
4431701
4642698
4888458
5091202
5315624
5513855
5749410
5978141
6187959
6402721
6648231
6863039
7077732
7278073
7516440
7729841
7950816
8162744
8401769
8616599
8834422
9051406
9271565
9502086
9721701
9932993
10177007
10373265
10605351
10830884
11055125
11266100
11492154
11698027
11953719
12131270
11492154
12578186
12817959
13032971
13253628
13464014
13703084
13911134
14139569
236644
451859
680045
902721
1110612
1338776
1559093
1784422
2001134
2222290
2449206
2659796
2877075
2659796
3319796
3541791
3760794
3981905
4205374
4424989
4639773
4867846
5095374
5311383
5531565
5746689
5977823
6189456
6405465
6630771
6854580
6630771
7286893
8422676
7727483
7952018
8186318
8422676
8622971
8832812
9063129
9284830
9517029
9733492
9960838
10147052
10380703
10591315
10811587
11031950
11259705
11475556
11694399
11916054
12138209
12347438
12576122
12786145
13018753
13237166
13451202
13676463
13915079
14120499
225964
442766
685420
883107
1104422
1326440
1556100
1769592
1993016
2219297
2448277
2656553
2869501
3105873
3322925
3540408
3757188
3981610
4200862
4424195
4648934
4882494
5096054
5303379
5517664
5744830
5973197
6186848
6412789
6644785
6861973
7068798
7289002
7514580
7737687
7956735
8184739
8410476
8634308
8828549
9056553
9273311
9498027
9704671
9936463
10144195
10364830
10584875
10810658
11035306
11257188
11474150
11699274
11907846
12133855
12351905
12569705
12791587
13020862
13239887
13471973
13680000
13911383
14126009
235918
452109
679592
892381
1118776
1342857
1560748
1778050
2001950
2208141
2436803
2653311
2874558
3099615
3320023
3543220
3767143
3987234
4207778
4416689
4636236
4866259
5086984
5302313
5529320
5745873
5971587
6186236
6404535
6630068
6846735
7062494
7277211
7505011
7735306
7949274
8173651
8398549
8611973
8836463
9055351
9277007
9492630
9721088
9936485
10161723
10377188
10596939
10819932
11042653
11262766
11485306
11718503
11946327
12152971
12375760
12587279
12821202
13033311
13256576
13468617
13683560
13900136
14117256
240522
458617
689637
894626
1126304
1365011
1566032
1771701
2011950
2228458
2430499
2658163
2897234
3102200
3332834
3533696
3771950
3990907
4223878
4418435
4633469
4873628
5114762
5315057
5540249
5747755
5540249
6185283
6412313
6629184
6866848
7085737
7295329
7514875
7747868
7949887
8206145
8402857
8627914
8831179
9062041
9287438
9491633
9737438
9937982
10160952
10373379
10603220
10816417
11046803
11264580
11471927
11716145
11965442
12149297
12356667
12593379
12799456
13028299
12356667
13475624
14160363
13937732
14160363
221020
439229
676939
897007
1120476
1286621
1548730
1775125
2007778
2233288
2445057
2663583
2881837
3074150
3315102
3538957
3782494
3988186
4212041
4422336
4652358
4866757
5079456
5318118
5533673
5745306
5981927
6182245
6415760
6635374
6846122
7059320
7296553
7507143
7746236
7931066
8178118
8367914
8610680
8837234
9071587
9287959
9510816
9713787
9944853
10167823
10379592
10595170
10825261
11042857
11258753
11473039
11706576
11933810
12141565
12357166
12587937
12793447
13030272
13233039
13463878
13695964
13919683
14121066
234807
456599
667846
901088
1125374
1352902
1562948
1780476
2007732
2238798
2448231
2669070
2894921
3135601
3334512
3557937
3780680
4015351
4217279
4432313
4654263
4846281
5082472
5311859
5518118
5746349
5970000
6196190
6420862
6649365
6847551
7072449
7268322
7514490
7718571
7946508
8156712
8390181
8596939
8815420
9044966
9264218
9489864
9705624
9936417
10173605
10379887
10603311
10819048
11044127
11269025
11484649
11709070
11930204
12136372
12349320
12578685
12789977
13020998
13251542
13468413
13675215
13904694
14130317
221701
457143
674218
880748
1106916
1335102
1559116
1781497
1996463
2228367
2446349
2646463
2871746
3107098
3328821
3548141
3769478
3987937
4213673
4432041
4640181
4881565
5083923
5307937
5525782
5743651
5983787
6194943
6409841
6639773
6855170
7066190
7295578
7507982
7741678
7967914
9930113
10164127
8617982
8829887
9054830
9278435
9500907
9712494
9930113
10164127
10383560
10587710
10814286
11036463
11252404
11470748
11694853
11926599
12136417
12364354
12593832
12805533
13019456
13252109
13466168
13706712
13914127
14145760
240045
452313
686576
873311
1103946
1332744
1554762
1761338
1996236
2205805
2424240
2640227
2862653
3098390
3316576
3522494
3760952
3974331
4198912
4404717
4638481
4883107
5097551
5306440
5538277
5740612
5973968
6182472
6401701
6629501
5973968
7065079
7291020
7502177
7731043
7931020
8166485
8399546
8616803
8823039
9062925
9278050
9483129
9278050
9934150
10164807
10380998
10596848
10828980
11041791
11271723
11470726
11686871
11936893
12148413
12362608
12595238
12809297
13031905
13230567
13459615
13697846
13917823
14123787
237029
451905
673651
895941
1114218
1339048
1568526
1780952
2002698
2214331
2444172
2653605
2879864
3104399
3331315
3540408
3761882
3985828
4199637
4407664
4635533
4869796
5089887
5302540
5522834
5735442
5967823
6172880
6404875
6621451
6860884
7068413
7296984
7504807
7728571
7934512
8169909
8391701
8618662
8821429
9063787
9262222
9063787
9713810
9944671
10182766
10397460
10593878
10821134
11032404
11278707
11477800
11706304
11914104
12147891
12342812
12579977
12788526
13013946
13223764
13453832
13685374
13913356
14114376
235850
452630
672857
892109
1110476
1326077
1544694
1762880
1993107
2201474
2440408
2660476
2877574
3090068
3313537
3523492
3745964
3963673
4190227
4409977
4630839
4853537
5075624
5286871
5515510
5733878
5960045
6176100
6397324
6624195
6848912
7069546
7283764
7503946
7729501
7947642
8164875
8385283
8607914
8820975
9052245
9265646
9491837
9715261
9935465
10151179
10372812
10583311
10807483
11026236
11267166
11477619
11697914
11908571
12140680
12354059
12572063
12791497
13021882
13241066
13458549
13683741
13902608
14125011
0
0
0
0
0
0
0
0
0
0
0
0
0
0
0
0
0
0
0
0
0
0
0
0
0
0
0
0
0
0
0
0
0
0
0
0
0
0
0
0
0
0
0
0
0
0
0
0
0
0
0
0
0
0
0
0
0
0
0
0
0
0
0
0
0
0
0
0
0
0
0
0
0
0
0
0
0
0
0
0
0
0
0
0
0
0
0
0
0
0
0
0
0
0
0
0
0
0
0
0
0
0
0
0
0
0
0
0
0
0
0
0
0
0
0
0
0
0
0
0
0
0
0
0
0
0
0
0
4472
2324
3798
3004
4175
2351
4813
2670
4519
2291
3318
3292
4658
1995
2840
2001
3641
2849
3992
3711
4767
2403
3961
2557
4855
3514
3705
2243
5340
2143
2948
2799
4600
3207
4443
2500
5009
1810
3328
2843
4063
4213
4711
2532
4386
2390
3865
2167
2625
3468
2826
2452
4451
2186
2639
2977
3168
2385
1992
2743
4133
2101
2763
2935
1559
1043
846
906
3927
1384
1189
1191
931
894
978
1061
3565
1157
1232
1777
1331
1028
1384
1023
4598
1654
1049
1099
1542
1652
743
922
4393
1545
1072
1108
1392
1149
1413
1567
4400
1155
1627
1532
2261
1549
1398
866
4513
955
1852
1095
1146
958
1633
1066
4254
1523
1981
1597
1736
1450
1685
1247
4609
1242
1297
960
3946
2634
2470
1961
5978
2005
2366
2032
3226
1835
1986
1684
5790
2199
2428
1968
3903
2429
2791
2393
5483
3053
2420
2400
4523
1768
2815
2905
6070
3992
1993
2697
5107
3179
3175
3387
6105
2978
2017
2002
4010
2580
3505
2754
6096
3463
2911
3034
4904
2568
4323
2644
6238
3716
2965
2699
3534
2118
3156
2373
5908
2287
3518
2923
1674
1120
1533
1346
3815
1735
2379
1945
2345
1468
1842
1177
3768
1680
2275
1617
2762
1521
1834
1506
3930
1711
1954
1894
2444
1478
1898
1082
4321
1461
2353
1794
2883
1830
1906
1213
4287
1915
2432
1817
2531
1533
1604
1783
4233
1847
1874
1794
2333
1573
1943
1743
4396
1907
2612
1461
2604
1597
2061
2162
4194
1895
2145
2092
4277
1977
3072
3067
5156
1730
3312
2764
4396
2274
3709
1724
5314
1324
3312
2157
4508
1786
2381
1714
5805
1454
2670
2353
4163
1924
3152
2187
7471
1632
3391
1914
4486
1764
2550
2778
5145
1518
4439
3106
4685
1832
3336
2033
6187
1796
3815
3034
4833
1571
3608
1969
6730
1840
4534
2267
5270
1662
3354
1790
6441
2520
2666
2262
6275
3655
5067
3073
7429
2951
3485
2832
5799
2637
3670
2624
8241
3791
4561
3068
4384
2686
2562
2635
7459
2679
4344
3701
5396
2598
4383
2798
7185
3444
5612
3728
6205
3641
5563
2519
7233
2677
5300
2775
6832
4186
5507
3161
8341
3420
5828
2845
7125
3309
4957
3103
8498
5353
5624
3376
7308
3053
6162
4372
8190
4208
6036
4702
8275
2815
6101
2307
7766
2413
4180
3028
9035
3362
6210
4080
8688
4490
7231
3566
8528
3228
6445
3100
8855
4375
6366
3058
9134
3318
6002
2655
8340
3475
7318
3130
7867
3025
3863
2670
8289
2880
3961
2487
9598
2568
5309
3144
8037
3266
7524
3019
7314
3291
4857
3049
8181
3375
8310
4105
9002
3873
6657
3836
9098
2923
7742
3039
2664
1987
2895
2334
7690
3172
2281
2590
3114
1746
2966
1705
7902
1306
3487
1754
2939
1389
3030
1183
7839
4234
3110
2038
3300
1860
2950
2364
7747
2234
3442
2389
3050
1727
2929
1645
7577
2706
3115
2314
3240
2099
3205
2195
8343
2990
4356
2275
3758
2478
3208
2657
7788
2715
3619
1818
2477
2103
3207
1901
7969
2512
3662
1877
7853
5736
5126
5675
6621
5421
6133
5277
5891
3881
5346
6090
7137
5611
5923
6188
8841
5955
5821
5425
6547
6145
6396
6002
10166
4409
5610
5590
6980
6276
7195
5673
9414
4522
3045
4941
7243
5839
6235
5081
3871
3938
3540
5197
7425
6324
6459
4282
7594
3780
4045
5403
7414
6262
7416
4128
6204
4029
3763
3821
7399
3932
5449
4255
8837
3697
4707
3312
6018
4177
7306
3336
8706
3582
5987
4101
7289
4622
7400
3458
8448
4087
8115
4510
5779
3785
7552
4795
7762
4403
7775
4034
5855
3606
8428
4391
8063
3704
6226
4555
6139
4021
6527
3641
8439
4434
8449
4166
6035
3753
5808
4829
8325
4181
5906
4317
6028
3743
5522
3298
8212
3936
5575
3369
5917
3158
6980
4708
7350
6007
5272
4753
9949
6576
7916
6434
8440
5421
6579
6025
9351
6781
8374
7101
9397
6835
7966
6676
8916
7303
8900
7054
8764
6820
7416
6192
8527
7131
8726
7325
7948
7006
7514
7218
8941
6213
8600
7304
8977
7346
8751
7010
11167
6237
8045
6069
10872
7186
7225
5425
9596
7102
7295
6947
8434
6300
6848
7167
8695
4714
6642
6188
5781
3541
3220
3198
6322
3161
2821
2656
3516
2547
2100
1855
6808
3013
2334
2339
2915
2194
2129
2160
6026
3035
1584
2740
3670
3859
2275
2290
5477
2990
2613
2243
3180
2464
2537
2139
5981
2645
2048
2885
3511
2583
3157
2638
5046
2928
2876
2273
3348
2721
2985
2598
5844
3539
3537
2838
4116
3401
2758
2151
5239
3731
3823
3369
4754
1915
2690
2715
6241
1886
4615
1964
4819
2467
2851
2222
6166
2137
3459
2260
4337
2252
2661
2580
6121
2185
3985
2695
4465
2522
3703
2396
6419
1953
4283
2433
3949
1944
3286
2772
6219
2169
4277
2658
5040
2374
4097
2388
6744
3167
3724
3038
4643
2655
3577
2349
5734
2809
4243
2419
5603
1891
4237
2152
6101
2652
4511
2402
4413
2968
3912
3241
7623
2984
4260
2995
4937
2512
3420
3308
8424
3546
3779
3233
3930
2937
3584
3004
7187
3422
3502
2527
4196
3621
3522
3916
7808
3398
3486
2930
5344
2962
2738
2996
8094
3631
3360
2986
5902
3535
2934
3409
7675
2712
4290
3088
5780
2763
5224
3687
7692
3158
5419
2898
4809
3037
5064
3094
8327
3509
3336
3287
3156
2147
2160
2973
8587
2729
3611
2914
2618
2250
2441
2580
9512
2908
2838
3175
3167
2258
2927
2127
8138
2920
3342
2560
2362
2216
2160
3245
8406
2436
2088
2046
3732
2760
3217
2451
8620
2867
2672
2771
2531
3394
3698
2605
7270
3256
2729
2852
4365
3889
2524
3294
8102
2360
3159
3043
4408
2496
2695
2595
5929
2661
2795
2447
7131
2710
5095
3495
8221
2507
3552
5290
7373
2881
2184
2878
9578
4393
5045
2833
7721
3848
3179
3539
8758
4719
5507
4858
7568
5305
3862
3950
7995
3921
3431
4389
7731
3332
4504
4174
9107
5568
5779
2256
7587
3524
4552
5405
9117
3857
5679
4202
6217
5501
4838
4025
8589
5502
4698
2985
7201
3478
3940
4680
8283
5804
3899
6093
6717
5016
3205
3271
8382
5983
4046
4582
6939
6160
4474
3659
9118
4606
3285
4958
5705
3427
4704
2994
11419
4477
4507
3643
6360
3696
2871
3806
9700
5965
5267
3812
6650
3506
6234
3207
9878
6457
4617
3509
7003
3991
2397
3689
9062
6219
3881
5920
5763
6184
3242
3964
8073
6685
4542
4032
6025
2658
2606
4405
9192
6238
6663
5065
9058
4962
7681
5162
12227
5088
8565
5088
8199
6637
5741
6492
12227
5895
10057
6532
9435
6512
5390
3904
11488
6989
4145
5305
10676
5850
6567
4924
10196
7097
7392
5758
9122
5668
5238
5284
12716
7222
6644
6352
10348
6502
8467
6150
10364
6637
9160
7598
9557
6741
7117
4497
11186
6944
7842
7795
9943
6144
7047
3564
13104
7054
7419
6574
0
0
0
0
0
0
0
0
0
0
0
0
0
0
0
0
0
0
0
0
0
0
0
0
0
0
0
0
0
0
0
0
0
0
0
0
0
0
0
0
0
0
0
0
0
0
0
0
0
0
0
0
0
0
0
0
0
0
0
0
0
0
0
0
0
0
0
0
0
0
0
0
0
0
0
0
0
0
0
0
0
0
0
0
0
0
0
0
0
0
0
0
0
0
0
0
0
0
0
0
0
0
0
0
0
0
0
0
0
0
0
0
0
0
0
0
0
0
0
0
0
0
0
0
0
0
0
0
3257
2323
2685
2192
4435
3342
3370
2921
4099
2061
2843
2589
5055
3739
3642
2772
5126
3513
3142
3130
5767
3347
5468
3745
4747
3299
3032
2755
5206
2970
3140
3004
4440
3000
3462
2816
6964
2948
3378
3591
4785
3452
2713
2934
6825
3027
3432
2814
4595
3148
3227
3252
6523
3081
3396
3190
4960
2162
2228
3467
7055
3114
2541
2515
4228
1804
1264
1766
6060
2077
3507
2122
3689
1711
1845
1767
5007
1703
3175
1659
2799
2177
2827
1499
5845
1705
3322
2382
4368
1464
2083
1675
5563
2408
2808
1381
2923
1307
2504
2058
5064
1748
3942
2328
3483
1613
1136
1604
5294
1854
2077
2046
3406
2354
1624
2106
6314
2255
4383
1940
2817
1964
3107
2051
6061
2252
3026
2403
4494
1374
2961
1649
6605
2618
2367
2540
3280
1380
1619
1380
5222
2188
2381
1951
3727
1459
1477
1459
6508
1190
2410
1849
3475
2211
2549
2013
6434
2931
2967
2922
3649
2141
2402
2039
6720
2167
2397
1757
2948
1930
2174
2122
6090
2174
2271
2360
4405
1783
2624
1982
6357
1304
1885
2094
2274
1508
2087
1816
6366
2496
2396
2602
3019
2012
3040
1993
5698
2085
2962
2310
3686
2024
2789
1994
5501
1495
3524
2189
3923
1822
2196
1940
5553
1910
3568
1795
3856
2025
2632
2051
5453
2056
3481
2288
3653
2427
2388
1948
5242
2022
3008
1512
3750
1966
2400
1935
5533
1388
3414
1904
4367
2025
2186
1829
5149
1633
3476
2599
3784
2141
2800
1823
5461
1640
3063
1850
3940
1700
2579
1564
7301
1955
3294
1825
4899
2458
2547
1761
7461
2417
3528
2417
4989
2349
1388
1645
7316
1762
3710
2287
3903
1283
1790
1583
7062
2026
4474
1842
4088
2158
2357
2040
7068
1779
3459
1777
3730
2122
3150
1538
6836
1433
3982
1676
4944
1701
2840
1569
6562
1904
2638
1856
4185
2283
2896
1842
6765
1798
3010
2249
4438
2510
4056
2515
7138
2389
3664
2262
4180
1770
3242
2154
6701
2202
3428
2049
4755
1935
3857
1993
7312
1797
4085
2061
4644
2181
3744
2094
7701
2021
4480
2016
5157
2073
3570
2089
7340
2119
3885
1479
4231
2297
3050
1736
7301
1728
3483
1911
4775
2082
4138
1789
8151
2186
3861
1320
4664
1475
2683
1900
7475
2051
3713
2280
6847
2430
4744
2367
8890
2685
5958
1805
7166
2878
4881
2578
8741
2993
4825
2230
5899
2206
4426
2836
8791
3169
5790
2786
7403
2325
5511
2521
8985
2895
5094
2411
7599
2581
5142
2356
9058
3278
6885
2614
7998
2322
6289
2217
9084
3300
5722
2768
8137
3298
4496
3180
9487
2892
6283
3300
4714
2917
4065
2307
10946
2999
4863
2388
4581
2591
3534
2351
8916
2840
4511
2616
4246
2197
4105
2897
8905
1701
4773
2061
4476
2660
4110
2543
10918
2728
7834
2920
2684
2746
3277
1982
9857
2501
5496
2406
4565
2459
4428
3235
11797
3464
5130
2263
4943
2191
4251
2600
12380
2945
5942
2243
4582
2127
3302
2639
12564
2125
6178
2639
6812
3001
3933
2530
11755
3053
4560
2629
10018
4056
6254
4989
9157
4768
6470
5901
9954
5845
7224
3695
9666
3695
6907
4660
7730
3969
5267
3908
8403
5110
9018
4888
9024
4361
5359
3945
8568
5599
9383
5599
8055
4344
6198
1965
7115
4344
6652
3636
5735
2947
3788
4067
7480
4460
6339
3718
8534
3562
6207
4020
8817
4513
7351
4108
7308
4302
5250
4445
8948
4174
5107
3986
5067
3505
4616
3344
6599
3800
5409
4328
5450
2954
5650
2446
6730
4642
5530
4218
5685
2991
5536
3701
8694
5353
5813
2965
6243
3716
5844
3230
9550
4749
5679
3945
5877
4571
5381
4184
8221
5463
6443
4485
6038
4292
5736
3960
7200
3846
5598
4099
6356
4616
5478
3960
7451
4491
5982
4411
5805
4091
5572
4155
7995
4979
8019
5397
9914
7461
8841
5334
12360
6121
9467
6006
7483
4277
6475
6072
9190
7301
9576
6710
9138
6340
9334
4649
10272
6973
8592
6300
8853
4247
6626
5125
9323
6493
8897
4597
6937
6939
6561
4748
12826
7100
9028
7591
8876
4533
7496
4672
9779
6462
7398
6092
9226
6217
6331
4312
9774
6384
7778
4660
8515
6097
7913
5330
10965
5400
6948
6259
7555
3350
5244
4255
9572
3332
4912
3606
5385
3814
4612
3400
8559
3533
2828
3809
5601
4375
4951
3077
7105
4837
4725
2797
5833
4136
5833
3734
7402
4005
5393
3804
6672
4486
4530
3721
7594
5358
3943
4106
6751
4122
4936
4132
8143
4762
5398
4335
5572
4185
3570
2836
7812
4174
3267
2683
5976
3625
3332
2683
5542
2807
4132
2807
3753
2685
2917
2419
6120
2860
4058
1914
4491
2323
2669
2028
8455
2407
3939
2939
5376
2439
3068
2638
7433
2603
3917
2813
4574
2402
3370
2595
7285
2578
3172
2537
4188
2765
3213
2476
7844
2646
4198
2895
4925
1946
2734
3189
7772
2509
3383
2870
3872
2057
3514
3308
7704
3067
3568
2437
4278
2350
2244
2726
8248
2493
3799
2736
5459
2188
5153
2141
6615
2706
4158
3023
4700
1956
3820
2473
8078
2574
5026
2843
5964
2129
4355
2226
8089
3494
4835
2076
4125
2497
3141
2550
7797
2630
3968
2658
4074
2315
3449
2499
7377
2748
4285
2683
5739
3433
3658
3634
7602
2738
4383
3618
5089
3267
3785
3417
7225
2880
4324
3030
5344
3514
3425
2559
7846
2707
3134
2731
4571
2167
2829
2663
10152
1838
3573
2679
4456
2711
2431
2731
9939
2803
4716
2858
3716
2964
3126
2811
9089
3114
3891
2165
3824
2391
2736
2787
9545
3251
4113
2667
4133
3124
3309
2668
9438
2079
2563
3349
4594
2814
2092
2636
9438
2079
3590
3082
4349
1645
2190
3360
9930
3852
4652
3365
3691
3451
3993
2853
9205
2934
4575
3034
4150
3164
2250
2746
9553
3262
4640
4145
4650
3457
3803
3049
9695
3619
6151
5034
5378
4937
3598
2456
10327
4700
5071
4725
3566
4435
3394
4271
10657
2646
3394
3064
3508
3326
2485
2538
10831
2881
4025
3052
3537
3633
2268
3633
10197
4982
5363
6717
3591
5600
3114
2684
10174
4580
4842
6338
4168
3279
2729
3206
10092
5262
3833
4897
4070
2816
3625
3513
10239
6219
6667
3824
5552
3697
3757
2687
11110
4977
6570
4277
7117
3799
5396
4455
11425
5756
6820
4310
6782
5459
6507
4963
11648
6944
7175
3941
8305
5433
3755
4697
10163
5761
6524
5821
6956
4960
6956
3132
12089
2628
4120
3402
7904
4686
7942
5275
11533
6377
6603
5677
7376
3967
5787
5128
12668
4115
7108
7033
7854
4507
6376
5027
12567
6149
8411
5006
8711
4189
6716
3457
12909
4660
7423
3925
6388
5814
7536
4774
13390
6353
7726
5660
8582
5484
6139
4585
13179
7908
8583
6290
7897
5667
6278
5845
14188
7921
7669
6086
8966
5543
7988
5958
13396
6509
7800
6825
9587
5098
8632
5601
12911
7500
7633
5136
10253
6639
8106
7079
12698
6895
8630
6406
0
0
0
0
0
0
0
0
0
0
0
0
0
0
0
0
0
0
0
0
0
0
0
0
0
0
0
0
0
0
0
0
0
0
0
0
0
0
0
0
0
0
0
0
0
0
0
0
0
0
0
0
0
0
0
0
0
0
0
0
0
0
0
0
0
0
0
0
0
0
0
0
0
0
0
0
0
0
0
0
0
0
0
0
0
0
0
0
0
0
0
0
0
0
0
0
0
0
0
0
0
0
0
0
0
0
0
0
0
0
0
0
0
0
0
0
0
0
0
0
0
0
0
0
0
0
0
0
20
20
20
20
20
20
20
20
20
20
20
20
20
20
20
20
20
20
20
20
20
20
20
20
20
20
20
20
20
20
20
20
20
20
20
20
20
20
20
20
20
20
20
20
20
20
20
20
20
20
20
20
20
20
20
20
20
20
20
20
20
20
20
20
46
46
46
46
46
46
46
46
46
46
46
46
46
46
46
46
46
46
46
46
46
46
46
46
46
46
46
46
46
46
46
46
46
46
46
46
46
46
46
46
46
46
46
46
46
46
46
46
46
46
46
46
46
46
46
46
46
46
46
46
46
46
46
46
46
46
46
46
46
46
46
46
46
46
46
46
46
46
46
46
46
46
46
46
46
46
46
46
46
46
46
46
46
46
46
46
46
46
46
46
46
46
46
46
46
46
46
46
46
46
46
46
46
46
46
46
46
46
46
46
46
46
46
46
46
46
46
46
46
46
46
46
46
46
46
46
46
46
46
46
46
46
46
46
46
46
46
46
46
46
46
46
46
46
46
46
46
46
46
46
46
46
46
46
46
46
46
46
46
46
46
46
46
46
46
46
46
46
46
46
46
46
46
46
46
46
46
46
46
46
46
46
46
46
46
46
46
46
46
46
46
46
46
46
46
46
46
46
46
46
46
46
46
46
46
46
46
46
46
46
46
46
46
46
46
46
46
46
46
46
46
46
46
46
46
46
46
46
46
46
46
46
46
46
46
46
46
46
46
46
46
46
46
46
46
46
46
46
46
46
46
46
46
46
46
46
46
46
46
46
46
46
46
46
46
46
46
46
46
46
46
46
46
46
46
46
46
46
20
20
20
20
20
20
20
20
20
20
20
20
20
20
20
20
20
20
20
20
20
20
20
20
20
20
20
20
20
20
20
20
20
20
20
20
20
20
20
20
20
20
20
20
20
20
20
20
20
20
20
20
20
20
20
20
20
20
20
20
20
20
20
20
46
46
46
46
46
46
46
46
46
46
46
46
46
46
46
46
46
46
46
46
46
46
46
46
46
46
46
46
46
46
46
46
46
46
46
46
46
46
46
46
46
46
46
46
46
46
46
46
46
46
46
46
46
46
46
46
46
46
46
46
46
46
46
46
46
46
46
46
46
46
46
46
46
46
46
46
46
46
46
46
46
46
46
46
46
46
46
46
46
46
46
46
46
46
46
46
46
46
46
46
46
46
46
46
46
46
46
46
46
46
46
46
46
46
46
46
46
46
46
46
46
46
46
46
46
46
46
46
46
46
46
46
46
46
46
46
46
46
46
46
46
46
46
46
46
46
46
46
46
46
46
46
46
46
46
46
46
46
46
46
46
46
46
46
46
46
46
46
46
46
46
46
46
46
46
46
46
46
46
46
46
46
46
46
46
46
46
46
46
46
46
46
46
46
46
46
46
46
46
46
46
46
46
46
46
46
46
46
46
46
46
46
46
46
46
46
46
46
46
46
46
46
46
46
46
46
46
46
46
46
46
46
46
46
46
46
46
46
46
46
46
46
46
46
46
46
46
46
46
46
46
46
46
46
46
46
46
46
46
46
46
46
46
46
46
46
46
46
46
46
46
46
46
46
46
46
46
46
46
46
46
46
46
46
46
46
46
46
20
20
20
20
20
20
20
20
20
20
20
20
20
20
20
20
20
20
20
20
20
20
20
20
20
20
20
20
20
20
20
20
20
20
20
20
20
20
20
20
20
20
20
20
20
20
20
20
20
20
20
20
20
20
20
20
20
20
20
20
20
20
20
20
46
46
46
46
46
46
46
46
46
46
46
46
46
46
46
46
46
46
46
46
46
46
46
46
46
46
46
46
46
46
46
46
46
46
46
46
46
46
46
46
46
46
46
46
46
46
46
46
46
46
46
46
46
46
46
46
46
46
46
46
46
46
46
46
46
46
46
46
46
46
46
46
46
46
46
46
46
46
46
46
46
46
46
46
46
46
46
46
46
46
46
46
46
46
46
46
46
46
46
46
46
46
46
46
46
46
46
46
46
46
46
46
46
46
46
46
46
46
46
46
46
46
46
46
46
46
46
46
46
46
46
46
46
46
46
46
46
46
46
46
46
46
46
46
46
46
46
46
46
46
46
46
46
46
46
46
46
46
46
46
46
46
46
46
46
46
46
46
46
46
46
46
46
46
46
46
46
46
46
46
46
46
46
46
46
46
46
46
46
46
46
46
46
46
46
46
46
46
46
46
46
46
46
46
46
46
46
46
46
46
46
46
46
46
46
46
46
46
46
46
46
46
46
46
27
27
27
27
27
27
27
27
27
27
27
27
27
27
27
27
27
27
27
27
27
27
27
27
27
27
27
27
27
27
27
27
27
27
27
27
27
27
27
27
27
27
27
27
27
27
27
27
27
27
27
27
27
27
27
27
27
27
27
27
27
27
27
27
20
20
20
20
20
20
20
20
20
20
20
20
20
20
20
20
20
20
20
20
20
20
20
20
20
20
20
20
20
20
20
20
20
20
20
20
20
20
20
20
20
20
20
20
20
20
20
20
20
20
20
20
20
20
20
20
20
20
20
20
20
20
20
20
46
46
46
46
46
46
46
46
46
46
46
46
46
46
46
46
46
46
46
46
46
46
46
46
46
46
46
46
46
46
46
46
46
46
46
46
46
46
46
46
46
46
46
46
46
46
46
46
46
46
46
46
46
46
46
46
46
46
46
46
46
46
46
46
46
46
46
46
46
46
46
46
46
46
46
46
46
46
46
46
46
46
46
46
46
46
46
46
46
46
46
46
46
46
46
46
46
46
46
46
46
46
46
46
46
46
46
46
46
46
46
46
46
46
46
46
46
46
46
46
46
46
46
46
46
46
46
46
46
46
46
46
46
46
46
46
46
46
46
46
46
46
46
46
46
46
46
46
46
46
46
46
46
46
46
46
46
46
46
46
46
46
46
46
46
46
46
46
46
46
46
46
46
46
46
46
46
46
46
46
46
46
46
46
46
46
46
46
46
46
46
46
46
46
46
46
46
46
46
46
46
46
46
46
46
46
46
46
46
46
46
46
46
46
46
46
46
46
46
46
46
46
46
46
46
46
46
46
46
46
46
46
46
46
46
46
46
46
46
46
46
46
46
46
46
46
46
46
46
46
46
46
46
46
46
46
46
46
46
46
46
46
46
46
46
46
46
46
46
46
46
46
46
46
46
46
46
46
46
46
46
46
46
46
46
46
46
46
20
20
20
20
20
20
20
20
20
20
20
20
20
20
20
20
20
20
20
20
20
20
20
20
20
20
20
20
20
20
20
20
46
46
46
46
46
46
46
46
46
46
46
46
46
46
46
46
46
46
46
46
46
46
46
46
46
46
46
46
46
46
46
46
46
46
46
46
46
46
46
46
46
46
46
46
46
46
46
46
46
46
46
46
46
46
46
46
46
46
46
46
46
46
46
46
46
46
46
46
46
46
46
46
46
46
46
46
46
46
46
46
46
46
46
46
46
46
46
46
46
46
46
46
46
46
46
46
46
46
46
46
46
46
46
46
46
46
46
46
46
46
46
46
46
46
46
46
46
46
46
46
46
46
46
46
46
46
46
46
46
46
46
46
46
46
46
46
46
46
46
46
46
46
46
46
46
46
46
46
46
46
46
46
46
46
46
46
46
46
46
46
46
46
46
46
46
46
46
46
46
46
46
46
46
46
46
46
46
46
46
46
46
46
46
46
46
46
46
46
46
46
46
46
46
46
46
46
46
46
46
46
46
46
46
46
46
46
46
46
46
46
46
46
46
46
46
46
46
46
46
46
46
46
46
46
46
46
46
46
46
46
46
46
46
46
46
46
46
46
46
46
46
46
46
46
46
46
46
46
46
46
46
46
46
46
46
46
27
27
27
27
27
27
27
27
27
27
27
27
27
27
27
27
27
27
27
27
27
27
27
27
27
27
27
27
27
27
27
27
27
27
27
27
27
27
27
27
27
27
27
27
27
27
27
27
27
27
27
27
27
27
27
27
27
27
27
27
27
27
27
27
20
20
20
20
20
20
20
20
20
20
20
20
20
20
20
20
20
20
20
20
20
20
20
20
20
20
20
20
20
20
20
20
46
46
46
46
46
46
46
46
46
46
46
46
46
46
46
46
46
46
46
46
46
46
46
46
46
46
46
46
46
46
46
46
46
46
46
46
46
46
46
46
46
46
46
46
46
46
46
46
46
46
46
46
46
46
46
46
46
46
46
46
46
46
46
46
46
46
46
46
46
46
46
46
46
46
46
46
46
46
46
46
46
46
46
46
46
46
46
46
46
46
46
46
46
46
46
46
46
46
46
46
46
46
46
46
46
46
46
46
46
46
46
46
46
46
46
46
46
46
46
46
46
46
46
46
46
46
46
46
46
46
46
46
46
46
46
46
46
46
46
46
46
46
46
46
46
46
46
46
46
46
46
46
46
46
46
46
46
46
46
46
46
46
46
46
46
46
46
46
46
46
46
46
46
46
46
46
46
46
46
46
46
46
46
46
46
46
46
46
46
46
46
46
46
46
46
46
46
46
46
46
46
46
46
46
46
46
46
46
46
46
46
46
46
46
46
46
46
46
46
46
46
46
46
46
46
46
46
46
46
46
46
46
46
46
46
46
46
46
46
46
46
46
46
46
46
46
46
46
46
46
46
46
46
46
46
46
46
46
46
46
46
46
46
46
46
46
46
46
46
46
46
46
46
46
46
46
46
46
46
46
46
46
46
46
46
46
46
46
20
20
20
20
20
20
20
20
20
20
20
20
20
20
20
20
20
20
20
20
20
20
20
20
20
20
20
20
20
20
20
20
46
46
46
46
46
46
46
46
46
46
46
46
46
46
46
46
46
46
46
46
46
46
46
46
46
46
46
46
46
46
46
46
46
46
46
46
46
46
46
46
46
46
46
46
46
46
46
46
46
46
46
46
46
46
46
46
46
46
46
46
46
46
46
46
46
46
46
46
46
46
46
46
46
46
46
46
46
46
46
46
46
46
46
46
46
46
46
46
46
46
46
46
46
46
46
46
46
46
46
46
46
46
46
46
46
46
46
46
46
46
46
46
46
46
46
46
46
46
46
46
46
46
46
46
46
46
46
46
46
46
46
46
46
46
46
46
46
46
46
46
46
46
46
46
46
46
46
46
46
46
46
46
46
46
46
46
46
46
46
46
46
46
46
46
46
46
46
46
46
46
46
46
46
46
46
46
46
46
46
46
46
46
46
46
46
46
46
46
46
46
46
46
46
46
46
46
46
46
46
46
46
46
46
46
46
46
46
46
46
46
46
46
46
46
46
46
46
46
46
46
46
46
46
46
46
46
46
46
46
46
46
46
46
46
46
46
46
46
46
46
46
46
46
46
46
46
46
46
46
46
46
46
46
46
46
46
46
46
46
46
46
46
46
46
46
46
46
46
46
46
46
46
46
46
46
46
46
46
46
46
46
46
46
46
46
46
46
46
27
27
27
27
27
27
27
27
27
27
27
27
27
27
27
27
27
27
27
27
27
27
27
27
27
27
27
27
27
27
27
27
20
20
20
20
20
20
20
20
20
20
20
20
20
20
20
20
20
20
20
20
20
20
20
20
20
20
20
20
20
20
20
20
46
46
46
46
46
46
46
46
46
46
46
46
46
46
46
46
46
46
46
46
46
46
46
46
46
46
46
46
46
46
46
46
46
46
46
46
46
46
46
46
46
46
46
46
46
46
46
46
46
46
46
46
46
46
46
46
46
46
46
46
46
46
46
46
46
46
46
46
46
46
46
46
46
46
46
46
46
46
46
46
46
46
46
46
46
46
46
46
46
46
46
46
46
46
46
46
46
46
46
46
46
46
46
46
46
46
46
46
46
46
46
46
46
46
46
46
46
46
46
46
46
46
46
46
46
46
46
46
46
46
46
46
46
46
46
46
46
46
46
46
46
46
46
46
46
46
46
46
46
46
46
46
46
46
46
46
46
46
46
46
46
46
46
46
46
46
46
46
46
46
46
46
46
46
46
46
46
46
46
46
46
46
46
46
46
46
46
46
46
46
46
46
46
46
46
46
46
46
46
46
46
46
46
46
46
46
46
46
46
46
46
46
46
46
46
46
46
46
46
46
46
46
46
46
46
46
46
46
46
46
46
46
46
46
46
46
46
46
46
46
46
46
46
46
46
46
46
46
46
46
46
46
46
46
46
46
46
46
46
46
46
46
46
46
46
46
46
46
46
46
46
46
46
46
46
46
46
46
46
46
46
46
46
46
46
46
46
46
20
20
20
20
20
20
20
20
20
20
20
20
20
20
20
20
20
20
20
20
20
20
20
20
20
20
20
20
20
20
20
20
20
20
20
20
20
20
20
20
20
20
20
20
20
20
20
20
20
20
20
20
20
20
20
20
20
20
20
20
20
20
20
20
46
46
46
46
46
46
46
46
46
46
46
46
46
46
46
46
46
46
46
46
46
46
46
46
46
46
46
46
46
46
46
46
46
46
46
46
46
46
46
46
46
46
46
46
46
46
46
46
46
46
46
46
46
46
46
46
46
46
46
46
46
46
46
46
46
46
46
46
46
46
46
46
46
46
46
46
46
46
46
46
46
46
46
46
46
46
46
46
46
46
46
46
46
46
46
46
46
46
46
46
46
46
46
46
46
46
46
46
46
46
46
46
46
46
46
46
46
46
46
46
46
46
46
46
46
46
46
46
46
46
46
46
46
46
46
46
46
46
46
46
46
46
46
46
46
46
46
46
46
46
46
46
46
46
46
46
46
46
46
46
46
46
46
46
46
46
46
46
46
46
46
46
46
46
46
46
46
46
46
46
46
46
46
46
46
46
46
46
46
46
46
46
46
46
46
46
46
46
46
46
46
46
46
46
46
46
46
46
46
46
46
46
46
46
46
46
46
46
46
46
46
46
46
46
46
46
46
46
46
46
46
46
46
46
46
46
46
46
46
46
46
46
46
46
46
46
46
46
46
46
46
46
46
46
46
46
27
27
27
27
27
27
27
27
27
27
27
27
27
27
27
27
27
27
27
27
27
27
27
27
27
27
27
27
27
27
27
27
20
20
20
20
20
20
20
20
20
20
20
20
20
20
20
20
20
20
20
20
20
20
20
20
20
20
20
20
20
20
20
20
20
20
20
20
20
20
20
20
20
20
20
20
20
20
20
20
20
20
20
20
20
20
20
20
20
20
20
20
20
20
20
20
20
20
20
20
20
20
20
20
20
20
20
20
20
20
20
20
20
20
20
20
20
20
20
20
20
20
20
20
20
20
20
20
46
46
46
46
46
46
46
46
46
46
46
46
46
46
46
46
46
46
46
46
46
46
46
46
46
46
46
46
46
46
46
46
46
46
46
46
46
46
46
46
46
46
46
46
46
46
46
46
46
46
46
46
46
46
46
46
46
46
46
46
46
46
46
46
46
46
46
46
46
46
46
46
46
46
46
46
46
46
46
46
46
46
46
46
46
46
46
46
46
46
46
46
46
46
46
46
46
46
46
46
46
46
46
46
46
46
46
46
46
46
46
46
46
46
46
46
46
46
46
46
46
46
46
46
46
46
46
46
46
46
46
46
46
46
46
46
46
46
46
46
46
46
46
46
46
46
46
46
46
46
46
46
46
46
46
46
46
46
46
46
46
46
46
46
46
46
46
46
46
46
46
46
46
46
46
46
46
46
46
46
46
46
46
46
46
46
46
46
46
46
46
46
46
46
46
46
46
46
46
46
46
46
46
46
46
46
46
46
46
46
46
46
46
46
46
46
46
46
46
46
46
46
46
46
46
46
46
46
46
46
46
46
46
46
46
46
46
46
46
46
46
46
46
46
46
46
46
46
46
46
46
46
46
46
46
46
20
20
20
20
20
20
20
20
20
20
20
20
20
20
20
20
20
20
20
20
20
20
20
20
20
20
20
20
20
20
20
20
20
20
20
20
20
20
20
20
20
20
20
20
20
20
20
20
20
20
20
20
20
20
20
20
20
20
20
20
20
20
20
20
20
20
20
20
20
20
20
20
20
20
20
20
20
20
20
20
20
20
20
20
20
20
20
20
20
20
20
20
20
20
20
20
46
46
46
46
46
46
46
46
46
46
46
46
46
46
46
46
46
46
46
46
46
46
46
46
46
46
46
46
46
46
46
46
46
46
46
46
46
46
46
46
46
46
46
46
46
46
46
46
46
46
46
46
46
46
46
46
46
46
46
46
46
46
46
46
46
46
46
46
46
46
46
46
46
46
46
46
46
46
46
46
46
46
46
46
46
46
46
46
46
46
46
46
46
46
46
46
46
46
46
46
46
46
46
46
46
46
46
46
46
46
46
46
46
46
46
46
46
46
46
46
46
46
46
46
46
46
46
46
46
46
46
46
46
46
46
46
46
46
46
46
46
46
46
46
46
46
46
46
46
46
46
46
46
46
46
46
46
46
46
46
46
46
46
46
46
46
46
46
46
46
46
46
46
46
46
46
46
46
46
46
46
46
46
46
46
46
46
46
46
46
46
46
27
27
27
27
27
27
27
27
27
27
27
27
27
27
27
27
27
27
27
27
27
27
27
27
27
27
27
27
27
27
27
27
27
27
27
27
27
27
27
27
27
27
27
27
27
27
27
27
27
27
27
27
27
27
27
27
27
27
27
27
27
27
27
27
27
27
27
27
27
27
27
27
27
27
27
27
27
27
27
27
27
27
27
27
27
27
27
27
27
27
27
27
27
27
27
27
0
0
0
0
0
0
0
0
0
0
0
0
0
0
0
0
0
0
0
0
0
0
0
0
0
0
0
0
0
0
0
0
0
0
0
0
0
0
0
0
0
0
0
0
0
0
0
0
0
0
0
0
0
0
0
0
0
0
0
0
0
0
0
0
0
0
0
0
1
0
0
0
0
0
0
0
1
0
0
0
0
0
0
0
1
0
0
0
0
0
0
0
1
0
0
0
0
0
0
0
0
0
0
0
0
0
0
0
0
0
0
0
0
0
0
0
0
0
0
0
0
0
0
0
0
0
0
0
0
0
0
0
42
20
0
0
0
0
0
0
42
21
0
0
0
0
0
0
42
20
0
0
0
10
0
0
42
20
0
0
0
0
0
0
0
0
0
0
0
0
0
0
0
0
0
0
0
0
0
0
0
0
0
0
0
0
0
0
0
0
0
0
0
0
0
0
0
0
0
0
0
0
0
0
0
0
0
0
0
0
0
0
0
0
0
0
0
0
0
0
0
0
0
0
0
0
0
0
0
0
0
0
0
0
0
0
0
0
0
0
0
0
0
0
0
0
0
0
0
0
0
0
0
0
0
0
0
0
0
0
0
0
0
0
0
0
0
0
0
0
0
0
0
0
0
0
0
0
0
0
0
0
0
0
0
0
0
0
0
0
0
0
0
0
0
0
0
0
0
0
0
0
0
0
0
0
0
0
0
0
0
0
0
0
0
0
0
0
0
0
0
0
0
0
0
0
0
0
0
0
0
0
0
0
0
0
0
0
0
0
0
0
0
0
0
0
0
0
0
0
0
0
0
0
0
0
0
0
0
0
0
0
0
0
0
0
0
0
0
0
0
0
0
0
0
0
0
0
0
0
0
0
0
0
0
0
0
0
0
0
0
0
0
0
0
0
0
0
0
0
0
0
0
0
0
0
0
0
0
0
0
0
0
0
0
0
0
0
0
0
0
0
0
0
0
0
0
0
0
0
0
0
0
0
0
0
0
0
0
0
0
0
0
0
0
0
0
0
0
0
0
0
0
0
0
0
0
0
0
0
0
0
0
0
0
0
0
0
0
0
0
0
0
0
0
0
0
0
0
0
0
0
0
0
0
0
0
0
0
0
0
0
0
0
0
0
0
0
0
0
0
0
0
0
0
0
0
0
0
0
0
0
0
0
0
0
0
0
0
0
0
0
0
0
0
0
0
0
0
0
0
0
0
0
0
0
0
0
0
0
0
0
0
0
0
0
0
0
0
0
0
0
0
0
0
0
0
0
0
0
0
0
0
0
0
0
0
0
0
0
0
0
0
0
0
0
0
0
0
0
0
0
0
0
0
0
0
0
0
0
0
0
0
0
0
0
0
0
0
0
0
0
0
0
0
0
0
0
0
0
0
0
0
0
0
0
0
0
0
0
0
0
0
0
0
0
0
0
0
0
0
0
0
0
0
0
0
0
0
0
0
0
0
0
0
0
0
0
0
0
0
0
0
0
0
0
0
0
0
0
0
0
0
0
0
0
0
0
0
0
0
0
0
0
0
0
0
0
0
0
0
0
0
0
0
0
0
0
0
0
0
0
0
0
0
0
0
0
0
0
0
0
0
0
0
0
0
0
0
0
0
0
0
0
0
0
0
0
0
0
0
0
0
0
0
0
0
0
0
0
0
0
0
0
0
0
0
0
0
0
0
0
0
0
0
0
0
0
0
0
0
0
0
0
0
0
0
0
0
0
0
0
0
0
0
0
0
0
0
0
0
0
0
0
0
0
0
0
0
0
0
0
0
0
0
0
0
0
0
0
0
0
0
0
0
0
0
0
0
0
0
0
0
0
0
0
0
0
0
0
0
0
0
0
0
0
0
0
0
0
0
0
0
0
0
0
0
0
0
0
0
0
6
6
6
6
6
6
6
6
6
6
6
6
6
6
6
6
6
6
6
6
6
6
6
6
6
6
6
6
6
6
6
6
0
0
0
0
0
0
0
0
0
0
0
0
0
0
0
0
0
0
0
0
0
0
0
0
0
0
0
0
0
0
0
0
6
6
6
6
6
6
6
6
6
6
6
6
6
6
6
6
6
6
6
6
6
6
6
6
6
6
6
6
6
6
6
6
0
0
0
0
0
0
0
0
0
0
0
0
0
0
0
0
0
0
0
0
0
0
0
0
0
0
0
0
0
0
0
0
6
6
6
6
6
6
6
6
6
6
6
6
6
6
6
6
6
6
6
6
6
6
6
6
6
6
6
6
6
6
6
6
0
0
0
0
0
0
0
0
0
0
0
0
0
0
0
0
0
0
0
0
0
0
0
0
0
0
0
0
0
0
0
0
6
6
6
6
6
6
6
6
6
6
6
6
6
6
6
6
6
6
6
6
6
6
6
6
6
6
6
6
6
6
6
6
0
0
0
0
0
0
0
0
0
0
0
0
0
0
0
0
0
0
0
0
0
0
0
0
0
0
0
0
0
0
0
0
6
6
6
6
6
6
6
6
6
6
6
6
6
6
6
6
6
6
6
6
6
6
6
6
6
6
6
6
6
6
6
6
0
0
0
0
0
0
0
0
0
0
0
0
0
0
0
0
0
0
0
0
0
0
0
0
0
0
0
0
0
0
0
0
6
6
6
6
6
6
6
6
6
6
6
6
6
6
6
6
6
6
6
6
6
6
6
6
6
6
6
6
6
6
6
6
0
0
0
0
0
0
0
0
0
0
0
0
0
0
0
0
0
0
0
0
0
0
0
0
0
0
0
0
0
0
0
0
0
0
0
0
0
0
0
0
0
0
0
0
0
0
0
0
0
0
0
0
0
0
0
0
0
0
0
0
0
0
0
0
0
0
0
0
0
0
0
0
0
0
0
0
0
0
0
0
0
0
0
0
0
0
0
0
0
0
0
0
0
0
0
0
6
6
6
6
6
6
6
6
6
6
6
6
6
6
6
6
6
6
6
6
6
6
6
6
6
6
6
6
6
6
6
6
0
0
0
0
0
0
0
0
0
0
0
0
0
0
0
0
0
0
0
0
0
0
0
0
0
0
0
0
0
0
0
0
6
6
6
6
6
6
6
6
6
6
6
6
6
6
6
6
6
6
6
6
6
6
6
6
6
6
6
6
6
6
6
6
0
0
0
0
0
0
0
0
0
0
0
0
0
0
0
0
0
0
0
0
0
0
0
0
0
0
0
0
0
0
0
0
6
6
6
6
6
6
6
6
6
6
6
6
6
6
6
6
6
6
6
6
6
6
6
6
6
6
6
6
6
6
6
6
0
0
0
0
0
0
0
0
0
0
0
0
0
0
0
0
0
0
0
0
0
0
0
0
0
0
0
0
0
0
0
0
6
6
6
6
6
6
6
6
6
6
6
6
6
6
6
6
6
6
6
6
6
6
6
6
6
6
6
6
6
6
6
6
0
0
0
0
0
0
0
0
0
0
0
0
0
0
0
0
0
0
0
0
0
0
0
0
0
0
0
0
0
0
0
0
6
6
6
6
6
6
6
6
6
6
6
6
6
6
6
6
6
6
6
6
6
6
6
6
6
6
6
6
6
6
6
6
0
0
0
0
0
0
0
0
0
0
0
0
0
0
0
0
0
0
0
0
0
0
0
0
0
0
0
0
0
0
0
0
6
6
6
6
6
6
6
6
6
6
6
6
6
6
6
6
6
6
6
6
6
6
6
6
6
6
6
6
6
6
6
6
0
0
0
0
0
0
0
0
0
0
0
0
0
0
0
0
0
0
0
0
0
0
0
0
0
0
0
0
0
0
0
0
0
0
0
0
0
0
0
0
0
0
0
0
0
0
0
0
0
0
0
0
0
0
0
0
0
0
0
0
0
0
0
0
0
0
0
0
0
0
0
0
0
0
0
0
0
0
0
0
0
0
0
0
0
0
0
0
0
0
0
0
0
0
0
0
