%pattern_data
4
4
4
0
0
32
-8
0
52
68
0
1
1
0
0
0
10
0
3
0
0
0
0
0
0
0
0
12
-1
-1
0
0
0
50
0
0
55
104
-10
0
0
0
1
1
0
0
0
0
0
0
0
0
0
0
0
0
9
0
0
43
1
1
1
1
1
0
1
1
1
1
1
0
1
1
1
0
1
1
1
1
1
0
1
1
1
1
1
0
1
1
1
0
1
1
1
1
1
0
1
1
1
1
1
0
1
1
1
0
1
1
1
1
1
0
1
1
1
1
1
0
1
1
1
0
-47
-47
-47
-47
-47
-47
-30
-47
-47
-47
-47
-47
-30
-47
-47
-47
-32
-47
-47
-47
-47
-47
-30
-47
-47
-47
-47
-47
-30
-47
-47
-47
309683
593719
885669
1171655
1472132
1730771
2032562
2323878
2623272
2899297
3198617
3461542
3751542
4059819
4366712
4615374
4914240
5215442
5502608
5791247
6084921
6346145
6660068
6951247
7246139
7521684
7807914
8076916
8388345
8666803
8975442
9230771
9547506
9840658
10112109
10402245
10689751
10961542
11256576
11551723
11826531
12120567
12396463
12692313
13005578
13300408
13572698
13846145
14144989
14456327
14736961
15006553
15297528
15576916
15842585
16155079
16442880
16734354
17026259
17307687
17602993
17905760
18188005
18461542
290567
602200
892993
1182653
1468549
1730771
2037800
2349478
2636168
2920748
3204603
3461542
3767392
4060317
4337438
4615374
2037800
5214172
5502585
5787937
6079705
6346145
6650204
8668458
7216236
7510975
7795964
8076916
8358027
8668458
8961383
9230771
9534898
9823401
10121134
10399751
10691701
10961542
11256621
11550023
11838367
12126213
12420136
12692313
12993787
13303991
13591451
13846145
14167687
14457143
14738617
15024490
15318209
15576916
15882313
16177188
16461837
16760249
17038322
17307687
17612653
17899138
18190091
18461542
306961
616417
904966
1191859
1483356
1730771
2040340
2331383
2618866
2906576
3195102
3461542
3772993
4061837
4354127
4615374
4916735
5217302
5504943
5791565
6091361
6346145
6636236
6931859
7215601
7509955
7806190
8076916
8385533
8672336
8959093
9230771
9531610
9837370
10121610
10412834
10707324
10961542
11274558
11560023
11840476
12140340
12431542
12692313
12992608
13290612
13582630
13846145
14153469
14449637
14740227
15026825
15312063
15576916
15879116
16166009
16455964
16740522
17033175
17307687
17619161
17906780
18194195
18461542
300748
609864
901497
1184082
1485918
1730771
2042154
2334218
2619161
2904921
3198889
3461542
3755465
4065918
4357800
4615374
4936553
5225238
5516508
5800839
6100113
6346145
6655578
6945828
7239728
7525102
7820839
8076916
8390408
8674308
8958027
9230771
9511497
9832562
10131406
10410680
10696349
10961542
11259637
11564807
11856644
12141565
12428322
12692313
13004467
13292766
13572245
13846145
14157188
14444218
14740998
15020907
15311111
15576916
15884762
16189433
16474172
16760476
17047143
17307687
17598594
17897687
18178980
18461542
291293
603016
896939
1178118
1471950
1730771
2031406
2326463
2613265
2910091
3195079
3461542
3754694
4053107
4347619
4615374
4920249
5217937
5502358
5782993
6086304
6346145
6661270
6955692
7245941
7532426
7806236
8076916
8396145
8666848
8941655
9230771
9549274
9826304
10113288
10398730
10690249
10961542
11281270
11555805
11846281
12139002
12430884
12692313
13010952
13291701
13579728
13846145
14162086
14448685
14738639
15021701
15307256
15576916
15887868
16177596
16464014
16742540
17027234
17307687
17613175
17895669
18177052
18461542
309751
596032
887642
1175238
1467551
1730771
2042290
2326440
2618209
2900045
3185011
3461542
3773605
4059410
4343379
4615374
4890068
5187324
5483039
5773673
6072132
6346145
6659705
6946803
7230884
7528345
7815329
8076916
8396803
8684127
8966621
9230771
9532585
9837075
10114807
10403016
10687052
10961542
11266417
11546463
11835692
12130045
12414966
12692313
13006145
13298413
13576145
13846145
14155238
14457823
14745215
15026825
15317392
15576916
15896349
16184535
16469684
16755519
17035828
17307687
15896349
17893061
18181156
18461542
305669
612177
897982
1176259
1448322
1730771
2042608
2337596
2630998
2910000
3187120
3461542
3761270
4057302
4343129
4615374
4908299
5220522
5506349
5793243
6085760
6346145
6659728
6953900
7236939
7523605
7812812
8076916
8387188
8681565
8971633
9230771
9539002
9827664
10125760
10410068
10695646
10961542
11277324
11567460
11872955
12136871
12423628
12692313
12988050
13284558
13578277
13846145
14135918
14450590
14730000
15017370
15311542
15576916
15899751
16193719
16480930
16759229
17047075
17307687
17627188
17906168
18196780
18461542
310771
598707
886644
1166621
1470771
1730771
2058707
2332222
2615510
2909660
3204082
3461542
3777324
4054240
4334467
4615374
4914127
5207415
5492744
5781859
6083379
6346145
6681066
6952789
7237347
7521474
7808776
8076916
8394943
8658481
6083379
9230771
9524580
9814626
10103288
10398844
10687347
10961542
11256168
11563288
11842948
12132744
12428027
12692313
13000522
13291565
13579592
13846145
14145397
14442517
14721474
15017732
15323379
15576916
15900113
16188594
16469909
16765873
17047551
17307687
17636372
17912676
18202109
18461542
307664
603605
890249
1179274
1470816
1730771
2046440
2349048
2631134
2926077
3204354
3461542
3760952
4068367
4358639
4615374
4920113
5230590
5509410
5793311
6070159
6346145
6656780
6955646
7231678
7534603
7803583
8076916
8388413
8674739
8960794
9230771
9518277
9826780
10117937
10414558
10701950
10961542
11277778
11578458
11857937
12157959
12444966
12692313
13002789
13308345
13595692
13846145
14141451
14454399
14749070
15025102
15323764
15576916
15893741
16182993
16478526
16761837
17048798
17307687
17592404
17911134
18195986
18461542
296304
610680
895125
1194014
1477415
1730771
2041859
2330907
2619274
2908435
3194807
3461542
3770680
4066984
4356213
4615374
4916961
5217075
5505102
5793719
6080045
6346145
6669478
6961247
7240023
7532857
7822880
8076916
8402109
8688413
8966621
9230771
9549252
9840023
10124830
10405941
10686757
10961542
11266848
11568254
11853515
12143560
12425873
12692313
13001882
13285873
13574875
13846145
14154875
14455828
14749728
15034195
15323900
15576916
15891134
16168730
16463356
16757166
17045238
17307687
17606281
17924467
18194739
18461542
316417
612086
889342
1178798
1466122
1730771
2027642
2331383
2619546
2908163
3207914
3461542
3766054
4067642
4349002
4615374
4937166
5230113
5520136
5798481
6094943
6346145
6660340
6938844
7224240
7536122
7821587
8076916
8377800
8688594
8961905
9230771
9525329
9834014
10125986
10412744
10697143
10961542
11276304
11577302
11860748
12151859
12441429
12692313
13010590
13293900
13577755
13846145
14141224
14457075
14748345
15024331
15324014
15576916
15883288
16187438
16483401
16773968
17061995
17307687
17612200
17918730
18198594
18461542
299705
604807
899002
1173039
1473469
1730771
2032880
2322857
2611995
2894966
3160975
3461542
3754649
4066667
4341020
4615374
4913243
5213673
5514603
5795329
6077891
6346145
6633583
6948254
7235465
7515465
7803968
8076916
8377007
8679819
8969433
9230771
9542222
9844739
10133605
10409252
10696667
10961542
11259388
11548186
11840385
12119660
12418254
12692313
12990998
13304989
13575193
13846145
14170907
14451066
14728367
15024671
15308163
15576916
15879932
16172222
16458753
16736281
17026485
17307687
17607914
17909365
18191701
18461542
295782
608571
902041
1189025
1471519
1730771
2020385
2320272
2620431
2911224
3202540
3461542
3770612
4070454
4355442
4615374
4917642
5227891
5528662
5802290
6089320
6346145
6652109
6931701
7223878
7510408
7791791
8076916
8375442
8668186
8960340
9230771
9534739
9846803
10128277
10405034
10707075
10961542
11264422
11541950
11844807
12124921
12424580
12692313
12999410
13289388
13577619
13846145
14162993
14439229
14733175
15019070
15312132
15576916
15892426
16171565
16456032
16743696
17032018
17307687
17609683
17893878
18180862
18461542
292676
601315
883039
1176667
1470590
1730771
2024172
2332472
2617868
2903175
3192268
3461542
3761791
4064172
4349206
4615374
4924875
5219524
5500363
5789252
6089751
6346145
6656122
6948662
7222721
7510454
7802834
8076916
8393469
8683560
8959274
9230771
9540522
9829365
10107483
10402653
10701020
10961542
11266757
11565147
11843923
12129569
12427324
12692313
13011224
13296689
13587755
13846145
14149093
14444240
14728866
15016961
15307483
15576916
15881451
16180499
16459524
16748912
17033129
17307687
17613107
17899252
18183061
18461542
283878
603878
898912
1171429
1453764
1730771
2031927
2336327
2617460
2908662
3209048
3461542
3762608
4055646
4341542
4615374
4906961
5211247
5504898
5784785
6063084
6346145
6642041
6954082
7235941
7516939
7817732
8076916
8370794
8666689
8956395
9230771
15888730
9829274
10121610
10409546
10692993
10961542
11260068
11555034
11845238
12131020
12419592
12692313
12972154
13280499
13571315
13846145
14139252
14441973
14733537
15024059
15317324
15576916
15888730
16182404
16464966
16743787
17033673
17307687
17602517
17902222
18192494
18461542
0
0
0
0
0
0
0
0
0
0
0
0
0
0
0
0
0
0
0
0
0
0
0
0
0
0
0
0
0
0
0
0
0
0
0
0
0
0
0
0
0
0
0
0
0
0
0
0
0
0
0
0
0
0
0
0
0
0
0
0
0
0
0
0
0
0
0
0
0
0
0
0
0
0
0
0
0
0
0
0
0
0
0
0
0
0
0
0
0
0
0
0
0
0
0
0
0
0
0
0
0
0
0
0
0
0
0
0
0
0
0
0
0
0
0
0
0
0
0
0
0
0
0
0
0
0
0
0
0
0
0
0
0
0
0
0
0
0
0
0
0
0
0
0
0
0
0
0
0
0
0
0
0
0
0
0
0
0
0
0
0
0
0
0
0
0
0
0
0
0
0
0
0
0
0
0
0
0
0
0
0
0
0
0
0
0
0
0
0
0
0
0
0
0
0
0
0
0
0
0
0
0
0
0
0
0
0
0
0
0
0
0
0
0
0
0
0
0
0
0
0
0
0
0
0
0
0
0
0
0
0
0
0
0
0
0
0
0
0
0
0
0
0
0
0
0
0
0
0
0
0
0
0
0
0
0
0
0
0
0
0
0
0
0
0
0
0
0
0
0
0
0
0
0
0
0
0
0
0
0
0
0
0
0
0
0
0
0
0
0
0
0
0
0
0
0
0
0
0
0
0
0
0
0
0
0
0
0
0
0
0
0
0
0
0
0
0
0
0
0
238730
467415
693311
897438
1131156
1323537
1555102
1753265
1987868
2208277
2446961
2647052
2880113
3105556
3333447
3529410
3756327
3985238
4198617
4426054
4655510
4852948
5093605
5304762
5530340
5755420
5982018
6176463
6423220
6626848
6860884
7058821
7304694
7513628
7738639
7966553
8191565
8382358
8620544
8838571
9051610
9270295
9502109
9705873
9950590
10171633
10385873
10588231
10833605
11054512
11280522
11484286
11723923
11911769
12152676
12368050
12596372
12804444
13030113
13235283
13473515
13690612
13911587
14117642
227370
458571
681973
892902
1132766
1323537
1562608
1770839
1999025
2208435
2443129
2647052
2897687
3107415
3330249
3529410
3760499
3982200
4208821
4422585
4646168
4852948
5098163
5308209
5532381
5744580
5970590
6176463
6434898
6639569
6855828
7058821
7300159
7525941
7741066
7961338
8183764
8382358
8615918
8834807
9057846
9277075
9502268
9705873
9942041
10152086
10372562
10588231
10823243
11041882
11269456
11488050
11715714
11911769
12149705
12362426
12581474
12798345
13021746
13235283
13475420
13697007
13922517
14117642
243356
461701
691338
900703
1122653
1323537
1562404
1784626
1998662
2215805
2444535
2647052
2886848
3092313
3317778
3529410
3768299
3983923
4207256
4424898
4654467
4852948
5109751
5320408
5539320
5756780
5975601
6176463
6417506
6645374
6862721
7058821
7294671
7510136
7731927
7950748
8176168
8382358
8617823
8830998
9054853
9285306
9495079
9705873
9940726
10160862
10380658
10588231
10845828
11054989
11278367
11504286
11720340
11911769
12168685
12382109
12597937
12814558
13037098
13235283
13468254
13688186
13906508
14117642
234943
451406
674603
902358
1134626
1323537
1583810
1786599
2012063
2232381
2450567
2647052
2900862
3106961
3333878
3529410
3773220
3983016
4210295
4435896
4668435
4852948
5107460
5316735
5535556
5757188
5990612
6176463
6420952
6638073
6860907
7058821
7294376
7508390
7738844
7958345
8189456
8382358
8621587
8820408
9065488
9281746
9503061
9705873
9957528
10173923
10397619
10588231
10830862
11049478
11276485
11489138
11711383
11911769
12158594
12363061
12590499
12804898
13029683
13235283
13479932
13689002
13913991
14117642
244490
465102
681950
909048
1134966
1323537
1573039
1790680
2009683
2221497
2452063
2647052
2898481
3112200
3323583
3529410
3786871
3997574
4215601
4429524
4648753
4852948
5107098
5311270
5532177
5737460
5983424
6176463
6430000
6641066
6861293
7058821
7300408
7513016
7730023
7955669
8183152
8382358
8622472
8841066
9062562
9286871
9507438
9705873
9953039
10166236
10387891
10588231
10832177
11047347
11259229
11480363
11705488
11911769
12137800
12360227
12581338
12807166
13034467
13235283
13482109
13690794
13912381
14117642
250499
474127
689751
903039
1119705
1323537
1571927
1784331
2005805
2223651
2451383
2647052
2900726
3106236
3312063
3529410
3772721
3986939
4206122
4424785
4647596
4852948
5092132
5316417
5524535
5742948
5964626
6176463
6414512
6628050
6849683
7058821
7306100
7513492
7736644
7959161
8179433
8382358
8628912
8845011
9061859
9281474
9494580
9705873
9946236
10157347
10369116
10588231
10830023
11044331
11260952
11483039
11700839
11911769
12159229
12368481
12587551
12802744
13013696
13235283
13471837
13689206
13904399
14117642
246667
459478
686735
896440
1120340
1323537
1575147
1777710
2008662
2225601
2446599
2647052
2880499
3114036
3332086
3529410
5110998
3991565
4216712
4432472
4664399
4852948
5110998
5325669
5544467
5758005
5988821
6176463
6420408
6632812
6861655
7058821
7307687
7519002
7739070
7970726
8177914
8382358
8617868
8841179
9072177
9279728
9510181
9705873
9950295
10170045
10392472
10588231
10836984
11053696
11279070
11491678
11721383
11911769
12167710
12372268
12606077
12815624
13045533
13235283
13476236
13700045
13909637
14117642
252608
460771
683946
907664
1137619
1323537
1558662
1779977
2002676
2229297
2452834
2647052
2891905
3108390
3320862
3529410
3782698
3992653
4221542
4433719
4660499
4852948
5100317
5310068
5537460
5752086
5985193
6176463
6429796
6635782
6860748
7058821
7311746
7518662
7752290
7968458
8194966
8382358
8626009
8851429
9078730
9296395
9521859
9705873
9967075
10179002
10400045
10588231
10832313
11045488
11272472
11487324
11716893
11911769
12170068
12385261
12604490
12824626
13052766
13235283
13484286
13710023
13920068
14117642
239581
446395
664875
888322
1112789
1323537
2890295
1762993
1997166
2210658
2429592
2647052
2890295
3098299
3312177
3529410
3769887
3971111
4187302
4399524
4635737
4852948
5102841
5303787
5518005
5740862
5960907
6176463
6421746
6623243
6838050
7058821
7292063
7505624
7729342
7938345
8164195
8382358
8619546
8838322
9062018
9269955
9504626
9705873
9941429
10158254
10384649
10588231
10836848
11047188
11279796
11480771
11703764
11911769
12147778
12360454
12579410
12801678
13024853
13235283
13451497
13675669
13888844
14117642
260385
465057
694172
900045
1125306
1323537
1584263
1795125
2017914
2227324
2453900
2647052
2896259
3107596
3327279
3529410
3785510
4000522
4215102
4430499
4652721
4852948
5094603
5314082
5540113
5743991
5978707
6176463
6417029
6633628
6860023
7058821
7299705
7516100
7740385
7959819
8183628
8382358
8621655
8845034
9069048
9276803
9500703
9705873
9948980
10162744
10381791
10588231
10833719
11054036
11281224
11493039
11719070
11911769
10833719
12382154
12607551
12816553
13048503
13235283
13494127
13694898
13924422
14117642
260068
449206
674331
883764
1107392
1323537
1559615
1776531
1997574
2225692
2445193
2647052
2900680
3101973
3323605
3529410
3782789
3976440
4210045
4412018
4643061
4852948
5089637
5302517
5532472
5752721
5978707
6176463
6416463
6639524
6860476
7058821
7309637
7529592
7764399
7985556
8210499
8382358
8616327
8824580
9049138
9264739
9482154
9705873
9916893
10155193
10379048
10588231
10835760
11041950
11271905
11471156
11706463
11911769
12144036
12365034
12588095
12807029
13032630
13235283
13478912
13680930
13918934
14117642
242472
446576
688231
894966
1122063
1323537
1559864
1769274
1991542
2210091
2435510
2647052
2895170
3103107
3326327
3529410
3778322
3985215
4208957
4421678
4651678
4852948
5079070
5284898
5509138
5739660
5970136
6176463
6422041
6630454
6845397
7058821
7299297
7503741
7740567
7936939
8164240
8382358
8618571
8828390
9055374
9278753
9504399
9705873
9954422
10151746
10372608
10588231
10833061
11046122
11260295
11472857
11713810
11911769
12147937
12349683
12575465
12803197
13024558
13235283
13472562
13679478
13912676
14117642
236281
463560
689773
906168
1132313
1323537
1572834
1779569
2010635
2221587
2447120
2647052
2880975
3100431
3329864
3529410
3783628
3993016
4226916
4440816
4661338
4852948
5082698
5305329
5527211
5747891
5972880
6176463
6430136
6630454
6858186
7058821
7299592
7514104
7745896
7961610
8181088
8382358
8629637
8837891
9047914
9287324
9515261
9705873
9935533
10152789
10381542
10588231
10833084
11056757
11285215
11492585
11722381
11911769
12141315
12354603
12577460
12803832
13027823
13235283
13474444
13690748
13914082
14117642
237098
456054
690612
900975
1127596
1323537
1555079
1777596
1998662
2221383
2452268
2647052
2879751
3102132
3328073
3529410
3751383
3974739
4193741
4417098
4636735
4852948
5094308
5316077
5533605
5754989
5978594
6176463
6410771
6630839
6840431
7058821
7298413
7517642
7739932
7960340
8189660
8382358
8635125
8853175
9065896
9282812
9506281
9705873
9939977
10159819
10375737
10588231
10831247
11046372
11277868
11495692
11715397
11911769
12157302
12374966
12586463
12808753
13028912
13235283
13462925
13687755
13904127
14117642
1577755
461791
694150
905329
1126553
1323537
1577755
1790998
2005986
2220159
2450385
2647052
2889456
3102902
3334580
3529410
6429184
3979048
4220000
4428503
4664739
4852948
5102086
5311927
5536871
5754240
5983560
6176463
6429184
6627528
6855692
7058821
7297732
7517188
7737279
7946735
8175420
8382358
9954785
9279365
9061361
9279365
9492154
9705873
9954785
10166168
10383583
10588231
13462245
11041497
11265465
11481247
11703787
11911769
12155510
12352313
12579093
12792268
13022630
13235283
13462245
13680635
13898957
14117642
0
0
0
0
0
0
0
0
0
0
0
0
0
0
0
0
0
0
0
0
0
0
0
0
0
0
0
0
0
0
0
0
0
0
0
0
0
0
0
0
0
0
0
0
0
0
0
0
0
0
0
0
0
0
0
0
0
0
0
0
0
0
0
0
0
0
0
0
0
0
0
0
0
0
0
0
0
0
0
0
0
0
0
0
0
0
0
0
0
0
0
0
0
0
0
0
0
0
0
0
0
0
0
0
0
0
0
0
0
0
0
0
0
0
0
0
0
0
0
0
0
0
0
0
0
0
0
0
0
0
0
0
0
0
0
0
0
0
0
0
0
0
0
0
0
0
0
0
0
0
0
0
0
0
0
0
0
0
0
0
0
0
0
0
0
0
0
0
0
0
0
0
0
0
0
0
0
0
0
0
0
0
0
0
0
0
0
0
0
0
0
0
0
0
0
0
0
0
0
0
0
0
0
0
0
0
0
0
0
0
0
0
0
0
0
0
0
0
0
0
0
0
0
0
0
0
0
0
0
0
0
0
0
0
0
0
0
0
0
0
0
0
0
0
0
0
0
0
0
0
0
0
0
0
0
0
0
0
0
0
0
0
0
0
0
0
0
0
0
0
0
0
0
0
0
0
0
0
0
0
0
0
0
0
0
0
0
0
0
0
0
0
0
0
0
0
0
0
0
0
0
0
0
0
0
0
0
0
0
0
0
0
0
0
0
0
0
0
0
0
649
483
622
643
4566
1772
754
636
444
623
4374
1886
712
750
4684
2129
742
773
678
1437
4731
1875
1273
617
711
885
4642
1680
871
652
3926
2019
775
655
634
659
5327
1675
1420
894
920
637
5736
1663
1081
703
4777
1662
502
621
662
655
5171
1615
493
565
726
604
4417
1643
577
715
4729
1719
1386
563
1082
530
4547
963
1765
816
1203
862
4687
1076
1469
1136
4254
991
1765
994
1413
799
4383
1003
731
815
821
447
3877
893
891
815
3859
1043
2224
929
763
920
4688
891
891
748
1175
790
4375
971
1536
1439
3478
1316
1766
740
713
785
4280
1130
625
650
1043
832
4304
1117
616
725
4268
1199
1373
393
520
620
4373
1418
494
611
538
527
3926
1409
263
623
4042
1479
699
791
1019
706
3967
1422
1019
756
785
750
4036
1340
683
678
4190
1411
592
493
636
666
3814
1438
383
205
620
550
3639
1460
443
714
4519
1441
730
492
540
682
4340
1358
651
734
696
760
3765
1292
798
978
4107
1301
765
892
1541
774
5058
1243
562
812
736
972
4964
1083
1152
1168
5208
1122
800
1014
799
1334
5081
1132
1210
1253
979
867
4952
1284
1425
1094
5152
1039
1234
680
626
1127
5242
1025
1058
1020
1156
1077
5002
1092
1751
1345
4682
1131
1331
830
933
1005
4986
1222
534
564
1121
759
5128
1093
936
1235
4865
999
662
494
601
440
4738
914
688
250
617
528
4263
634
479
400
4432
895
965
467
334
1205
4356
683
192
734
521
499
4445
709
1084
560
4807
620
1115
307
517
760
5070
727
730
188
766
458
4372
810
961
280
4438
796
1363
635
530
651
4103
609
671
622
706
726
4462
563
1397
465
4261
610
884
1593
1131
1905
7522
1420
1362
1729
1169
1782
7175
1345
455
1231
7457
1413
2395
1139
1099
1249
7212
1264
960
868
1463
982
7062
1242
823
1309
6896
1166
1785
1130
1396
917
6683
991
1414
796
1367
1076
6553
1107
1467
1112
6771
1153
1942
1051
1186
1650
6718
1142
1165
738
661
2362
6780
1066
1165
1707
6936
1195
1964
820
675
1009
9437
2683
940
876
1162
1209
9051
2718
1012
848
9192
2635
2000
999
1442
2139
9630
2895
1863
1294
1159
1211
9355
2722
1896
1229
9289
2835
774
1493
1072
1297
9778
2795
800
814
1843
1157
8112
1519
339
817
9660
2780
414
604
816
1230
9101
2645
441
1185
763
1157
9359
2620
376
1172
9716
2834
839
309
462
1000
10115
3155
598
208
423
594
8167
2584
1173
471
9633
2842
531
360
632
936
9221
2241
932
492
555
713
9096
3009
383
272
9221
2654
1796
738
770
650
9088
2905
1998
540
612
834
9805
2933
2694
669
9253
2699
1187
763
1009
1060
8142
2466
945
718
514
584
9338
2723
980
501
8624
2948
1585
868
1265
1276
7133
2175
1299
1029
1642
1374
6121
2395
1554
1407
6043
2315
1866
1579
1421
1557
6949
2118
1509
1088
1657
1421
6135
2305
1407
1529
5705
2215
1164
1578
1391
1507
5764
2369
2007
1206
1666
1387
5747
2296
1757
1528
5965
1961
1658
1334
1262
1457
6042
2095
913
1408
1597
1714
6056
2445
1078
1763
5819
2389
2909
2325
2510
2498
7725
2296
1732
2051
2551
2511
7430
1773
3312
2145
7824
2006
1848
1548
2225
2581
7396
1814
2756
1607
2674
2044
7519
2059
2771
1049
8576
2065
2209
2430
1935
2503
6940
1249
1863
2039
2125
2003
7465
1767
2536
1696
7084
1653
1614
1639
1449
2111
7194
2066
1517
2166
2257
1904
7747
1916
2578
1738
7310
2012
1395
1360
1341
1542
8606
2201
2286
1777
2207
2417
9006
2783
2029
1966
8261
2289
1179
1461
1813
1751
8603
2699
1721
1087
2574
1037
7782
2209
2810
1442
7157
1973
2936
1799
2125
1840
7869
1946
1817
1066
2147
1566
7551
1836
2165
988
8110
2420
1952
1420
1686
1982
7533
2284
2212
1483
2019
2018
7039
1535
2447
1647
7866
2127
1198
672
781
611
4969
2431
977
590
1372
803
5175
2837
1117
555
4391
1936
1869
538
689
731
4591
2341
851
617
788
775
4971
2006
1183
715
4802
2129
1174
813
895
885
4643
2100
563
578
751
749
4688
2073
1022
746
4800
2484
991
664
736
836
5518
2602
746
672
756
737
4770
2659
1383
538
4742
2663
1759
952
912
986
5354
1519
951
742
1271
984
5109
1303
940
1051
5481
1036
2259
912
1219
1109
5027
1430
1890
806
1436
1215
5644
1343
853
724
5109
1378
1141
741
979
869
5216
1313
703
1430
965
1142
5914
1060
1201
804
5299
1439
1232
767
923
1076
5292
1210
860
664
1271
897
5436
1069
1699
909
5655
1502
1689
1146
1310
1269
6069
1489
1036
1108
1245
1503
6092
1344
1342
1189
6393
1453
1741
1224
1349
1687
6800
1450
1431
1438
1224
1215
6251
1203
1337
1194
5249
1478
1212
1150
1197
1147
6348
1627
1217
1323
1344
1748
6486
1537
1555
922
6691
1533
1575
1173
1187
1090
6610
1652
1362
744
1375
1068
6478
1484
1511
1260
6692
1389
2361
1182
1172
1507
7733
1741
1577
889
1274
1107
8955
1960
1761
1540
8800
1580
1427
1273
1428
1351
7768
1417
2064
1506
2052
1605
7158
1423
1272
1574
8035
1346
1538
1374
1574
1656
7039
1464
1864
1710
1910
1944
7572
1658
1403
1543
7626
1374
1496
1378
1503
1669
6509
1502
1538
1584
1768
1736
7299
1668
1415
1527
6704
1343
0
0
0
0
0
0
0
0
0
0
0
0
0
0
0
0
0
0
0
0
0
0
0
0
0
0
0
0
0
0
0
0
0
0
0
0
0
0
0
0
0
0
0
0
0
0
0
0
0
0
0
0
0
0
0
0
0
0
0
0
0
0
0
0
0
0
0
0
0
0
0
0
0
0
0
0
0
0
0
0
0
0
0
0
0
0
0
0
0
0
0
0
0
0
0
0
0
0
0
0
0
0
0
0
0
0
0
0
0
0
0
0
0
0
0
0
0
0
0
0
0
0
0
0
0
0
0
0
0
0
0
0
0
0
0
0
0
0
0
0
0
0
0
0
0
0
0
0
0
0
0
0
0
0
0
0
0
0
0
0
0
0
0
0
0
0
0
0
0
0
0
0
0
0
0
0
0
0
0
0
0
0
0
0
0
0
0
0
0
0
0
0
0
0
0
0
0
0
0
0
0
0
0
0
0
0
0
0
0
0
0
0
0
0
0
0
0
0
0
0
0
0
0
0
0
0
0
0
0
0
0
0
0
0
0
0
0
0
0
0
0
0
0
0
0
0
0
0
0
0
0
0
0
0
0
0
0
0
0
0
0
0
0
0
0
0
0
0
0
0
0
0
0
0
0
0
0
0
0
0
0
0
0
0
0
0
0
0
0
0
0
0
0
0
0
0
0
0
0
0
0
0
0
0
0
0
0
0
0
0
0
0
0
0
0
0
0
0
0
0
833
588
1088
836
5000
2482
630
725
819
606
4214
2139
1042
542
4260
2514
496
591
640
462
5200
2431
496
442
820
1035
4562
2404
470
473
4616
2414
660
399
594
864
4789
2388
831
967
725
614
4507
2526
739
659
4746
2507
981
581
1265
634
4591
2626
494
667
764
518
3973
1587
1069
738
5664
2250
1745
878
753
732
5317
1488
613
635
627
1112
4874
1330
973
604
6135
1600
2610
882
1039
1014
5510
1096
1486
837
1142
1029
4573
1619
1407
591
5035
1251
1306
700
863
1106
5208
1379
933
986
796
1530
5131
1378
951
1066
5044
1354
698
968
1182
907
5387
1322
786
859
870
810
4716
1235
1258
1098
5063
1269
1082
1202
486
607
5573
1664
803
585
734
594
5041
1769
554
747
5168
1682
619
599
874
658
5241
1342
739
569
893
986
4627
1584
1515
458
5531
1355
1625
731
809
1089
5042
1735
564
568
963
1028
5445
1171
508
483
5632
1450
549
464
523
366
5056
1440
251
499
418
512
5236
1752
453
727
5605
1712
681
1016
987
1212
5694
1459
701
856
833
733
5276
1094
863
1020
5962
1284
1490
691
746
800
6017
1510
1172
512
648
696
5567
1444
1451
568
5742
1634
1647
793
928
574
5860
1376
198
652
981
693
6000
1468
786
1004
5523
1274
485
1001
1035
970
5156
1294
695
514
893
526
5383
1186
700
1055
6086
1506
1202
254
584
447
4566
1140
451
553
606
593
5254
1226
1557
490
5111
1058
1719
326
572
460
4940
909
311
766
614
562
5032
967
225
557
5295
1498
899
538
720
592
5138
1032
629
595
762
702
4788
990
533
588
5024
1119
526
636
624
672
4955
1098
1026
542
873
547
4675
965
690
436
4956
838
1601
757
1298
1337
6914
1070
537
1020
1500
1363
7707
1459
535
1365
7156
1682
1364
1185
1136
1664
7524
1064
1824
874
1668
1531
8027
1530
1603
1523
7847
1569
1870
1244
1353
1540
7219
1150
1062
1008
1077
1268
7053
1022
556
1057
7542
1199
2082
916
1407
1377
7851
1664
1011
1075
1222
1452
7041
1284
1905
1244
7614
1451
757
280
566
448
7883
3209
473
297
532
618
7557
3048
399
733
8601
3396
654
437
843
552
9050
3706
654
653
533
903
9015
3772
698
579
8704
3294
569
516
478
243
9683
3757
1762
346
553
591
7851
3208
699
377
8949
3640
718
528
425
392
8973
3731
739
285
807
516
8160
3418
395
291
7919
3082
1919
1045
1166
1881
8725
2378
2445
714
961
1074
8300
2224
1227
671
8350
2239
1787
1037
899
1292
8454
2272
1934
1330
1413
1249
8172
1960
1918
1219
8640
2220
1572
630
616
966
8744
2405
1612
950
871
1092
8506
2461
2038
1184
8602
2265
757
711
759
1422
8116
2287
1602
1211
1420
1564
8515
2416
138
890
8617
2078
1178
1145
1054
870
6243
2178
2044
1261
1577
1278
5560
2125
2044
1303
5988
2344
1513
1323
976
1269
6012
1419
486
1310
1487
1098
6256
2220
962
1210
6080
2013
2325
1268
1447
1306
5744
2444
2115
979
1418
846
6090
2125
2380
1171
6229
2014
2137
1086
1193
1265
6555
2445
1579
1387
1726
1101
6224
1972
2300
1260
6051
1689
756
901
1726
1364
7006
1615
1843
1173
1950
1085
7956
2493
841
1012
7950
1963
2383
625
938
1071
8039
2257
1446
1444
1253
1635
7237
2334
1970
1069
7552
2107
2991
993
1018
1119
6588
1473
2250
1224
1447
1576
6363
1606
1966
980
8419
2322
2274
1354
1529
1709
7830
2106
2274
1399
1488
1571
6953
1599
2130
1233
7858
2204
1284
763
389
500
9477
2295
1233
1354
1521
1447
9159
2505
1009
1010
9738
2598
456
1052
997
1146
9383
2340
1105
871
1615
1680
9652
2867
1004
1348
9759
2835
2149
718
1229
1511
8600
2782
3754
1639
1910
1661
8203
2140
1383
1602
8972
2133
1745
1403
1028
1269
10659
2621
1127
1281
1410
1907
10292
2958
1364
811
8744
2434
1680
1280
1016
1040
7502
3128
736
697
825
1188
5038
2663
1785
1063
5267
2821
696
901
661
633
7454
2892
662
644
809
631
4072
2361
1471
750
5829
2986
897
905
1604
1172
7445
2792
1038
857
1350
1411
6157
3228
595
990
6787
2743
1314
930
1280
1189
7831
3177
805
1030
1617
1049
6923
2954
1787
1375
5960
2653
920
939
866
1028
6758
2100
1290
955
1055
835
5474
1703
1066
938
6958
1634
516
768
934
993
5755
2021
559
883
1670
835
6123
1617
1859
783
5183
2096
1624
655
1175
696
6286
1542
537
600
843
751
6998
1958
791
949
7074
1853
1286
1045
1642
960
5886
1796
1140
769
1590
1102
6664
1408
745
854
5926
1748
1296
724
767
1017
7725
2215
1505
960
1643
1025
6661
1985
1616
607
7442
1909
1103
890
1017
1239
7427
2183
1830
607
1704
1577
7099
1920
1479
999
7354
1565
1545
966
769
1069
7837
2214
644
666
1592
1122
6781
2131
1313
1178
7508
1541
993
1318
934
754
7360
1895
1204
623
1038
1153
7556
2058
1875
869
8679
1929
404
703
1037
679
7599
2274
404
465
886
633
7751
2255
482
691
7616
2141
1106
916
1183
708
8201
2379
1260
919
1112
754
7694
1897
1106
692
7327
2021
1488
570
1028
1356
8015
2532
1114
871
1077
871
7324
1905
1114
618
8052
2148
1368
405
602
500
6915
2349
190
683
1149
631
6660
2354
1368
869
7067
1313
0
0
0
0
0
0
0
0
0
0
0
0
0
0
0
0
0
0
0
0
0
0
0
0
0
0
0
0
0
0
0
0
0
0
0
0
0
0
0
0
0
0
0
0
0
0
0
0
0
0
0
0
0
0
0
0
0
0
0
0
0
0
0
0
0
0
0
0
0
0
0
0
0
0
0
0
0
0
0
0
0
0
0
0
0
0
0
0
0
0
0
0
0
0
0
0
0
0
0
0
0
0
0
0
0
0
0
0
0
0
0
0
0
0
0
0
0
0
0
0
0
0
0
0
0
0
0
0
0
0
0
0
0
0
0
0
0
0
0
0
0
0
0
0
0
0
0
0
0
0
0
0
0
0
0
0
0
0
0
0
0
0
0
0
0
0
0
0
0
0
0
0
0
0
0
0
0
0
0
0
0
0
0
0
0
0
0
0
0
0
0
0
0
0
0
0
0
0
0
0
0
0
0
0
0
0
0
0
0
0
0
0
0
0
0
0
0
0
0
0
0
0
0
0
0
0
0
0
0
0
0
0
0
0
0
0
0
0
0
0
0
0
0
0
0
0
0
0
0
0
0
0
0
0
0
0
0
0
0
0
0
0
0
0
0
0
0
0
0
0
0
0
0
0
0
0
0
0
0
0
0
0
0
0
0
0
0
0
0
0
0
0
0
0
0
0
0
0
0
0
0
0
0
0
0
0
0
0
0
0
0
0
0
0
0
0
0
0
0
0
20
20
20
20
20
20
20
20
20
20
20
20
20
20
20
20
20
20
20
20
20
20
20
20
20
20
20
20
20
20
20
20
20
20
20
20
20
20
20
20
20
20
20
20
20
20
20
20
20
20
20
20
20
20
20
20
20
20
20
20
20
20
20
20
46
46
46
46
46
46
46
46
46
46
46
46
46
46
46
46
46
46
46
46
46
46
46
46
46
46
46
46
46
46
46
46
46
46
46
46
46
46
46
46
46
46
46
46
46
46
46
46
46
46
46
46
46
46
46
46
46
46
46
46
46
46
46
46
46
46
46
46
46
46
46
46
46
46
46
46
46
46
46
46
46
46
46
46
46
46
46
46
46
46
46
46
46
46
46
46
46
46
46
46
46
46
46
46
46
46
46
46
46
46
46
46
46
46
46
46
46
46
46
46
46
46
46
46
46
46
46
46
46
46
46
46
46
46
46
46
46
46
46
46
46
46
46
46
46
46
46
46
46
46
46
46
46
46
46
46
46
46
46
46
46
46
46
46
46
46
46
46
46
46
46
46
46
46
46
46
46
46
46
46
46
46
46
46
46
46
46
46
46
46
46
46
46
46
46
46
46
46
46
46
46
46
46
46
46
46
46
46
46
46
46
46
46
46
46
46
46
46
46
46
46
46
46
46
46
46
46
46
46
46
46
46
46
46
46
46
46
46
46
46
46
46
46
46
46
46
46
46
46
46
46
46
46
46
46
46
46
46
46
46
46
46
46
46
46
46
46
46
46
46
46
46
46
46
46
46
46
46
46
46
46
46
46
46
46
46
46
46
20
20
20
20
20
20
20
20
20
20
20
20
20
20
20
20
20
20
20
20
20
20
20
20
20
20
20
20
20
20
20
20
20
20
20
20
20
20
20
20
20
20
20
20
20
20
20
20
20
20
20
20
20
20
20
20
20
20
20
20
20
20
20
20
46
46
46
46
46
46
46
46
46
46
46
46
46
46
46
46
46
46
46
46
46
46
46
46
46
46
46
46
46
46
46
46
46
46
46
46
46
46
46
46
46
46
46
46
46
46
46
46
46
46
46
46
46
46
46
46
46
46
46
46
46
46
46
46
46
46
46
46
46
46
46
46
46
46
46
46
46
46
46
46
46
46
46
46
46
46
46
46
46
46
46
46
46
46
46
46
46
46
46
46
46
46
46
46
46
46
46
46
46
46
46
46
46
46
46
46
46
46
46
46
46
46
46
46
46
46
46
46
46
46
46
46
46
46
46
46
46
46
46
46
46
46
46
46
46
46
46
46
46
46
46
46
46
46
46
46
46
46
46
46
46
46
46
46
46
46
46
46
46
46
46
46
46
46
46
46
46
46
46
46
46
46
46
46
46
46
46
46
46
46
46
46
46
46
46
46
46
46
46
46
46
46
46
46
46
46
46
46
46
46
46
46
46
46
46
46
46
46
46
46
46
46
46
46
46
46
46
46
46
46
46
46
46
46
46
46
46
46
46
46
46
46
46
46
46
46
46
46
46
46
46
46
46
46
46
46
46
46
46
46
46
46
46
46
46
46
46
46
46
46
46
46
46
46
46
46
46
46
46
46
46
46
46
46
46
46
46
46
20
20
20
20
20
20
20
20
20
20
20
20
20
20
20
20
20
20
20
20
20
20
20
20
20
20
20
20
20
20
20
20
20
20
20
20
20
20
20
20
20
20
20
20
20
20
20
20
20
20
20
20
20
20
20
20
20
20
20
20
20
20
20
20
46
46
46
46
46
46
46
46
46
46
46
46
46
46
46
46
46
46
46
46
46
46
46
46
46
46
46
46
46
46
46
46
46
46
46
46
46
46
46
46
46
46
46
46
46
46
46
46
46
46
46
46
46
46
46
46
46
46
46
46
46
46
46
46
46
46
46
46
46
46
46
46
46
46
46
46
46
46
46
46
46
46
46
46
46
46
46
46
46
46
46
46
46
46
46
46
46
46
46
46
46
46
46
46
46
46
46
46
46
46
46
46
46
46
46
46
46
46
46
46
46
46
46
46
46
46
46
46
46
46
46
46
46
46
46
46
46
46
46
46
46
46
46
46
46
46
46
46
46
46
46
46
46
46
46
46
46
46
46
46
46
46
46
46
46
46
46
46
46
46
46
46
46
46
46
46
46
46
46
46
46
46
46
46
46
46
46
46
46
46
46
46
46
46
46
46
46
46
46
46
46
46
46
46
46
46
46
46
46
46
46
46
46
46
46
46
46
46
46
46
46
46
46
46
27
27
27
27
27
27
27
27
27
27
27
27
27
27
27
27
27
27
27
27
27
27
27
27
27
27
27
27
27
27
27
27
27
27
27
27
27
27
27
27
27
27
27
27
27
27
27
27
27
27
27
27
27
27
27
27
27
27
27
27
27
27
27
27
20
20
20
20
20
20
20
20
20
20
20
20
20
20
20
20
20
20
20
20
20
20
20
20
20
20
20
20
20
20
20
20
20
20
20
20
20
20
20
20
20
20
20
20
20
20
20
20
20
20
20
20
20
20
20
20
20
20
20
20
20
20
20
20
20
20
20
20
20
20
20
20
20
20
20
20
20
20
20
20
20
20
20
20
20
20
20
20
20
20
20
20
20
20
20
20
20
20
20
20
20
20
20
20
20
20
20
20
20
20
20
20
20
20
20
20
20
20
20
20
20
20
20
20
20
20
20
20
20
20
20
20
20
20
20
20
20
20
20
20
20
20
20
20
20
20
20
20
20
20
20
20
20
20
20
20
20
20
20
20
20
20
20
20
20
20
20
20
20
20
20
20
20
20
20
20
20
20
20
20
20
20
20
20
20
20
20
20
20
20
20
20
20
20
20
20
20
20
20
20
20
20
20
20
20
20
20
20
20
20
20
20
20
20
20
20
20
20
20
20
20
20
20
20
46
46
46
46
46
46
46
46
46
46
46
46
46
46
46
46
46
46
46
46
46
46
46
46
46
46
46
46
46
46
46
46
46
46
46
46
46
46
46
46
46
46
46
46
46
46
46
46
46
46
46
46
46
46
46
46
46
46
46
46
46
46
46
46
46
46
46
46
46
46
46
46
46
46
46
46
46
46
46
46
46
46
46
46
46
46
46
46
46
46
46
46
46
46
46
46
46
46
46
46
46
46
46
46
46
46
46
46
46
46
46
46
46
46
46
46
46
46
46
46
46
46
46
46
46
46
46
46
20
20
20
20
20
20
20
20
20
20
20
20
20
20
20
20
20
20
20
20
20
20
20
20
20
20
20
20
20
20
20
20
46
46
46
46
46
46
46
46
46
46
46
46
46
46
46
46
46
46
46
46
46
46
46
46
46
46
46
46
46
46
46
46
46
46
46
46
46
46
46
46
46
46
46
46
46
46
46
46
46
46
46
46
46
46
46
46
46
46
46
46
46
46
46
46
46
46
46
46
46
46
46
46
46
46
46
46
46
46
46
46
46
46
46
46
46
46
46
46
46
46
46
46
46
46
46
46
46
46
46
46
46
46
46
46
46
46
46
46
46
46
46
46
46
46
46
46
46
46
46
46
46
46
46
46
46
46
46
46
46
46
46
46
46
46
46
46
46
46
46
46
46
46
46
46
46
46
46
46
46
46
46
46
46
46
46
46
46
46
46
46
46
46
46
46
46
46
46
46
46
46
46
46
46
46
46
46
46
46
46
46
46
46
46
46
46
46
46
46
46
46
46
46
46
46
46
46
46
46
46
46
46
46
46
46
46
46
46
46
46
46
46
46
46
46
46
46
46
46
46
46
46
46
46
46
46
46
46
46
46
46
46
46
46
46
46
46
46
46
46
46
46
46
46
46
46
46
46
46
46
46
46
46
46
46
46
46
27
27
27
27
27
27
27
27
27
27
27
27
27
27
27
27
27
27
27
27
27
27
27
27
27
27
27
27
27
27
27
27
27
27
27
27
27
27
27
27
27
27
27
27
27
27
27
27
27
27
27
27
27
27
27
27
27
27
27
27
27
27
27
27
27
27
27
27
27
27
27
27
27
27
27
27
27
27
27
27
27
27
27
27
27
27
27
27
27
27
27
27
27
27
27
27
27
27
27
27
27
27
27
27
27
27
27
27
27
27
27
27
27
27
27
27
27
27
27
27
27
27
27
27
27
27
27
27
27
27
27
27
27
27
27
27
27
27
27
27
27
27
27
27
27
27
27
27
27
27
27
27
27
27
27
27
27
27
27
27
27
27
27
27
27
27
27
27
27
27
27
27
27
27
27
27
27
27
27
27
27
27
27
27
27
27
27
27
27
27
27
27
27
27
27
27
27
27
27
27
27
27
27
27
27
27
27
27
27
27
27
27
27
27
27
27
27
27
27
27
27
27
27
27
46
46
46
46
46
46
46
46
46
46
46
46
46
46
46
46
46
46
46
46
46
46
46
46
46
46
46
46
46
46
46
46
46
46
46
46
46
46
46
46
46
46
46
46
46
46
46
46
46
46
46
46
46
46
46
46
46
46
46
46
46
46
46
46
46
46
46
46
46
46
46
46
46
46
46
46
46
46
46
46
46
46
46
46
46
46
46
46
46
46
46
46
46
46
46
46
46
46
46
46
46
46
46
46
46
46
46
46
46
46
46
46
46
46
46
46
46
46
46
46
46
46
46
46
46
46
46
46
46
46
46
46
46
46
46
46
46
46
46
46
46
46
46
46
46
46
46
46
46
46
46
46
46
46
46
46
46
46
46
46
20
20
20
20
20
20
20
20
20
20
20
20
20
20
20
20
20
20
20
20
20
20
20
20
20
20
20
20
20
20
20
20
46
46
46
46
46
46
46
46
46
46
46
46
46
46
46
46
46
46
46
46
46
46
46
46
46
46
46
46
46
46
46
46
46
46
46
46
46
46
46
46
46
46
46
46
46
46
46
46
46
46
46
46
46
46
46
46
46
46
46
46
46
46
46
46
46
46
46
46
46
46
46
46
46
46
46
46
46
46
46
46
46
46
46
46
46
46
46
46
46
46
46
46
46
46
46
46
46
46
46
46
46
46
46
46
46
46
46
46
46
46
46
46
46
46
46
46
46
46
46
46
46
46
46
46
46
46
46
46
46
46
46
46
46
46
46
46
46
46
46
46
46
46
46
46
46
46
46
46
46
46
46
46
46
46
46
46
46
46
46
46
46
46
46
46
46
46
46
46
46
46
46
46
46
46
46
46
46
46
46
46
46
46
46
46
46
46
46
46
46
46
46
46
46
46
46
46
46
46
46
46
46
46
46
46
46
46
46
46
46
46
46
46
46
46
46
46
46
46
46
46
46
46
46
46
46
46
46
46
46
46
46
46
46
46
46
46
46
46
46
46
46
46
46
46
46
46
46
46
46
46
46
46
46
46
46
46
46
46
46
46
46
46
46
46
46
46
46
46
46
46
46
46
46
46
46
46
46
46
46
46
46
46
46
46
46
46
46
46
46
46
46
46
46
46
46
46
46
46
46
46
46
46
46
46
46
46
46
46
46
46
46
46
46
46
46
46
46
46
46
46
46
46
46
46
46
46
46
46
46
46
46
46
46
46
46
46
46
46
46
46
46
46
46
46
46
46
46
46
46
46
46
46
46
46
46
46
46
46
46
46
46
46
46
46
46
46
46
46
46
46
46
46
46
46
46
46
46
46
46
46
46
46
46
46
46
46
46
46
46
46
46
46
46
46
46
46
46
46
46
46
46
46
46
46
46
46
46
46
46
46
46
46
46
46
46
46
46
46
46
46
46
46
46
46
46
46
46
46
46
46
46
46
46
46
46
46
46
46
46
46
46
46
46
46
46
46
46
46
46
46
46
46
46
46
46
46
46
46
46
46
46
46
46
46
46
46
46
46
46
46
46
46
46
46
46
46
46
46
46
46
46
46
46
46
46
46
46
46
46
46
46
46
46
46
46
46
46
46
46
46
46
46
46
46
46
46
46
46
46
46
46
46
46
46
46
46
46
46
46
46
46
46
46
46
46
46
46
46
46
46
46
46
46
46
46
46
46
46
46
46
46
46
46
46
46
46
46
46
46
46
46
46
46
46
46
46
46
46
46
46
46
46
46
46
46
46
46
46
46
46
46
46
46
46
46
46
46
46
46
46
46
46
46
46
46
46
46
46
46
46
46
46
46
46
46
46
46
46
46
46
46
46
46
46
46
46
46
46
46
46
46
46
46
46
46
46
46
46
46
46
46
46
46
46
46
46
46
46
46
46
46
46
46
46
46
46
46
46
46
46
20
20
20
20
20
20
20
20
20
20
20
20
20
20
20
20
20
20
20
20
20
20
20
20
20
20
20
20
20
20
20
20
20
20
20
20
20
20
20
20
20
20
20
20
20
20
20
20
20
20
20
20
20
20
20
20
20
20
20
20
20
20
20
20
46
46
46
46
46
46
46
46
46
46
46
46
46
46
46
46
46
46
46
46
46
46
46
46
46
46
46
46
46
46
46
46
46
46
46
46
46
46
46
46
46
46
46
46
46
46
46
46
46
46
46
46
46
46
46
46
46
46
46
46
46
46
46
46
46
46
46
46
46
46
46
46
46
46
46
46
46
46
46
46
46
46
46
46
46
46
46
46
46
46
46
46
46
46
46
46
46
46
46
46
46
46
46
46
46
46
46
46
46
46
46
46
46
46
46
46
46
46
46
46
46
46
46
46
46
46
46
46
46
46
46
46
46
46
46
46
46
46
46
46
46
46
46
46
46
46
46
46
46
46
46
46
46
46
46
46
46
46
46
46
46
46
46
46
46
46
46
46
46
46
46
46
46
46
46
46
46
46
46
46
46
46
46
46
46
46
46
46
46
46
46
46
46
46
46
46
46
46
46
46
46
46
46
46
46
46
46
46
46
46
46
46
46
46
46
46
46
46
46
46
46
46
46
46
46
46
46
46
46
46
46
46
46
46
46
46
46
46
46
46
46
46
46
46
46
46
46
46
46
46
46
46
46
46
46
46
46
46
46
46
46
46
46
46
46
46
46
46
46
46
46
46
46
46
46
46
46
46
46
46
46
46
46
46
46
46
46
46
46
46
46
46
46
46
46
46
46
46
46
46
46
46
46
46
46
46
46
46
46
46
46
46
46
46
46
46
46
46
46
46
46
46
46
46
46
46
46
46
46
46
46
46
46
46
46
46
46
46
46
46
46
46
46
46
46
46
46
46
46
46
46
46
46
46
46
46
46
46
46
46
46
46
46
46
46
46
46
46
46
46
46
46
46
46
46
46
46
46
46
46
46
46
46
46
46
46
46
46
46
46
46
46
46
46
46
46
46
46
46
46
46
46
46
46
46
46
46
46
46
46
46
46
46
46
46
46
46
46
46
46
46
46
46
46
46
46
46
46
46
46
46
46
46
46
46
46
46
46
46
46
46
46
46
46
46
46
46
46
46
46
46
46
46
46
46
46
46
46
46
46
46
46
46
46
46
46
46
46
46
46
46
46
46
46
46
46
46
46
46
46
46
46
46
46
46
46
46
46
46
46
46
46
46
46
46
46
46
46
46
46
46
46
46
46
46
46
46
46
46
46
46
46
46
46
46
46
46
46
46
46
46
46
46
46
46
46
46
46
46
46
46
46
46
46
46
46
46
46
46
46
46
46
46
46
46
46
46
46
46
46
46
46
46
46
46
46
46
46
46
46
46
46
46
46
46
46
46
46
46
46
46
46
46
46
46
46
46
46
46
46
46
46
46
46
46
46
46
46
46
46
46
46
46
46
46
46
46
46
46
46
46
46
46
46
46
46
46
46
46
46
46
46
46
46
46
46
46
46
46
46
46
46
46
46
46
46
46
46
46
46
46
46
46
46
46
46
46
46
46
46
20
20
20
20
20
20
20
20
20
20
20
20
20
20
20
20
20
20
20
20
20
20
20
20
20
20
20
20
20
20
20
20
20
20
20
20
20
20
20
20
20
20
20
20
20
20
20
20
20
20
20
20
20
20
20
20
20
20
20
20
20
20
20
20
20
20
20
20
20
20
20
20
20
20
20
20
20
20
20
20
20
20
20
20
20
20
20
20
20
20
20
20
20
20
20
20
46
46
46
46
46
46
46
46
46
46
46
46
46
46
46
46
46
46
46
46
46
46
46
46
46
46
46
46
46
46
46
46
46
46
46
46
46
46
46
46
46
46
46
46
46
46
46
46
46
46
46
46
46
46
46
46
46
46
46
46
46
46
46
46
46
46
46
46
46
46
46
46
46
46
46
46
46
46
46
46
46
46
46
46
46
46
46
46
46
46
46
46
46
46
46
46
46
46
46
46
46
46
46
46
46
46
46
46
46
46
46
46
46
46
46
46
46
46
46
46
46
46
46
46
46
46
46
46
46
46
46
46
46
46
46
46
46
46
46
46
46
46
46
46
46
46
46
46
46
46
46
46
46
46
46
46
46
46
46
46
46
46
46
46
46
46
46
46
46
46
46
46
46
46
46
46
46
46
46
46
46
46
46
46
46
46
46
46
46
46
46
46
46
46
46
46
46
46
46
46
46
46
46
46
46
46
46
46
46
46
46
46
46
46
46
46
46
46
46
46
46
46
46
46
46
46
46
46
46
46
46
46
46
46
46
46
46
46
46
46
46
46
46
46
46
46
46
46
46
46
46
46
46
46
46
46
46
46
46
46
46
46
46
46
46
46
46
46
46
46
46
46
46
46
46
46
46
46
46
46
46
46
46
46
46
46
46
46
0
0
0
0
0
0
0
0
0
0
0
0
0
0
0
0
0
0
0
0
0
0
0
0
0
0
0
0
0
0
0
0
0
0
0
0
0
0
0
0
0
0
0
0
0
0
0
0
0
0
0
0
0
0
0
0
0
0
0
0
0
0
0
0
0
0
0
0
1
0
0
0
0
0
1
0
0
0
1
0
0
0
0
0
1
0
0
0
0
0
1
0
0
0
1
0
19
19
19
19
0
19
19
19
19
19
0
19
19
19
0
19
19
19
19
19
0
19
19
19
19
19
0
19
19
19
0
19
0
0
0
0
0
0
0
0
0
0
0
0
0
0
0
0
0
0
0
0
0
0
0
0
0
0
0
0
0
0
0
0
0
0
0
0
0
0
0
0
0
0
0
0
0
0
0
0
0
0
0
0
0
0
0
0
0
0
0
0
0
0
0
0
0
0
0
0
0
0
0
0
0
0
0
0
0
0
0
0
0
0
0
0
0
0
0
0
0
0
0
0
0
0
0
0
0
0
0
0
0
0
0
0
0
0
0
0
0
0
0
0
0
0
0
0
0
0
0
0
0
0
0
0
0
0
0
0
0
0
0
0
5
0
0
0
0
0
3
0
0
0
3
0
0
0
0
0
3
0
0
0
0
0
2
0
0
0
3
0
0
0
0
0
0
0
0
0
0
0
0
0
0
0
0
0
0
0
0
0
0
0
0
0
0
0
0
0
0
0
0
0
0
0
0
0
0
0
0
0
0
0
0
0
0
0
0
0
0
0
0
0
0
0
0
0
0
0
0
0
0
0
0
0
0
0
0
0
0
0
0
0
0
0
0
0
0
0
0
0
0
0
0
0
0
0
0
0
0
0
0
0
0
0
0
0
0
0
0
0
0
0
0
0
0
0
0
0
0
0
0
0
0
0
0
0
0
0
0
0
0
0
0
0
0
0
0
0
0
0
0
0
0
0
0
0
0
0
0
0
0
0
0
0
0
0
0
0
0
0
0
0
0
0
0
0
0
0
0
0
0
0
0
0
0
0
0
0
0
0
0
0
0
0
0
0
0
0
0
0
0
0
0
0
0
0
0
0
0
0
0
0
0
0
0
0
0
0
0
0
0
0
0
0
0
0
0
0
0
0
0
0
0
0
0
0
0
0
0
0
0
0
0
0
0
0
0
0
0
0
0
0
0
0
0
0
0
0
0
0
0
0
0
0
0
0
0
0
0
0
0
0
0
0
0
0
0
0
0
0
0
0
0
0
0
0
0
0
0
0
0
0
0
0
0
0
0
0
0
0
0
0
0
0
0
0
0
0
0
0
0
0
0
0
0
0
0
0
0
0
0
0
0
0
0
0
0
0
0
0
0
0
0
0
0
0
0
0
0
0
0
0
0
0
0
0
0
0
0
0
0
0
0
0
0
0
0
0
0
0
0
0
0
0
0
0
0
0
0
0
0
0
0
0
0
0
0
0
0
0
0
0
0
0
0
0
0
0
0
0
0
0
0
0
0
0
0
0
0
0
0
0
0
0
0
0
0
0
0
0
0
0
0
0
0
0
0
0
0
0
0
0
0
0
0
0
0
0
0
0
0
0
0
0
0
0
0
0
0
0
0
0
0
0
0
0
0
0
0
0
0
0
0
0
0
0
0
0
0
0
0
0
0
0
0
0
0
0
0
0
0
0
0
0
0
0
0
0
0
0
0
0
0
0
0
0
0
0
0
0
0
0
0
0
0
0
0
0
0
0
0
0
0
0
0
0
0
0
0
0
0
0
0
0
0
0
0
0
0
0
0
0
0
0
0
0
0
0
0
0
0
0
0
0
0
0
0
0
0
0
0
0
0
0
0
0
0
0
0
0
0
0
0
0
0
0
0
0
0
0
0
0
0
0
6
6
6
6
6
6
6
6
6
6
6
6
6
6
6
6
6
6
6
6
6
6
6
6
6
6
6
6
6
6
6
6
0
0
0
0
0
0
0
0
0
0
0
0
0
0
0
0
0
0
0
0
0
0
0
0
0
0
0
0
0
0
0
0
6
6
6
6
6
6
6
6
6
6
6
6
6
6
6
6
6
6
6
6
6
6
6
6
6
6
6
6
6
6
6
6
0
0
0
0
0
0
0
0
0
0
0
0
0
0
0
0
0
0
0
0
0
0
0
0
0
0
0
0
0
0
0
0
6
6
6
6
6
6
6
6
6
6
6
6
6
6
6
6
6
6
6
6
6
6
6
6
6
6
6
6
6
6
6
6
0
0
0
0
0
0
0
0
0
0
0
0
0
0
0
0
0
0
0
0
0
0
0
0
0
0
0
0
0
0
0
0
6
6
6
6
6
6
6
6
6
6
6
6
6
6
6
6
6
6
6
6
6
6
6
6
6
6
6
6
6
6
6
6
0
0
0
0
0
0
0
0
0
0
0
0
0
0
0
0
0
0
0
0
0
0
0
0
0
0
0
0
0
0
0
0
6
6
6
6
6
6
6
6
6
6
6
6
6
6
6
6
6
6
6
6
6
6
6
6
6
6
6
6
6
6
6
6
0
0
0
0
0
0
0
0
0
0
0
0
0
0
0
0
0
0
0
0
0
0
0
0
0
0
0
0
0
0
0
0
6
6
6
6
6
6
6
6
6
6
6
6
6
6
6
6
6
6
6
6
6
6
6
6
6
6
6
6
6
6
6
6
0
0
0
0
0
0
0
0
0
0
0
0
0
0
0
0
0
0
0
0
0
0
0
0
0
0
0
0
0
0
0
0
0
0
0
0
0
0
0
0
0
0
0
0
0
0
0
0
0
0
0
0
0
0
0
0
0
0
0
0
0
0
0
0
0
0
0
0
0
0
0
0
0
0
0
0
0
0
0
0
0
0
0
0
0
0
0
0
0
0
0
0
0
0
0
0
6
6
6
6
6
6
6
6
6
6
6
6
6
6
6
6
6
6
6
6
6
6
6
6
6
6
6
6
6
6
6
6
0
0
0
0
0
0
0
0
0
0
0
0
0
0
0
0
0
0
0
0
0
0
0
0
0
0
0
0
0
0
0
0
6
6
6
6
6
6
6
6
6
6
6
6
6
6
6
6
6
6
6
6
6
6
6
6
6
6
6
6
6
6
6
6
0
0
0
0
0
0
0
0
0
0
0
0
0
0
0
0
0
0
0
0
0
0
0
0
0
0
0
0
0
0
0
0
6
6
6
6
6
6
6
6
6
6
6
6
6
6
6
6
6
6
6
6
6
6
6
6
6
6
6
6
6
6
6
6
0
0
0
0
0
0
0
0
0
0
0
0
0
0
0
0
0
0
0
0
0
0
0
0
0
0
0
0
0
0
0
0
6
6
6
6
6
6
6
6
6
6
6
6
6
6
6
6
6
6
6
6
6
6
6
6
6
6
6
6
6
6
6
6
0
0
0
0
0
0
0
0
0
0
0
0
0
0
0
0
0
0
0
0
0
0
0
0
0
0
0
0
0
0
0
0
6
6
6
6
6
6
6
6
6
6
6
6
6
6
6
6
6
6
6
6
6
6
6
6
6
6
6
6
6
6
6
6
0
0
0
0
0
0
0
0
0
0
0
0
0
0
0
0
0
0
0
0
0
0
0
0
0
0
0
0
0
0
0
0
6
6
6
6
6
6
6
6
6
6
6
6
6
6
6
6
6
6
6
6
6
6
6
6
6
6
6
6
6
6
6
6
0
0
0
0
0
0
0
0
0
0
0
0
0
0
0
0
0
0
0
0
0
0
0
0
0
0
0
0
0
0
0
0
0
0
0
0
0
0
0
0
0
0
0
0
0
0
0
0
0
0
0
0
0
0
0
0
0
0
0
0
0
0
0
0
0
0
0
0
0
0
0
0
0
0
0
0
0
0
0
0
0
0
0
0
0
0
0
0
0
0
0
0
0
0
0
0
