%pattern_data
4
4
4
0
1
32
-47
0
52
68
0
1
0
0
0
3
10
99
0
0
0
0
0
0
0
0
0
31
-1
-1
0
0
0
50
0
0
64
105
20
0
0
0
1
1
0
0
0
0
0
0
0
0
0
1
1
72
4
0
0
2
1
0
1
106
1
0
1
106
1
0
1
106
1
0
1
106
1
0
1
106
1
0
1
106
1
0
1
106
1
0
1
106
1
0
1
106
1
0
1
106
1
0
1
106
1
0
1
106
1
0
1
106
1
0
1
106
1
0
1
106
1
0
1
106
-47
-47
-47
0
-47
-47
-47
0
-47
-47
-47
0
-47
-47
-47
0
-47
-47
-47
0
-47
-47
-47
0
-47
-47
-47
0
-47
-47
-47
0
0
0
0
0
0
0
0
0
0
0
0
0
0
0
0
0
0
0
0
0
0
0
0
0
0
0
0
0
0
0
0
0
0
0
0
0
0
0
0
0
0
0
0
0
0
0
0
0
0
0
0
0
0
0
0
0
0
0
0
0
0
0
0
0
0
0
0
0
0
0
0
0
0
0
0
0
0
0
0
0
0
0
0
0
0
0
0
0
0
0
0
0
0
0
0
0
0
0
0
0
0
0
0
0
0
0
0
0
0
0
0
0
0
0
0
0
0
0
0
0
0
0
0
0
0
0
0
0
0
0
0
0
0
0
0
0
0
0
0
0
0
0
0
0
0
0
0
0
0
0
0
0
0
0
0
0
0
0
0
0
0
0
0
0
0
0
0
0
0
0
0
0
0
0
0
0
0
0
0
0
0
0
0
0
0
0
0
0
0
0
0
0
281338
576916
852925
1153855
1446349
1730771
2058594
2307687
2618186
2884626
3208458
3461542
3772540
4038458
4344943
4615374
4874671
5192313
5475782
5769229
6041565
6346145
6657959
6923084
7179728
7500000
7798050
8076916
8384331
8653855
8954059
9230771
4874671
5192313
5475782
5769229
6041565
6346145
6657959
6923084
7179728
7500000
7798050
8076916
8384331
8653855
8954059
9230771
281338
576916
852925
1153855
1446349
1730771
2058594
2307687
2618186
2884626
3208458
3461542
3772540
4038458
4344943
4615374
262925
576916
842245
1153855
1422290
1730771
2033197
2307687
2583900
2884626
3176553
3461542
3764082
4038458
4331406
4615374
4891383
5192313
5474535
5769229
6061338
6346145
6648549
6923084
4902383
7500000
7770816
8076916
8363515
8653855
8961769
9230771
4891383
5192313
5474535
5769229
6061338
6346145
6648549
6923084
7204032
7500000
7770816
8076916
8363515
8653855
8961769
9230771
262925
576916
842245
1153855
1422290
1730771
2033197
2307687
2583900
2884626
3176553
3461542
3764082
4038458
4331406
4615374
261247
576916
855011
1153855
1417392
1730771
2015125
2307687
2527415
2884626
3151769
3461542
3734785
4038458
4336667
4615374
4978413
5192313
5465941
5769229
6073787
6346145
6620385
6923084
7160907
7500000
7800227
8076916
8389297
8653855
8945692
9230771
4978413
5192313
5465941
5769229
6073787
6346145
6620385
6923084
7160907
7500000
7800227
8076916
8389297
8653855
8945692
9230771
261247
576916
855011
1153855
1417392
1730771
2015125
2307687
2527415
2884626
3151769
3461542
3734785
4038458
4336667
4615374
278617
576916
852086
1153855
1417143
1730771
2023492
2307687
2580272
2884626
3173447
3461542
3741837
4038458
4333311
4615374
4859456
5192313
5488912
5769229
6056508
6346145
6676644
6923084
7203311
7500000
7802336
8076916
8340272
8653855
8924127
9230771
4859456
5192313
5488912
5769229
6056508
6346145
6676644
6923084
7203311
7500000
7802336
8076916
8340272
8653855
8924127
9230771
278617
576916
852086
1153855
1417143
1730771
2023492
2307687
2580272
2884626
3173447
3461542
3741837
4038458
4333311
4615374
253016
576916
849501
1153855
2602222
1730771
2008753
2307687
253016
2884626
3166032
3461542
3744943
4038458
4322245
4615374
4889138
5192313
5469751
5769229
6058209
6346145
6628730
6923084
7248141
7500000
7776009
8076916
8316553
8653855
8927392
9230771
4889138
5192313
5469751
5769229
3755943
6346145
6628730
6923084
7248141
7500000
7776009
8076916
8316553
8653855
8927392
9230771
253016
576916
849501
1153855
1438571
1730771
2008753
2307687
2602222
2884626
3166032
3461542
3744943
4038458
4322245
4615374
267800
576916
865147
1153855
1432426
1730771
2005986
2307687
2564172
2884626
3158730
3461542
3748073
4038458
4329660
4615374
4868617
5192313
5482517
5769229
6064331
6346145
6646281
6923084
7167710
7500000
7783537
8076916
8359977
8653855
8939297
9230771
4868617
5192313
5482517
5769229
6064331
6346145
6646281
6923084
7167710
7500000
7783537
8076916
8359977
8653855
8939297
9230771
267800
576916
865147
1153855
1432426
1730771
2005986
2307687
2564172
2884626
3158730
3461542
3748073
4038458
4329660
4615374
307370
576916
865692
1153855
1419887
1730771
2018254
2307687
2562494
2884626
3164444
3461542
3757392
4038458
4344467
4615374
4886349
5192313
5488549
5769229
6069478
6346145
6645170
6923084
7176054
7500000
7779388
8076916
8364535
8653855
8947370
9230771
4886349
5192313
5488549
5769229
6069478
6346145
6645170
6923084
7176054
7500000
7779388
8076916
8364535
8653855
8947370
9230771
307370
576916
865692
1153855
1419887
1730771
2018254
2307687
2562494
2884626
3164444
3461542
3757392
4038458
4344467
4615374
278413
576916
874195
2307687
1440204
1730771
2034308
2307687
2611066
2884626
3171859
3461542
3753878
4038458
4334649
4615374
4866281
5192313
5473900
5769229
6063107
6346145
6665420
6923084
7220703
7500000
7788776
8076916
8389456
8653855
8942676
9230771
4866281
5192313
5473900
5769229
6063107
6346145
6665420
6923084
7220703
7500000
7788776
8076916
8389456
8653855
8942676
9230771
278413
576916
874195
2307687
1440204
1730771
2034308
2307687
2611066
2884626
3171859
3461542
3753878
4038458
4334649
4615374
0
0
0
0
0
0
0
0
0
0
0
0
0
0
0
0
0
0
0
0
0
0
0
0
0
0
0
0
0
0
0
0
0
0
0
0
0
0
0
0
0
0
0
0
0
0
0
0
0
0
0
0
0
0
0
0
0
0
0
0
0
0
0
0
0
0
0
0
0
0
0
0
0
0
0
0
0
0
0
0
0
0
0
0
0
0
0
0
0
0
0
0
0
0
0
0
0
0
0
0
0
0
0
0
0
0
0
0
0
0
0
0
0
0
0
0
0
0
0
0
0
0
0
0
0
0
0
0
0
0
0
0
0
0
0
0
0
0
0
0
0
0
0
0
0
0
0
0
0
0
0
0
0
0
0
0
0
0
0
0
0
0
0
0
0
0
0
0
0
0
0
0
0
0
0
0
0
0
0
0
0
0
0
0
0
0
0
0
0
0
0
0
0
0
0
0
0
0
0
0
0
0
0
0
0
0
0
0
0
0
0
0
0
0
0
0
0
0
0
0
0
0
0
0
0
0
0
0
0
0
0
0
0
0
0
0
0
0
0
0
0
0
0
0
0
0
0
0
0
0
0
0
0
0
0
0
0
0
0
0
0
0
0
0
0
0
0
0
0
0
0
0
0
0
0
0
0
0
0
0
0
0
0
0
0
0
0
0
0
0
0
0
0
0
0
0
0
0
0
0
0
0
0
0
0
0
0
0
0
0
0
0
0
0
0
0
0
0
0
0
0
0
0
0
0
0
0
0
0
0
0
0
0
0
0
0
0
0
0
0
0
0
0
0
0
0
0
0
0
0
0
0
0
0
0
0
0
0
0
0
0
0
0
0
0
0
0
0
0
0
0
0
0
0
0
0
0
0
0
0
0
0
0
0
0
0
0
0
0
0
0
0
0
0
0
0
0
0
0
0
0
0
0
0
0
0
0
0
0
0
0
0
0
0
0
0
0
0
0
0
0
0
0
0
0
0
0
0
0
0
0
0
0
0
0
0
0
0
0
0
0
0
0
0
0
0
0
0
0
0
0
0
0
0
0
0
0
0
0
0
0
0
0
0
0
0
0
0
0
0
0
0
0
0
0
0
0
0
0
0
0
0
0
0
0
0
0
0
0
0
0
0
0
0
0
0
0
0
0
0
0
0
0
0
0
0
0
0
0
0
0
0
0
0
0
0
0
0
0
0
0
0
0
0
0
0
0
0
0
0
0
0
0
0
0
0
0
0
0
0
0
0
0
0
0
0
0
0
0
0
0
0
0
0
0
0
0
0
0
0
0
0
0
0
0
0
0
0
0
0
0
0
0
0
0
0
0
0
0
0
0
0
0
0
0
0
0
0
0
0
0
0
0
0
0
0
0
0
0
0
0
0
0
0
0
0
0
0
0
0
0
0
0
0
0
0
0
0
0
0
0
0
0
0
0
0
0
0
0
0
0
0
0
0
0
0
0
0
0
0
0
0
0
0
0
0
0
0
0
0
0
0
0
0
0
0
0
0
0
0
0
0
0
0
0
0
0
0
0
0
0
0
0
0
0
0
0
0
0
0
0
0
0
0
0
0
0
0
0
0
0
0
0
0
0
0
0
0
0
0
0
0
0
0
0
0
0
0
0
0
0
0
0
0
0
0
0
0
0
0
0
0
0
0
0
0
0
0
0
0
0
0
0
0
0
0
0
0
0
0
0
0
0
0
0
0
0
0
0
0
0
0
0
0
0
0
0
0
0
0
0
0
0
0
0
0
0
0
243810
441179
658299
882358
2867937
1323537
1569274
1764717
1958367
2205873
2439705
2647052
2867937
3088231
3324218
3529410
3722925
3970590
4194172
4411769
4643107
4852948
5068934
5294127
5553719
5735283
5972426
6176463
6379660
6617642
6848367
7058821
3722925
3970590
4194172
4411769
4643107
4852948
5068934
5294127
5553719
5735283
5972426
6176463
6379660
6617642
6848367
7058821
243810
441179
658299
882358
2867937
1323537
1569274
1764717
1958367
2205873
2439705
2647052
2867937
3088231
3324218
3529410
200068
441179
651519
882358
1085624
1323537
1582630
1764717
1968005
2205873
2437029
2647052
2868186
3088231
3342086
3529410
3731315
3970590
4201927
4411769
4646122
4852948
5108367
5294127
5507075
5735283
5971270
6176463
6393651
6617642
6853424
7058821
3731315
3970590
4201927
4411769
4646122
4852948
5108367
5294127
5507075
5735283
5971270
6176463
6393651
6617642
6853424
7058821
200068
441179
651519
882358
1085624
1323537
1582630
1764717
1968005
2205873
2437029
2647052
2868186
3088231
3342086
3529410
164240
441179
665374
882358
1104467
1323537
1584807
1764717
1973900
2205873
2428481
2647052
2866757
3088231
3316100
3529410
3765873
3970590
4191882
4411769
4637120
4852948
5084172
5294127
5552336
5735283
5974036
6176463
6398390
6617642
6858186
7058821
3765873
3970590
4191882
4411769
4637120
4852948
5084172
5294127
5552336
5735283
5974036
6176463
6398390
6617642
6858186
7058821
164240
441179
665374
882358
1104467
1323537
1584807
1764717
1973900
2205873
2428481
2647052
2866757
3088231
3316100
3529410
256757
441179
656712
882358
1105692
1323537
1555011
1764717
1978707
2205873
2432063
2647052
2872132
3088231
3313923
3529410
3733107
3970590
4179728
4411769
4609002
4852948
5091859
5294127
5510499
5735283
5974059
6176463
6395737
6617642
6844467
7058821
3733107
3970590
4179728
4411769
4609002
4852948
5091859
5294127
5510499
5735283
5974059
6176463
6395737
6617642
6844467
7058821
256757
441179
656712
882358
1105692
1323537
1555011
1764717
1978707
2205873
2432063
2647052
2872132
3088231
3313923
3529410
201156
441179
648163
882358
1112449
1323537
1556780
1764717
1975714
2205873
2434535
2647052
2858753
3088231
3305306
3529410
3728549
3970590
4195805
4411769
4638118
4852948
5085465
5294127
5500567
5735283
5947574
6176463
6417891
6617642
6837279
7058821
3728549
3970590
4195805
4411769
4638118
4852948
5085465
5294127
5500567
5735283
5947574
6176463
6417891
6617642
6837279
7058821
201156
441179
648163
882358
1112449
1323537
1556780
1764717
1975714
2205873
2434535
2647052
2858753
3088231
3305306
3529410
222132
441179
654172
882358
1096916
1323537
1560567
1764717
1967619
2205873
2431315
2647052
2869478
3088231
3321202
3529410
3783946
3970590
4194059
4411769
4626395
4852948
5095170
5294127
5550748
5735283
5972880
6176463
6396236
6617642
6851474
7058821
3783946
3970590
4194059
4411769
4626395
4852948
5095170
5294127
5550748
5735283
5972880
6176463
6396236
6617642
6851474
7058821
222132
441179
654172
882358
1096916
1323537
1560567
1764717
1967619
2205873
2431315
2647052
2869478
3088231
3321202
3529410
181066
441179
653492
882358
1093152
1323537
1564580
1764717
1956281
2205873
2454444
2647052
2855261
3088231
3321020
3529410
3750544
3970590
4209569
4411769
4617098
4852948
5091361
5294127
5498798
5735283
5983469
6176463
6372676
6617642
6864921
7058821
3750544
3970590
4209569
4411769
4617098
4852948
5091361
5294127
5498798
5735283
5983469
6176463
6372676
6617642
6864921
7058821
181066
441179
653492
882358
1093152
1323537
1564580
1764717
1956281
2205873
2454444
2647052
2855261
3088231
3321020
3529410
216100
441179
652063
882358
1095896
1323537
1546803
1764717
1946281
2205873
2437052
2647052
2880612
3088231
3339184
3529410
3728526
3970590
4206417
4411769
4637619
4852948
5109342
5294127
5500862
5735283
5958844
6176463
6404785
6617642
6851587
7058821
3728526
3970590
4206417
4411769
4637619
4852948
5109342
5294127
5500862
5735283
5958844
6176463
6404785
6617642
6851587
7058821
216100
441179
652063
882358
1095896
1323537
1546803
1764717
1946281
2205873
2437052
2647052
2880612
3088231
3339184
3529410
0
0
0
0
0
0
0
0
0
0
0
0
0
0
0
0
0
0
0
0
0
0
0
0
0
0
0
0
0
0
0
0
0
0
0
0
0
0
0
0
0
0
0
0
0
0
0
0
0
0
0
0
0
0
0
0
0
0
0
0
0
0
0
0
0
0
0
0
0
0
0
0
0
0
0
0
0
0
0
0
0
0
0
0
0
0
0
0
0
0
0
0
0
0
0
0
0
0
0
0
0
0
0
0
0
0
0
0
0
0
0
0
0
0
0
0
0
0
0
0
0
0
0
0
0
0
0
0
0
0
0
0
0
0
0
0
0
0
0
0
0
0
0
0
0
0
0
0
0
0
0
0
0
0
0
0
0
0
0
0
0
0
0
0
0
0
0
0
0
0
0
0
0
0
0
0
0
0
0
0
0
0
0
0
0
0
0
0
0
0
0
0
0
0
0
0
0
0
0
0
0
0
0
0
0
0
0
0
0
0
0
0
0
0
0
0
0
0
0
0
0
0
0
0
0
0
0
0
0
0
0
0
0
0
0
0
0
0
0
0
0
0
0
0
0
0
0
0
0
0
0
0
0
0
0
0
0
0
0
0
0
0
0
0
0
0
0
0
0
0
0
0
0
0
0
0
0
0
0
0
0
0
0
0
0
0
0
0
0
0
0
0
0
0
0
0
0
0
0
0
0
0
0
0
0
0
0
0
0
0
0
0
0
0
0
0
0
0
0
0
0
0
0
0
0
0
0
0
0
0
0
0
0
0
0
0
0
0
0
0
0
0
0
0
0
0
0
0
0
0
0
0
0
0
0
0
0
0
0
0
0
0
0
0
0
0
0
0
0
0
0
0
0
0
0
0
0
0
0
0
0
0
0
0
0
0
0
0
0
0
0
0
0
0
0
0
0
0
0
0
0
0
0
0
0
0
0
0
0
0
0
0
0
0
0
0
0
0
0
0
0
0
0
0
0
0
0
0
0
0
0
0
0
0
0
0
0
0
0
0
0
0
0
0
0
0
0
0
0
0
0
0
0
0
0
0
0
0
0
0
0
0
0
0
0
0
0
0
0
0
0
0
0
0
0
0
0
0
0
0
0
0
0
0
0
0
0
0
0
0
0
0
0
0
0
0
0
0
0
0
0
0
0
0
0
0
0
0
0
0
0
0
0
0
0
0
0
0
0
0
0
0
0
0
0
0
0
0
0
0
0
0
0
0
0
0
0
0
0
0
0
0
0
0
0
0
0
0
0
0
0
0
0
0
0
0
0
0
0
0
0
0
0
0
0
0
0
0
0
0
0
0
0
0
0
0
0
0
0
0
0
0
0
0
0
0
0
0
0
0
0
0
0
0
0
0
0
0
0
0
0
0
0
0
0
0
0
0
0
0
0
0
0
0
0
0
0
0
0
0
0
0
0
0
0
0
0
0
0
0
0
0
0
0
0
0
0
0
0
0
0
0
0
0
0
0
0
0
0
0
0
0
0
0
0
0
0
0
0
0
0
0
0
0
0
0
0
0
0
0
0
0
0
0
0
0
0
0
0
0
0
0
0
0
0
0
0
0
0
0
0
0
0
0
0
0
0
0
0
0
0
0
0
0
0
0
0
0
0
0
0
0
0
0
0
0
0
0
0
0
0
0
0
0
0
0
0
0
0
0
0
0
0
0
0
0
0
0
0
0
0
0
0
0
0
0
0
0
0
0
0
0
0
0
0
0
0
0
0
0
0
0
0
0
0
0
0
0
53
4
1082
1
419
2
1008
2
115
4
890
1
132
2
829
1
43
3
697
1
33
2
722
1
25
3
672
1
248
2
1036
2
43
28
697
0
33
0
722
0
25
0
672
0
248
0
1036
0
53
0
1082
0
419
0
1008
0
115
0
890
0
132
0
829
0
78
3
1831
1
106
2
1020
1
48
4
1435
1
151
2
949
0
67
4
1118
0
120
1
1130
0
63
2
1413
1
281
2
1368
1
67
329
1118
0
120
0
1130
0
27
0
1413
0
281
0
1368
0
78
0
1831
0
106
0
1020
0
48
0
1435
0
151
0
949
0
13
2
1987
5
115
2
3379
3
7
1
2209
3
7
2
2344
1
2
1
2468
3
226
1
3499
3
13
1
2672
2
23
2
1792
2
2
172
2468
0
226
0
3499
0
13
0
2672
0
23
0
1792
0
13
0
1987
0
115
0
3379
0
7
0
2209
0
7
0
2344
0
169
7
2829
13
235
1
3421
9
53
2
3041
12
113
4
2035
3
88
3
2903
14
333
2
2754
4
63
4
2831
2
204
2
2969
2
88
982
2903
0
333
0
2754
0
63
0
2831
0
204
0
2969
0
169
0
2829
0
235
0
3421
0
53
0
3041
0
113
0
2035
0
31
2
3329
1
65
2
3859
1
31
1
3398
1
251
1
3162
1
9
1
3691
1
117
1
3866
1
24
2
3462
1
14
1
3740
1
9
328
3691
0
272
0
3866
0
24
0
3462
0
14
0
3740
0
31
0
3329
0
158
0
3859
0
65
0
3398
0
251
0
3162
0
50
3
3853
1
240
1
3715
1
9
1
3787
1
622
2
4026
1
5
1
3640
1
481
2
3432
1
25
1
3411
1
58
1
3388
1
5
17955
3640
0
481
0
3432
0
25
0
3411
0
58
0
3388
0
50
0
3853
0
240
0
3715
0
9
0
3787
0
622
0
4026
0
23
2
3548
1
159
1
4485
1
33
1
5895
2
128
2
3553
1
35
2
3766
1
207
1
4969
1
56
3
4825
1
190
2
4033
1
35
367
3766
0
207
0
4969
0
56
0
4825
0
190
0
4033
0
23
0
3548
0
159
0
4485
0
33
0
5895
0
128
0
3553
0
91
1
5811
2
220
2
5972
2
303
2
6037
2
211
1
6200
2
43
2
4669
2
181
1
4588
2
26
2
4014
1
230
1
4023
2
43
3438
4669
0
181
0
4588
0
26
0
4014
0
230
0
4023
0
91
0
5811
0
220
0
5972
0
303
0
6037
0
211
0
6200
0
0
0
0
0
0
0
0
0
0
0
0
0
0
0
0
0
0
0
0
0
0
0
0
0
0
0
0
0
0
0
0
0
0
0
0
0
0
0
0
0
0
0
0
0
0
0
0
0
0
0
0
0
0
0
0
0
0
0
0
0
0
0
0
0
0
0
0
0
0
0
0
0
0
0
0
0
0
0
0
0
0
0
0
0
0
0
0
0
0
0
0
0
0
0
0
0
0
0
0
0
0
0
0
0
0
0
0
0
0
0
0
0
0
0
0
0
0
0
0
0
0
0
0
0
0
0
0
0
0
0
0
0
0
0
0
0
0
0
0
0
0
0
0
0
0
0
0
0
0
0
0
0
0
0
0
0
0
0
0
0
0
0
0
0
0
0
0
0
0
0
0
0
0
0
0
0
0
0
0
0
0
0
0
0
0
0
0
0
0
0
0
0
0
0
0
0
0
0
0
0
0
0
0
0
0
0
0
0
0
0
0
0
0
0
0
0
0
0
0
0
0
0
0
0
0
0
0
0
0
0
0
0
0
0
0
0
0
0
0
0
0
0
0
0
0
0
0
0
0
0
0
0
0
0
0
0
0
0
0
0
0
0
0
0
0
0
0
0
0
0
0
0
0
0
0
0
0
0
0
0
0
0
0
0
0
0
0
0
0
0
0
0
0
0
0
0
0
0
0
0
0
0
0
0
0
0
0
0
0
0
0
0
0
0
0
0
0
0
0
0
0
0
0
0
0
0
0
0
0
0
0
0
0
0
0
0
0
0
0
0
0
0
0
0
0
0
0
0
0
0
0
0
0
0
0
0
0
0
0
0
0
0
0
0
0
0
0
0
0
0
0
0
0
0
0
0
0
0
0
0
0
0
0
0
0
0
0
0
0
0
0
0
0
0
0
0
0
0
0
0
0
0
0
0
0
0
0
0
0
0
0
0
0
0
0
0
0
0
0
0
0
0
0
0
0
0
0
0
0
0
0
0
0
0
0
0
0
0
0
0
0
0
0
0
0
0
0
0
0
0
0
0
0
0
0
0
0
0
0
0
0
0
0
0
0
0
0
0
0
0
0
0
0
0
0
0
0
0
0
0
0
0
0
0
0
0
0
0
0
0
0
0
0
0
0
0
0
0
0
0
0
0
0
0
0
0
0
0
0
0
0
0
0
0
0
0
0
0
0
0
0
0
0
0
0
0
0
0
0
0
0
0
0
0
0
0
0
0
0
0
0
0
0
0
0
0
0
0
0
0
0
0
0
0
0
0
0
0
0
0
0
0
0
0
0
0
0
0
0
0
0
0
0
0
0
0
0
0
0
0
0
0
0
0
0
0
0
0
0
0
0
0
0
0
0
0
0
0
0
0
0
0
0
0
0
0
0
0
0
0
0
0
0
0
0
0
0
0
0
0
0
0
0
0
0
0
0
0
0
0
0
0
0
0
0
0
0
0
0
0
0
0
0
0
0
0
0
0
0
0
0
0
0
0
0
0
0
0
0
0
0
0
0
0
0
0
0
0
0
0
0
0
0
0
0
0
0
0
0
0
0
0
0
0
0
0
0
0
0
0
0
0
0
0
0
0
0
0
0
0
0
0
0
0
0
0
0
0
0
0
0
0
0
0
0
0
0
0
0
0
0
0
0
0
0
0
0
0
0
0
0
0
0
0
0
0
0
0
0
0
0
0
0
0
0
0
0
0
0
0
0
0
0
0
0
0
0
0
0
0
0
0
0
0
0
0
0
0
73
3
2353
2
211
2
2535
3
31
4
2372
2
211
1
2276
5
12
3
1856
3
145
2
2749
2
13
3
1866
3
45
5
1881
2
12
50
1856
0
145
0
2749
0
13
0
1866
0
45
0
1881
0
73
0
2353
0
211
0
2535
0
31
0
2372
0
211
0
2276
0
73
8
1193
2
447
6
1597
6
77
8
1227
1
427
11
1469
31
77
9
1657
1
30
6
1442
6
81
10
1412
6
339
3
1701
7
77
276
1657
0
30
0
1442
0
81
0
1412
0
339
0
1701
0
73
0
1193
0
447
0
1597
0
77
0
1227
0
427
0
1469
0
22
3
1711
1
331
3
2214
3
16
4
2139
2
181
2
1647
1
38
4
1790
2
296
4
2242
1
50
5
2715
1
223
1
2230
1
38
14
1790
0
296
0
2242
0
50
0
2715
0
223
0
2230
0
22
0
1711
0
331
0
2214
0
16
0
2139
0
181
0
1647
0
52
4
2580
1
127
2
2499
1
41
5
2535
1
448
2
2650
1
36
3
1854
1
246
2
2290
2
31
5
2171
1
125
1
2477
1
36
116
1854
0
246
0
2290
0
31
0
2171
0
125
0
2477
0
52
0
2580
0
127
0
2499
0
41
0
2535
0
448
0
2650
0
69
9
5072
1
169
1
4829
3
41
8
3679
1
275
3
5954
1
14
5
4381
1
182
2
4700
2
69
4
4402
1
27
5
4430
2
14
1020
4381
0
182
0
4700
0
69
0
4402
0
27
0
4430
0
69
0
5072
0
169
0
4829
0
41
0
3679
0
275
0
5954
0
23
2
4518
2
355
2
5271
2
53
8
4578
2
219
3
6135
3
26
3
5166
4
297
4
5196
5
3
2
6524
5
134
3
4962
3
26
187
5166
0
297
0
5196
0
3
0
6524
0
134
0
4962
0
23
0
4518
0
355
0
5271
0
53
0
4578
0
219
0
6135
0
64
4
4411
1
154
2
4320
1
20
4
4005
2
242
3
4547
2
35
3
4909
2
337
3
5010
1
28
5
4768
3
29
4
4953
2
35
9
4909
0
337
0
5010
0
28
0
4768
0
29
0
4953
0
64
0
4411
0
154
0
4320
0
20
0
4005
0
242
0
4547
0
216
9
4025
1
402
1
6075
3
15
8
5034
1
220
2
4063
1
10
3
5143
1
230
2
4521
2
25
4
4694
1
446
5
6243
2
10
49
5143
0
230
0
4521
0
25
0
4694
0
446
0
6243
0
216
0
4025
0
402
0
6075
0
15
0
5034
0
220
0
4063
0
0
0
0
0
0
0
0
0
0
0
0
0
0
0
0
0
0
0
0
0
0
0
0
0
0
0
0
0
0
0
0
0
0
0
0
0
0
0
0
0
0
0
0
0
0
0
0
0
0
0
0
0
0
0
0
0
0
0
0
0
0
0
0
0
0
0
0
0
0
0
0
0
0
0
0
0
0
0
0
0
0
0
0
0
0
0
0
0
0
0
0
0
0
0
0
0
0
0
0
0
0
0
0
0
0
0
0
0
0
0
0
0
0
0
0
0
0
0
0
0
0
0
0
0
0
0
0
0
0
0
0
0
0
0
0
0
0
0
0
0
0
0
0
0
0
0
0
0
0
0
0
0
0
0
0
0
0
0
0
0
0
0
0
0
0
0
0
0
0
0
0
0
0
0
0
0
0
0
0
0
0
0
0
0
0
0
0
0
0
0
0
0
0
0
0
0
0
0
0
0
0
0
0
0
0
0
0
0
0
0
0
0
0
0
0
0
0
0
0
0
0
0
0
0
0
0
0
0
0
0
0
0
0
0
0
0
0
0
0
0
0
0
0
0
0
0
0
0
0
0
0
0
0
0
0
0
0
0
0
0
0
0
0
0
0
0
0
0
0
0
0
0
0
0
0
0
0
0
0
0
0
0
0
0
0
0
0
0
0
0
0
0
0
0
0
0
0
0
0
0
0
0
0
0
0
0
0
0
0
0
0
0
0
0
0
0
0
0
0
0
0
0
0
0
0
0
0
0
0
0
0
0
0
0
0
0
0
0
0
0
0
0
0
0
0
0
0
0
0
0
0
0
0
0
0
0
0
0
0
0
0
0
0
0
0
0
0
0
0
0
0
0
0
0
0
0
0
0
0
0
0
0
0
0
0
0
0
0
0
0
0
0
0
0
0
0
0
0
0
0
0
0
0
0
0
0
0
0
0
0
0
0
0
0
0
0
0
0
0
0
0
0
0
0
0
0
0
0
0
0
0
0
0
0
0
0
0
0
0
0
0
0
0
0
0
0
0
0
0
0
0
0
0
0
0
0
0
0
0
0
0
0
0
0
0
0
0
0
0
0
0
0
0
0
0
0
0
0
0
0
0
0
0
0
0
0
0
0
0
0
0
0
0
0
0
0
0
0
0
0
0
0
0
0
0
0
0
0
0
0
0
0
0
0
0
0
0
0
0
0
0
0
0
0
0
0
0
0
0
0
0
0
0
0
0
0
0
0
0
0
0
0
0
0
0
0
0
0
0
0
0
0
0
0
0
0
0
0
0
0
0
0
0
0
0
0
0
0
0
0
0
0
0
0
0
0
46
46
46
46
46
46
46
46
46
46
46
46
46
46
46
46
46
46
46
46
46
46
46
46
46
46
46
46
46
46
46
46
46
46
46
46
46
46
46
46
46
46
46
46
46
46
46
46
46
46
46
46
46
46
46
46
46
46
46
46
46
46
46
46
46
46
46
46
46
46
46
46
46
46
46
46
46
46
46
46
46
46
46
46
46
46
46
46
46
46
46
46
46
46
46
46
46
46
46
46
46
46
46
46
46
46
46
46
46
46
46
46
46
46
46
46
46
46
46
46
46
46
46
46
46
46
46
46
46
46
46
46
46
46
46
46
46
46
46
46
46
46
46
46
46
46
46
46
46
46
46
46
46
46
46
46
46
46
46
46
46
46
46
46
46
46
46
46
46
46
46
46
46
46
46
46
46
46
46
46
46
46
46
46
46
46
46
46
46
46
46
46
46
46
46
46
46
46
46
46
46
46
46
46
46
46
46
46
46
46
46
46
46
46
46
46
46
46
46
46
46
46
46
46
46
46
46
46
46
46
46
46
46
46
46
46
46
46
46
46
46
46
46
46
46
46
46
46
46
46
46
46
46
46
46
46
46
46
46
46
46
46
46
46
46
46
46
46
46
46
46
46
46
46
46
46
46
46
46
46
46
46
46
46
46
46
46
46
46
46
46
46
46
46
46
46
46
46
46
46
46
46
46
46
46
46
46
46
46
46
46
46
46
46
46
46
46
46
46
46
46
46
46
46
46
46
46
46
46
46
46
46
46
46
46
46
46
46
46
46
46
46
46
46
46
46
46
46
46
46
46
46
46
46
46
46
46
46
46
46
46
46
46
46
46
46
46
46
46
46
46
46
46
46
46
46
46
46
46
46
46
46
46
46
46
46
46
46
46
46
46
46
46
46
46
46
46
46
46
46
46
46
46
46
46
46
46
46
46
46
46
46
46
46
46
46
46
46
46
46
46
46
46
46
46
46
46
46
46
46
46
46
46
46
46
46
46
46
46
46
46
46
46
46
46
46
46
46
46
46
46
46
46
46
46
46
46
46
46
46
46
46
46
46
46
46
46
46
46
46
46
46
46
46
46
46
46
46
46
46
46
46
46
46
46
46
46
46
46
46
46
46
46
46
46
46
46
46
46
46
46
46
46
46
46
46
46
46
46
46
46
46
46
46
46
46
46
46
46
46
46
46
46
46
46
46
46
46
46
46
46
46
46
46
46
46
46
46
46
46
46
46
46
46
46
46
46
46
46
46
46
46
46
46
46
46
46
46
46
46
46
46
46
46
46
46
46
46
46
46
46
46
46
46
46
46
46
46
46
46
46
46
46
46
46
46
46
46
46
46
46
46
46
46
46
46
46
46
46
46
46
46
46
46
46
46
46
46
46
46
46
46
46
46
46
46
46
46
46
46
46
46
46
46
46
46
46
46
46
46
46
46
46
46
46
46
46
46
46
46
46
46
46
46
46
46
46
46
46
46
46
46
46
46
46
46
46
46
46
46
46
46
46
46
46
46
46
46
46
46
46
46
46
46
46
46
46
46
46
46
46
46
46
46
46
46
46
46
46
46
46
46
46
46
46
46
46
46
46
46
46
46
46
46
46
46
46
46
46
46
46
46
46
46
46
46
46
46
46
46
46
46
46
46
46
46
46
46
46
46
46
46
46
46
46
46
46
46
46
46
46
46
46
46
46
46
46
46
46
46
46
46
46
46
46
46
46
46
46
46
46
46
46
46
46
46
46
46
46
46
46
46
46
46
46
46
46
46
46
46
46
46
46
46
46
46
46
46
46
46
46
46
46
46
46
46
46
46
46
46
46
46
46
46
46
46
46
46
46
46
46
46
46
46
46
46
46
46
46
46
46
46
46
46
46
46
46
46
46
46
46
46
46
46
46
46
46
46
46
46
46
46
46
46
46
46
46
46
46
46
46
46
46
46
46
46
46
46
46
46
46
46
46
46
46
46
46
46
46
46
46
46
46
46
46
46
46
46
46
46
46
46
46
46
46
46
46
46
46
46
46
46
46
46
46
46
46
46
46
46
46
46
46
46
46
46
46
46
46
46
46
46
46
46
46
46
46
46
46
46
46
46
46
46
46
46
46
46
46
46
46
46
46
46
46
46
46
46
46
46
46
46
46
46
46
46
46
46
46
46
46
46
46
46
46
46
46
46
46
46
46
46
46
46
46
46
46
46
46
46
46
46
46
46
46
46
46
46
46
46
46
46
46
46
46
46
46
46
46
46
46
46
46
46
46
46
46
46
46
46
46
46
46
46
46
46
46
46
46
46
46
46
46
46
46
46
46
46
46
46
46
46
46
46
46
46
46
46
46
46
46
46
46
46
46
46
46
46
46
46
46
46
46
46
46
46
46
46
46
46
46
46
46
46
46
46
46
46
46
46
46
46
46
46
46
46
46
46
46
46
46
46
46
46
46
46
46
46
46
46
46
46
46
46
46
46
46
46
46
46
46
46
46
46
46
46
46
46
46
46
46
46
46
46
46
46
46
46
46
46
46
46
46
46
46
46
46
46
46
46
46
46
46
46
46
46
46
46
46
46
46
46
46
46
46
46
46
46
46
46
46
46
46
46
46
46
46
46
46
46
46
46
46
46
46
46
46
46
46
46
46
46
46
46
46
46
46
46
46
46
46
46
46
46
46
46
46
46
46
46
46
46
46
46
46
46
46
46
46
46
46
46
46
46
46
46
46
46
46
46
46
46
46
46
46
46
46
46
46
46
46
46
46
46
46
46
46
46
46
46
46
46
46
46
46
46
46
46
46
46
46
46
46
46
46
46
46
46
46
46
46
46
46
46
46
46
46
46
46
46
46
46
46
46
46
46
46
46
46
46
46
46
46
46
46
46
46
46
46
46
46
46
46
46
46
46
46
46
46
46
46
46
46
46
46
46
46
46
46
46
46
46
46
46
46
46
46
46
46
46
46
46
46
46
46
46
46
46
46
46
46
46
46
46
46
46
46
46
46
46
46
46
46
46
46
46
46
46
46
46
46
46
46
46
46
46
46
46
46
46
46
46
46
46
46
46
46
46
46
46
46
46
46
46
46
46
46
46
46
46
46
46
46
46
46
46
46
46
46
46
46
46
46
46
46
46
46
46
20
46
46
46
20
46
46
46
20
46
46
46
20
46
46
46
20
46
46
46
20
46
46
46
20
46
46
46
20
46
46
46
20
46
46
46
20
46
46
46
20
46
46
46
20
46
46
46
20
46
46
46
20
46
46
46
20
46
46
46
20
46
46
46
46
46
46
46
46
46
46
46
46
46
46
46
46
46
46
46
46
46
46
46
46
46
46
46
46
46
46
46
46
46
46
46
46
46
46
46
46
46
46
46
46
46
46
46
46
46
46
46
46
46
46
46
46
46
46
46
46
46
46
46
46
46
46
46
46
46
46
46
46
46
46
46
46
46
46
46
46
46
46
46
46
46
46
46
46
46
46
46
46
46
46
46
46
46
46
46
46
46
46
46
46
46
46
46
46
46
46
46
46
46
46
46
46
46
46
46
46
46
46
46
46
46
46
46
46
46
46
46
46
46
46
46
46
46
46
46
46
46
46
46
46
46
46
46
46
46
46
46
46
46
46
46
46
46
46
46
46
46
46
46
46
46
46
46
46
46
46
46
46
46
46
46
46
46
46
46
46
46
46
46
46
46
46
46
46
46
46
46
46
46
46
46
46
46
46
46
46
46
46
46
46
46
46
46
46
46
46
46
46
46
46
46
46
46
46
46
46
46
46
46
46
46
46
46
46
46
46
46
46
46
46
46
46
46
46
46
46
46
46
46
46
46
46
46
46
46
46
46
46
46
46
46
46
46
46
46
46
46
46
46
46
46
46
46
46
46
46
46
46
46
46
46
46
46
46
46
46
46
46
46
46
46
46
46
46
46
46
46
46
46
46
46
46
46
46
46
46
46
46
46
46
46
46
46
46
46
46
46
46
46
46
46
46
46
46
46
46
46
46
46
46
46
46
46
46
46
46
46
46
46
46
46
46
46
46
46
46
46
46
46
46
46
46
46
46
46
46
46
46
46
46
46
46
46
46
46
46
46
46
46
46
46
46
46
46
46
46
46
46
46
46
46
46
46
46
46
46
46
46
46
46
46
46
46
46
46
46
46
46
46
46
46
46
46
46
46
46
46
46
46
46
46
46
46
46
46
46
46
46
46
46
46
46
46
46
46
46
46
46
46
46
46
46
46
46
46
46
46
46
46
46
46
46
46
46
46
46
46
46
46
46
46
46
46
46
46
46
46
46
46
46
46
46
46
46
46
46
46
46
46
46
46
46
46
46
46
46
46
46
46
46
46
46
46
46
46
46
46
46
46
46
46
46
46
46
46
46
46
46
46
46
46
46
46
46
46
46
46
46
46
46
46
46
46
46
46
46
46
46
46
46
46
46
46
46
46
46
46
46
46
46
46
46
46
46
46
46
46
46
46
46
46
46
46
46
46
46
46
46
46
46
46
46
46
46
46
46
46
46
46
46
46
46
46
46
46
46
46
46
46
46
46
46
46
46
46
46
46
46
46
46
46
46
46
46
46
46
46
46
46
46
46
46
46
46
46
46
46
46
46
46
46
46
46
46
46
46
46
46
46
46
46
46
46
46
46
46
46
46
46
46
46
46
46
46
46
46
46
46
46
46
46
46
46
46
46
46
46
46
46
46
46
46
46
46
46
46
46
46
46
20
46
46
46
20
46
46
46
20
46
46
46
20
46
46
46
20
46
46
46
20
46
46
46
20
46
46
46
20
46
46
46
20
46
46
46
20
46
46
46
20
46
46
46
20
46
46
46
20
46
46
46
20
46
46
46
20
46
46
46
20
46
46
46
46
46
46
46
46
46
46
46
46
46
46
46
46
46
46
46
46
46
46
46
46
46
46
46
46
46
46
46
46
46
46
46
46
46
46
46
46
46
46
46
46
46
46
46
46
46
46
46
46
46
46
46
46
46
46
46
46
46
46
46
46
46
46
46
46
46
46
46
46
46
46
46
46
46
46
46
46
46
46
46
46
46
46
46
46
46
46
46
46
46
46
46
46
46
46
46
46
46
46
46
46
46
46
46
46
46
46
46
46
46
46
46
46
46
46
46
46
46
46
46
46
46
46
46
46
46
46
46
46
46
46
46
46
46
46
46
46
46
46
46
46
46
46
46
46
46
46
46
46
46
46
46
46
46
46
46
46
46
46
46
46
46
46
46
46
46
46
46
46
46
46
46
46
46
46
46
46
46
46
46
46
46
46
46
46
46
46
46
46
46
46
46
46
46
46
46
46
46
46
46
46
46
46
46
46
46
46
46
46
46
46
46
46
46
46
46
46
46
46
46
46
46
46
46
46
46
46
46
46
46
46
46
46
46
46
46
46
46
46
46
46
46
46
46
46
46
46
46
46
46
46
46
46
46
46
46
46
46
46
46
46
46
46
46
46
46
46
46
46
46
46
46
46
46
46
46
46
46
46
46
46
46
46
46
46
46
46
46
46
46
46
46
46
46
46
46
46
46
46
46
46
46
46
46
46
46
46
46
46
46
46
46
46
46
46
46
46
46
46
46
46
46
46
46
46
46
46
46
46
46
46
46
46
46
46
46
46
46
46
46
46
46
46
46
46
46
46
46
46
46
46
46
46
46
46
46
46
46
46
46
46
46
46
46
46
46
46
46
46
46
46
46
46
46
46
46
46
46
46
46
46
46
46
46
46
46
46
46
46
46
46
46
46
46
46
46
46
46
46
46
46
46
46
46
46
46
46
46
46
46
46
46
46
46
46
46
46
46
46
46
46
46
46
46
46
46
46
46
46
46
46
46
46
46
46
46
46
46
46
46
46
46
46
46
46
46
46
46
46
46
46
46
46
46
46
46
46
46
46
46
46
46
46
46
46
46
46
46
46
46
46
46
46
46
46
46
46
46
46
46
46
46
46
46
46
46
46
46
46
46
46
46
46
46
46
46
46
46
46
46
46
46
46
46
46
46
46
46
46
46
46
46
46
46
46
46
46
46
46
46
46
46
46
46
46
46
46
46
46
46
46
46
46
46
46
46
46
46
46
46
46
46
46
46
46
46
46
46
46
46
46
46
46
46
46
46
46
46
46
46
46
46
46
46
46
46
46
46
46
46
46
46
46
46
46
46
46
46
46
46
46
46
46
46
46
46
46
46
46
46
46
46
46
46
46
46
46
46
46
46
46
46
46
46
46
46
46
46
46
46
46
46
46
46
46
46
46
46
46
46
46
46
46
46
46
46
46
46
46
46
46
46
46
46
46
46
46
46
46
46
20
46
46
46
20
46
46
46
20
46
46
46
20
46
46
46
20
46
46
46
20
46
46
46
20
46
46
46
20
46
46
46
20
46
46
46
20
46
46
46
20
46
46
46
20
46
46
46
20
46
46
46
20
46
46
46
20
46
46
46
20
46
46
46
46
46
46
46
46
46
46
46
46
46
46
46
46
46
46
46
46
46
46
46
46
46
46
46
46
46
46
46
46
46
46
46
46
46
46
46
46
46
46
46
46
46
46
46
46
46
46
46
46
46
46
46
46
46
46
46
46
46
46
46
46
46
46
46
46
46
46
46
46
46
46
46
46
46
46
46
46
46
46
46
46
46
46
46
46
46
46
46
46
46
46
46
46
46
46
46
46
46
46
46
46
46
46
46
46
46
46
46
46
46
46
46
46
46
46
46
46
46
46
46
46
46
46
46
46
46
46
46
46
46
46
46
46
46
46
46
46
46
46
46
46
46
46
46
46
46
46
46
46
46
46
46
46
46
46
46
46
46
46
46
46
46
46
46
46
46
46
46
46
46
46
46
46
46
46
46
46
46
46
46
46
46
46
46
46
46
46
46
46
46
46
46
46
46
46
46
46
46
46
46
46
46
46
46
46
46
46
46
46
46
46
46
46
46
46
46
46
46
46
46
46
46
46
46
46
46
46
46
46
46
46
46
46
46
46
46
46
46
46
46
46
46
46
46
46
46
46
46
46
46
46
46
46
46
46
46
46
46
46
46
46
46
46
46
46
46
46
46
46
46
46
46
46
46
46
46
46
46
46
46
46
46
46
46
46
46
46
46
46
46
46
46
46
46
46
46
46
46
46
46
46
46
46
46
46
46
46
46
46
46
46
46
46
46
46
46
46
46
46
46
46
46
46
46
46
46
46
46
46
46
46
46
46
46
46
46
46
46
46
46
46
46
46
46
46
46
46
46
46
46
46
46
46
46
46
46
46
46
46
46
46
46
46
46
46
46
46
46
46
46
46
46
46
46
46
46
46
46
46
46
46
46
46
46
46
46
46
46
46
46
46
46
46
46
46
46
46
46
46
46
46
46
46
46
46
46
46
46
46
46
46
46
46
46
46
46
46
46
46
46
46
46
46
46
46
46
46
46
46
46
46
46
46
46
46
46
46
46
46
46
46
46
46
46
46
46
46
46
46
46
46
46
46
46
46
46
46
46
46
46
46
46
46
46
46
46
46
46
46
46
46
46
46
46
46
46
46
46
46
46
46
46
46
46
46
46
46
46
46
46
46
46
46
46
46
46
46
46
46
46
46
46
46
46
46
46
46
46
46
46
46
46
46
46
46
46
46
46
46
46
46
46
46
46
46
46
46
46
46
46
46
46
46
46
46
46
46
46
46
46
46
46
46
46
46
46
46
46
46
46
46
46
46
46
46
46
46
46
46
46
46
46
46
46
46
46
46
46
46
46
46
46
46
46
46
46
46
46
46
46
46
46
46
46
46
46
46
46
46
46
46
46
46
46
46
46
46
46
46
46
46
46
46
46
46
46
46
46
46
46
46
46
46
46
46
46
46
46
46
46
46
46
46
46
46
46
46
46
46
46
46
46
46
46
46
46
46
46
46
46
20
46
46
46
20
46
46
46
20
46
46
46
20
46
46
46
20
46
46
46
20
46
46
46
20
46
46
46
20
46
46
46
20
46
46
46
20
46
46
46
20
46
46
46
20
46
46
46
20
46
46
46
20
46
46
46
20
46
46
46
20
46
46
46
46
46
46
46
46
46
46
46
46
46
46
46
46
46
46
46
46
46
46
46
46
46
46
46
46
46
46
46
46
46
46
46
46
46
46
46
46
46
46
46
46
46
46
46
46
46
46
46
46
46
46
46
46
46
46
46
46
46
46
46
46
46
46
46
46
46
46
46
46
46
46
46
46
46
46
46
46
46
46
46
46
46
46
46
46
46
46
46
46
46
46
46
46
46
46
46
46
46
46
46
46
46
46
46
46
46
46
46
46
46
46
46
46
46
46
46
46
46
46
46
46
46
46
46
46
46
46
46
46
46
46
46
46
46
46
46
46
46
46
46
46
46
46
46
46
46
46
46
46
46
46
46
46
46
46
46
46
46
46
46
46
46
46
46
46
46
46
46
46
46
46
46
46
46
46
46
46
46
46
46
46
46
46
46
46
46
46
46
46
46
46
46
46
46
46
46
46
46
46
46
46
46
46
46
46
46
46
46
46
46
46
46
46
46
46
46
46
46
46
46
46
46
46
46
46
46
46
46
46
46
46
46
46
46
46
46
46
46
46
46
46
46
46
46
46
46
46
46
46
46
46
46
46
46
46
46
46
46
46
46
46
46
46
46
46
46
46
46
46
46
46
46
46
46
46
46
46
46
46
46
46
46
46
46
46
46
0
0
0
0
0
0
0
0
0
0
0
0
0
0
0
0
0
0
0
0
0
0
0
0
0
0
0
0
0
0
0
0
0
0
0
0
0
0
0
0
0
0
0
0
0
0
0
0
0
0
0
0
0
0
0
0
0
0
0
0
0
0
0
0
0
0
1
0
0
0
1
0
0
0
1
0
0
0
1
0
0
0
1
0
0
0
1
0
0
0
1
0
0
0
1
0
27
25
0
27
27
25
0
27
27
25
0
27
27
25
0
27
27
25
0
27
27
25
0
27
27
25
0
27
27
25
0
27
0
0
0
0
0
0
0
0
0
0
0
0
0
0
0
0
0
0
0
0
0
0
0
0
0
0
0
0
0
0
0
0
0
0
0
0
0
0
0
0
0
0
0
0
0
0
0
0
0
0
0
0
0
0
0
0
0
0
0
0
0
0
0
0
0
0
0
0
0
0
0
0
0
0
0
0
0
0
0
0
0
0
0
0
0
0
0
0
0
0
0
0
0
0
0
0
0
0
0
0
0
0
0
0
0
0
0
0
0
0
0
0
0
0
0
0
0
0
0
0
0
0
0
0
0
0
0
0
0
0
12
0
0
0
12
0
0
0
12
0
0
0
12
0
0
0
12
0
0
0
12
0
0
0
12
0
0
0
12
0
0
0
0
0
0
0
0
0
0
0
0
0
0
0
0
0
0
0
0
0
0
0
0
0
0
0
0
0
0
0
0
0
0
0
0
0
0
0
0
0
0
0
0
0
0
0
0
0
0
0
0
0
0
0
0
0
0
0
0
0
0
0
0
0
0
0
0
0
0
0
0
0
0
0
0
0
0
0
0
0
0
0
0
0
0
0
0
0
0
0
0
0
0
0
0
0
-1
-1
0
-1
-1
-1
0
-1
-1
-1
0
-1
-1
-1
0
-1
-1
-1
0
-1
-1
-1
0
-1
-1
-1
0
-1
-1
-1
0
-1
-1
-1
-1
-1
-1
-1
-1
-1
-1
-1
-1
-1
-1
-1
-1
-1
-1
-1
-1
-1
-1
-1
-1
-1
-1
-1
-1
-1
-1
-1
-1
-1
0
0
0
0
0
0
0
0
0
0
0
0
0
0
0
0
0
0
0
0
0
0
0
0
0
0
0
0
0
0
0
0
0
0
0
0
0
0
0
0
0
0
0
0
0
0
0
0
0
0
0
0
0
0
0
0
0
0
0
0
0
0
0
0
0
0
0
0
0
0
0
0
0
0
0
0
0
0
0
0
0
0
0
0
0
0
0
0
0
0
0
0
0
0
0
0
0
0
0
0
0
0
0
0
0
0
0
0
0
0
0
0
0
0
0
0
0
0
0
0
0
0
0
0
0
0
0
0
0
0
0
0
0
0
0
0
0
0
0
0
0
0
0
0
0
0
0
0
0
0
0
0
0
0
0
0
0
0
0
0
0
0
0
0
0
0
0
0
0
0
0
0
0
0
0
0
0
0
0
0
0
0
0
0
0
0
0
0
0
0
0
0
0
0
0
0
0
0
0
0
0
0
0
0
0
0
0
0
0
0
0
0
0
0
0
0
0
0
0
0
0
0
0
0
0
0
0
0
0
0
0
0
0
0
0
0
0
0
0
0
0
0
0
0
0
0
0
0
0
0
0
0
0
0
0
0
0
0
0
0
0
0
0
0
0
0
0
0
0
0
0
0
0
0
0
0
0
0
0
0
0
0
0
0
0
0
0
0
0
0
0
0
0
0
0
0
0
0
0
0
0
0
0
0
0
0
0
0
0
0
0
0
0
0
0
0
0
0
0
0
0
0
0
0
0
0
0
0
0
0
0
0
0
0
0
0
0
0
0
0
0
0
0
0
0
0
0
0
0
0
0
0
0
0
0
0
0
0
0
0
0
0
0
0
0
0
0
0
0
0
0
0
0
0
0
0
0
0
0
0
0
0
0
0
6
6
6
6
6
6
6
6
6
6
6
6
6
6
6
6
6
6
6
6
6
6
6
6
6
6
6
6
6
6
6
6
0
0
0
0
0
0
0
0
0
0
0
0
0
0
0
0
0
0
0
0
0
0
0
0
0
0
0
0
0
0
0
0
6
6
6
6
6
6
6
6
6
6
6
6
6
6
6
6
6
6
6
6
6
6
6
6
6
6
6
6
6
6
6
6
0
0
0
0
0
0
0
0
0
0
0
0
0
0
0
0
0
0
0
0
0
0
0
0
0
0
0
0
0
0
0
0
6
6
6
6
6
6
6
6
6
6
6
6
6
6
6
6
6
6
6
6
6
6
6
6
6
6
6
6
6
6
6
6
0
0
0
0
0
0
0
0
0
0
0
0
0
0
0
0
0
0
0
0
0
0
0
0
0
0
0
0
0
0
0
0
6
6
6
6
6
6
6
6
6
6
6
6
6
6
6
6
6
6
6
6
6
6
6
6
6
6
6
6
6
6
6
6
0
0
0
0
0
0
0
0
0
0
0
0
0
0
0
0
0
0
0
0
0
0
0
0
0
0
0
0
0
0
0
0
6
6
6
6
6
6
6
6
6
6
6
6
6
6
6
6
6
6
6
6
6
6
6
6
6
6
6
6
6
6
6
6
0
0
0
0
0
0
0
0
0
0
0
0
0
0
0
0
0
0
0
0
0
0
0
0
0
0
0
0
0
0
0
0
6
6
6
6
6
6
6
6
6
6
6
6
6
6
6
6
6
6
6
6
6
6
6
6
6
6
6
6
6
6
6
6
0
0
0
0
0
0
0
0
0
0
0
0
0
0
0
0
0
0
0
0
0
0
0
0
0
0
0
0
0
0
0
0
0
0
0
0
0
0
0
0
0
0
0
0
0
0
0
0
0
0
0
0
0
0
0
0
0
0
0
0
0
0
0
0
0
0
0
0
0
0
0
0
0
0
0
0
0
0
0
0
0
0
0
0
0
0
0
0
0
0
0
0
0
0
0
0
6
6
6
6
6
6
6
6
6
6
6
6
6
6
6
6
6
6
6
6
6
6
6
6
6
6
6
6
6
6
6
6
0
0
0
0
0
0
0
0
0
0
0
0
0
0
0
0
0
0
0
0
0
0
0
0
0
0
0
0
0
0
0
0
6
6
6
6
6
6
6
6
6
6
6
6
6
6
6
6
6
6
6
6
6
6
6
6
6
6
6
6
6
6
6
6
0
0
0
0
0
0
0
0
0
0
0
0
0
0
0
0
0
0
0
0
0
0
0
0
0
0
0
0
0
0
0
0
6
6
6
6
6
6
6
6
6
6
6
6
6
6
6
6
6
6
6
6
6
6
6
6
6
6
6
6
6
6
6
6
0
0
0
0
0
0
0
0
0
0
0
0
0
0
0
0
0
0
0
0
0
0
0
0
0
0
0
0
0
0
0
0
6
6
6
6
6
6
6
6
6
6
6
6
6
6
6
6
6
6
6
6
6
6
6
6
6
6
6
6
6
6
6
6
0
0
0
0
0
0
0
0
0
0
0
0
0
0
0
0
0
0
0
0
0
0
0
0
0
0
0
0
0
0
0
0
6
6
6
6
6
6
6
6
6
6
6
6
6
6
6
6
6
6
6
6
6
6
6
6
6
6
6
6
6
6
6
6
0
0
0
0
0
0
0
0
0
0
0
0
0
0
0
0
0
0
0
0
0
0
0
0
0
0
0
0
0
0
0
0
6
6
6
6
6
6
6
6
6
6
6
6
6
6
6
6
6
6
6
6
6
6
6
6
6
6
6
6
6
6
6
6
0
0
0
0
0
0
0
0
0
0
0
0
0
0
0
0
0
0
0
0
0
0
0
0
0
0
0
0
0
0
0
0
0
0
0
0
0
0
0
0
0
0
0
0
0
0
0
0
0
0
0
0
0
0
0
0
0
0
0
0
0
0
0
0
0
0
0
0
0
0
0
0
0
0
0
0
0
0
0
0
0
0
0
0
0
0
0
0
0
0
0
0
0
0
0
0
