%pattern_data
4
4
4
0
1
32
-17
0
52
72
0
1
0
0
0
0
6
99
0
0
0
0
0
0
0
0
0
115
-1
-1
0
0
0
50
0
0
43
104
0
0
0
0
1
1
0
0
0
0
0
0
0
0
0
10
4
200
42
9
104
23
1
0
0
0
1
0
0
0
1
0
1
0
106
0
1
0
1
0
0
0
1
0
0
0
1
0
1
0
106
0
1
0
1
0
0
0
1
0
0
0
1
0
1
0
106
0
1
0
1
0
0
0
1
0
0
0
1
0
1
0
106
0
1
0
-17
-17
-17
-17
-17
-17
-17
-17
-17
-17
-17
-17
0
-17
-17
-17
-17
-17
-17
-17
-17
-17
-17
-17
-17
-17
-17
-17
0
-17
-17
-17
294694
576916
865374
1153855
1467823
1730771
2019229
2307687
2602948
2884626
3194762
3461542
3741264
4038458
4329365
4615374
4905283
5192313
5480771
5769229
6053265
6346145
6634626
6923084
7231519
7500000
7790408
8076916
8361614
8653855
8949252
9230771
4905283
5192313
5480771
5769229
6053265
6346145
6634626
6923084
7231519
7500000
7790408
8076916
8438454
8653855
8949252
9230771
294694
576916
865374
1153855
1467823
1730771
2019229
2307687
2602948
2884626
3194762
3461542
3780624
4038458
4329365
4615374
284875
576916
865374
1153855
1450159
1730771
2019229
2307687
2589887
2884626
3189705
3461542
3761620
4038458
4331814
4615374
4884512
5192313
5480771
5769229
6060385
6346145
6634626
6923084
7220590
7500000
7811882
8076916
8346834
8653855
8964921
9230771
4884512
5192313
5480771
5769229
6060385
6346145
6634626
6923084
7220590
7500000
7811882
8076916
8386834
8653855
8964921
9230771
284875
576916
865374
1153855
1450159
1730771
2019229
2307687
2589887
2884626
3189705
3461542
3801620
4038458
4331814
4615374
300272
576916
865374
1153855
1470522
1730771
2019229
2307687
2577438
2884626
3144580
3461542
3737028
4038458
4332336
4615374
4904649
5192313
5480771
5769229
6067823
6346145
6634626
6923084
7209048
7500000
7797143
8076916
8380648
8653855
8957959
9230771
4904649
5192313
5480771
5769229
6067823
6346145
6634626
6923084
7209048
7500000
7797143
8076916
8420648
8653855
8957959
9230771
300272
576916
865374
1153855
1470522
1730771
2019229
2307687
2577438
2884626
3144580
3461542
3777028
4038458
4332336
4615374
275850
576916
865374
1153855
1439274
1730771
2019229
2307687
2607551
2884626
3177029
3461542
3749730
4038458
4334467
4615374
4913288
5192313
5480771
5769229
6058390
6346145
6634626
6923084
7206304
7500000
7774989
8076916
8323982
8653855
8959660
9230771
4913288
5192313
5480771
5769229
6058390
6346145
6634626
6923084
7206304
7500000
7774989
8076916
8363982
8653855
8959660
9230771
275850
576916
865374
1153855
1439274
1730771
2019229
2307687
2607551
2884626
3177029
3461542
3789730
4038458
4334467
4615374
291655
576916
865374
1153855
1439592
1730771
2019229
2307687
2600726
2884626
3168299
3461542
3779718
4038458
4305215
4615374
4912948
5192313
5480771
5769229
6083469
6346145
6634626
6923084
7236463
7500000
7786689
8076916
8377922
8653855
8953129
9230771
4912948
5192313
5480771
5769229
6083469
6346145
6634626
6923084
7236463
7500000
7786689
8076916
8417922
8653855
8953129
9230771
291655
576916
865374
1153855
1439592
1730771
2019229
2307687
2600726
2884626
3168299
3461542
3797038
4038458
4305215
4615374
291020
576916
865374
1153855
1445964
1730771
2019229
2307687
2621474
2884626
3193573
3461542
3738768
4038458
4330045
4615374
4909819
5192313
5480771
5769229
6079229
6346145
6634626
6923084
7256508
7500000
7788549
8076916
8340454
8653855
8941610
9230771
4909819
5192313
5480771
5769229
6079229
6346145
6634626
6923084
7256508
7500000
7788549
8076916
8380454
8653855
8941610
9230771
291020
576916
865374
1153855
1445964
1730771
2019229
2307687
2621474
2884626
3193573
3461542
3778768
4038458
4330045
4615374
318798
576916
865374
1153855
1454989
1730771
2019229
2307687
2654014
2884626
3159569
3461542
3728734
4038458
4324717
4615374
4922789
5192313
5480771
5769229
6074603
6346145
6634626
6923084
7235420
7500000
7805779
8076916
8337728
8653855
8938503
9230771
4922789
5192313
5480771
5769229
6074603
6346145
6634626
6923084
7235420
7500000
7805779
8076916
8377728
8653855
8938503
9230771
318798
576916
865374
1153855
1454989
1730771
2019229
2307687
2654014
2884626
3159569
3461542
3768734
4038458
4324717
4615374
0
0
0
0
0
0
0
0
0
0
0
0
0
0
0
0
0
0
0
0
0
0
0
0
0
0
0
0
0
0
0
0
0
0
0
0
0
0
0
0
0
0
0
0
0
0
0
0
0
0
0
0
0
0
0
0
0
0
0
0
0
0
0
0
0
0
0
0
0
0
0
0
0
0
0
0
0
0
0
0
0
0
0
0
0
0
0
0
0
0
0
0
0
0
0
0
0
0
0
0
0
0
0
0
0
0
0
0
0
0
0
0
0
0
0
0
0
0
0
0
0
0
0
0
0
0
0
0
0
0
0
0
0
0
0
0
0
0
0
0
0
0
0
0
0
0
0
0
0
0
0
0
0
0
0
0
0
0
0
0
0
0
0
0
0
0
0
0
0
0
0
0
0
0
0
0
0
0
0
0
0
0
0
0
0
0
0
0
0
0
0
0
0
0
0
0
0
0
0
0
0
0
0
0
0
0
0
0
0
0
0
0
0
0
0
0
0
0
0
0
0
0
0
0
0
0
0
0
0
0
0
0
0
0
0
0
0
0
0
0
0
0
0
0
0
0
0
0
0
0
0
0
0
0
0
0
0
0
0
0
0
0
0
0
0
0
0
0
0
0
0
0
0
0
0
0
0
0
0
0
0
0
0
0
0
0
0
0
0
0
0
0
0
0
0
0
0
0
0
0
0
0
0
0
0
0
0
0
0
0
0
0
0
0
0
0
0
0
0
0
0
0
0
0
0
0
0
0
0
0
0
0
0
0
0
0
0
0
0
0
0
0
0
0
0
0
0
0
0
0
0
0
0
0
0
0
0
0
0
0
0
0
0
0
0
0
0
0
0
0
0
0
0
0
0
0
0
0
0
0
0
0
0
0
0
0
0
0
0
0
0
0
0
0
0
0
0
0
0
0
0
0
0
0
0
0
0
0
0
0
0
0
0
0
0
0
0
0
0
0
0
0
0
0
0
0
0
0
0
0
0
0
0
0
0
0
0
0
0
0
0
0
0
0
0
0
0
0
0
0
0
0
0
0
0
0
0
0
0
0
0
0
0
0
0
0
0
0
0
0
0
0
0
0
0
0
0
0
0
0
0
0
0
0
0
0
0
0
0
0
0
0
0
0
0
0
0
0
0
0
0
0
0
0
0
0
0
0
0
0
0
0
0
0
0
0
0
0
0
0
0
0
0
0
0
0
0
0
0
0
0
0
0
0
0
0
0
0
0
0
0
0
0
0
0
0
0
0
0
0
0
0
0
0
0
0
0
0
0
0
0
0
0
0
0
0
0
0
0
0
0
0
0
0
0
0
0
0
0
0
0
0
0
0
0
0
0
0
0
0
0
0
0
0
0
0
0
0
0
0
0
0
0
0
0
0
0
0
0
0
0
0
0
0
0
0
0
0
0
0
0
0
0
0
0
0
0
0
0
0
0
0
0
0
0
0
0
0
0
0
0
0
0
0
0
0
0
0
0
0
0
0
0
0
0
0
0
0
0
0
0
0
0
0
0
0
0
0
0
0
0
0
0
0
0
0
0
0
0
0
0
0
0
0
0
0
0
0
0
0
0
0
0
0
0
0
0
0
0
0
0
0
0
0
0
0
0
0
0
0
0
0
0
0
0
0
0
0
0
0
0
0
0
0
0
0
0
0
0
0
0
0
0
0
0
0
0
0
0
0
0
0
0
0
0
0
0
0
0
0
0
0
0
0
0
0
0
0
0
0
0
0
0
0
0
0
0
0
0
0
0
0
0
0
0
0
0
0
0
0
0
0
0
0
0
0
0
0
0
0
0
0
0
0
0
0
0
0
0
0
0
0
0
0
0
0
0
0
0
0
0
0
0
0
0
0
0
0
0
0
0
0
0
0
0
0
0
0
0
0
0
0
217166
416667
625011
833333
1037891
1250000
1458345
1666667
1898231
2083333
2297959
2500000
2717615
2916667
3130884
3333333
3552517
3750000
3958345
4166667
4382789
4583333
4791678
5000000
5207868
5416667
5616145
5833333
6042336
6250000
6454150
6666667
3552517
3750000
3958345
4166667
4382789
4583333
4791678
5000000
5207868
5416667
5616145
5833333
6082336
6250000
6454150
6666667
217166
416667
625011
833333
1037891
1250000
1458345
1666667
1898231
2083333
2297959
2500000
2754455
2916667
3130884
3333333
200363
416667
625011
833333
1061791
1250000
1458345
1666667
1889184
2083333
2299365
2500000
2706277
2916667
3143288
3333333
3552608
3750000
3958345
4166667
4390000
4583333
4791678
5000000
5216893
5416667
5647846
5833333
6046918
6250000
6469478
6666667
3552608
3750000
3958345
4166667
4390000
4583333
4791678
5000000
5216893
5416667
5647846
5833333
6086918
6250000
6469478
6666667
200363
416667
625011
833333
1061791
1250000
1458345
1666667
1889184
2083333
2299365
2500000
2746277
2916667
3143288
3333333
212540
416667
625011
833333
1064649
1250000
1458345
1666667
1884626
2083333
2317211
2500000
2711729
2916667
3124943
3333333
3534512
3750000
3958345
4166667
4382608
4583333
4791678
5000000
5219796
5416667
5642268
5833333
6046918
6250000
6471905
6666667
3534512
3750000
3958345
4166667
4382608
4583333
4791678
5000000
5219796
5416667
5642268
5833333
6086918
6250000
6471905
6666667
212540
416667
625011
833333
1064649
1250000
1458345
1666667
1884626
2083333
2317211
2500000
2751729
2916667
3124943
3333333
217188
416667
625011
833333
1042404
1250000
1458345
1666667
1879433
2083333
2311542
2500000
2677915
2916667
3112404
3333333
3533605
3750000
3958345
4166667
4381950
4583333
4791678
5000000
5219615
5416667
5645601
5833333
6030446
6250000
6461610
6666667
3533605
3750000
3958345
4166667
4381950
4583333
4791678
5000000
5219615
5416667
5645601
5833333
6070446
6250000
6461610
6666667
217188
416667
625011
833333
1042404
1250000
1458345
1666667
1879433
2083333
2311542
2500000
2717915
2916667
3112404
3333333
229229
416667
625011
833333
1061905
1250000
1458345
1666667
1884308
2083333
2299501
2500000
2713585
2916667
3140612
3333333
3554512
3750000
3958345
4166667
4397415
4583333
4791678
5000000
5243175
5416667
5641973
5833333
6033172
6250000
6464717
6666667
3554512
3750000
3958345
4166667
4397415
4583333
4791678
5000000
5243175
5416667
5641973
5833333
6073172
6250000
6464717
6666667
229229
416667
625011
833333
1061905
1250000
1458345
1666667
1884308
2083333
2299501
2500000
2753585
2916667
3140612
3333333
228753
416667
625011
833333
1062290
1250000
1458345
1666667
1913175
2083333
2297188
2500000
2723619
2916667
3126463
3333333
3555805
3750000
3958345
4166667
4409546
4583333
4791678
5000000
5240703
5416667
5643968
5833333
6044134
6250000
6453175
6666667
3555805
3750000
3958345
4166667
4409546
4583333
4791678
5000000
5240703
5416667
5643968
5833333
6084134
6250000
6453175
6666667
228753
416667
625011
833333
1062290
1250000
1458345
1666667
1913175
2083333
2297188
2500000
2763619
2916667
3126463
3333333
224467
416667
625011
833333
1073288
1250000
1458345
1666667
1905556
2083333
2320340
2500000
2704421
2916667
3133515
3333333
3538141
3750000
3958345
4166667
4395941
4583333
4791678
5000000
5243288
5416667
5631927
5833333
6028648
6250000
6448730
6666667
3538141
3750000
3958345
4166667
4395941
4583333
4791678
5000000
5243288
5416667
5631927
5833333
6068648
6250000
6448730
6666667
224467
416667
625011
833333
1073288
1250000
1458345
1666667
1905556
2083333
2320340
2500000
2744421
2916667
3133515
3333333
0
0
0
0
0
0
0
0
0
0
0
0
0
0
0
0
0
0
0
0
0
0
0
0
0
0
0
0
0
0
0
0
0
0
0
0
0
0
0
0
0
0
0
0
0
0
0
0
0
0
0
0
0
0
0
0
0
0
0
0
0
0
0
0
0
0
0
0
0
0
0
0
0
0
0
0
0
0
0
0
0
0
0
0
0
0
0
0
0
0
0
0
0
0
0
0
0
0
0
0
0
0
0
0
0
0
0
0
0
0
0
0
0
0
0
0
0
0
0
0
0
0
0
0
0
0
0
0
0
0
0
0
0
0
0
0
0
0
0
0
0
0
0
0
0
0
0
0
0
0
0
0
0
0
0
0
0
0
0
0
0
0
0
0
0
0
0
0
0
0
0
0
0
0
0
0
0
0
0
0
0
0
0
0
0
0
0
0
0
0
0
0
0
0
0
0
0
0
0
0
0
0
0
0
0
0
0
0
0
0
0
0
0
0
0
0
0
0
0
0
0
0
0
0
0
0
0
0
0
0
0
0
0
0
0
0
0
0
0
0
0
0
0
0
0
0
0
0
0
0
0
0
0
0
0
0
0
0
0
0
0
0
0
0
0
0
0
0
0
0
0
0
0
0
0
0
0
0
0
0
0
0
0
0
0
0
0
0
0
0
0
0
0
0
0
0
0
0
0
0
0
0
0
0
0
0
0
0
0
0
0
0
0
0
0
0
0
0
0
0
0
0
0
0
0
0
0
0
0
0
0
0
0
0
0
0
0
0
0
0
0
0
0
0
0
0
0
0
0
0
0
0
0
0
0
0
0
0
0
0
0
0
0
0
0
0
0
0
0
0
0
0
0
0
0
0
0
0
0
0
0
0
0
0
0
0
0
0
0
0
0
0
0
0
0
0
0
0
0
0
0
0
0
0
0
0
0
0
0
0
0
0
0
0
0
0
0
0
0
0
0
0
0
0
0
0
0
0
0
0
0
0
0
0
0
0
0
0
0
0
0
0
0
0
0
0
0
0
0
0
0
0
0
0
0
0
0
0
0
0
0
0
0
0
0
0
0
0
0
0
0
0
0
0
0
0
0
0
0
0
0
0
0
0
0
0
0
0
0
0
0
0
0
0
0
0
0
0
0
0
0
0
0
0
0
0
0
0
0
0
0
0
0
0
0
0
0
0
0
0
0
0
0
0
0
0
0
0
0
0
0
0
0
0
0
0
0
0
0
0
0
0
0
0
0
0
0
0
0
0
0
0
0
0
0
0
0
0
0
0
0
0
0
0
0
0
0
0
0
0
0
0
0
0
0
0
0
0
0
0
0
0
0
0
0
0
0
0
0
0
0
0
0
0
0
0
0
0
0
0
0
0
0
0
0
0
0
0
0
0
0
0
0
0
0
0
0
0
0
0
0
0
0
0
0
0
0
0
0
0
0
0
0
0
0
0
0
0
0
0
0
0
0
0
0
0
0
0
0
0
0
0
0
0
0
0
0
0
0
0
0
0
0
0
0
0
0
0
0
0
0
0
0
0
0
0
0
0
0
0
0
0
0
0
0
0
0
0
0
0
0
0
0
0
0
0
0
0
0
0
0
0
0
0
0
0
0
0
0
0
0
0
0
0
0
0
0
0
0
0
0
0
0
0
0
0
0
0
0
0
0
0
0
0
0
0
0
0
0
0
0
0
0
0
0
0
0
0
0
0
0
0
0
0
0
0
0
0
0
0
0
0
0
0
0
0
0
0
0
0
0
0
0
0
0
0
0
0
0
0
0
0
0
0
0
0
0
0
0
0
0
0
0
0
0
0
0
0
0
0
0
0
0
0
0
0
0
0
0
0
0
0
0
0
0
0
0
0
0
0
0
0
0
0
0
0
0
0
0
0
0
0
2089
1150
898
719
1772
1116
750
589
1355
3
2004
1179
181
4
2356
1228
2745
1076
819
602
2365
1051
664
491
763
14
2555
1093
334
7
1887
987
2745
18596
0
0
2365
0
0
0
763
0
2555
0
0
0
1887
0
2089
0
0
0
1772
0
0
0
1355
0
2004
0
0
0
2356
0
1918
966
520
281
2482
1111
634
419
852
1
2240
1106
501
1
2688
1139
2409
1025
517
301
1936
983
609
476
1114
1
2065
1167
403
2
1735
705
2409
36179
0
0
1936
0
0
0
1114
0
2065
0
0
0
1735
0
1918
0
0
0
2482
0
0
0
852
0
2240
0
0
0
2688
0
1865
944
602
443
2577
1350
670
493
2162
2
2581
754
246
8
3798
1328
4741
1363
741
503
5115
1539
840
671
2181
2
3681
1301
618
1
3313
1111
4741
5382
0
0
5115
0
0
0
2181
0
3681
0
0
0
3313
0
1865
0
0
0
2577
0
0
0
2162
0
2581
0
0
0
3798
0
2053
840
619
369
2370
1251
645
538
1019
2
2330
1181
418
1
2021
842
2778
1044
636
422
2305
960
596
464
1238
2
2111
873
105
2
2888
1128
2778
10738
0
0
2305
0
0
0
1238
0
2111
0
0
0
2888
0
2053
0
0
0
2370
0
0
0
1019
0
2330
0
0
0
2021
0
2264
970
510
321
1716
901
446
215
1180
1
2815
1145
668
1
2345
975
1260
558
453
240
1505
669
465
224
1036
1
2584
1071
465
1
1987
1002
1260
3320
0
0
1505
0
0
0
1036
0
2584
0
0
0
1987
0
2264
0
0
0
1716
0
0
0
1180
0
2815
0
0
0
2345
0
3326
1376
747
507
2722
1420
703
495
272
5
3350
1660
460
1
3172
1340
3102
1298
812
473
2051
1178
568
402
178
5
3691
1797
437
1
3573
1767
3102
4939
0
0
2051
0
0
0
178
0
3691
0
0
0
3573
0
3326
0
0
0
2722
0
0
0
272
0
3350
0
0
0
3172
0
2719
1323
651
382
3828
1789
746
396
456
2
5149
2269
459
1
2723
1428
5566
2459
1127
632
2767
1392
770
474
743
2
3835
1949
335
1
4530
2241
5566
8526
0
0
2767
0
0
0
743
0
3835
0
0
0
4530
0
2719
0
0
0
3828
0
0
0
456
0
5149
0
0
0
2723
0
0
0
0
0
0
0
0
0
0
0
0
0
0
0
0
0
0
0
0
0
0
0
0
0
0
0
0
0
0
0
0
0
0
0
0
0
0
0
0
0
0
0
0
0
0
0
0
0
0
0
0
0
0
0
0
0
0
0
0
0
0
0
0
0
0
0
0
0
0
0
0
0
0
0
0
0
0
0
0
0
0
0
0
0
0
0
0
0
0
0
0
0
0
0
0
0
0
0
0
0
0
0
0
0
0
0
0
0
0
0
0
0
0
0
0
0
0
0
0
0
0
0
0
0
0
0
0
0
0
0
0
0
0
0
0
0
0
0
0
0
0
0
0
0
0
0
0
0
0
0
0
0
0
0
0
0
0
0
0
0
0
0
0
0
0
0
0
0
0
0
0
0
0
0
0
0
0
0
0
0
0
0
0
0
0
0
0
0
0
0
0
0
0
0
0
0
0
0
0
0
0
0
0
0
0
0
0
0
0
0
0
0
0
0
0
0
0
0
0
0
0
0
0
0
0
0
0
0
0
0
0
0
0
0
0
0
0
0
0
0
0
0
0
0
0
0
0
0
0
0
0
0
0
0
0
0
0
0
0
0
0
0
0
0
0
0
0
0
0
0
0
0
0
0
0
0
0
0
0
0
0
0
0
0
0
0
0
0
0
0
0
0
0
0
0
0
0
0
0
0
0
0
0
0
0
0
0
0
0
0
0
0
0
0
0
0
0
0
0
0
0
0
0
0
0
0
0
0
0
0
0
0
0
0
0
0
0
0
0
0
0
0
0
0
0
0
0
0
0
0
0
0
0
0
0
0
0
0
0
0
0
0
0
0
0
0
0
0
0
0
0
0
0
0
0
0
0
0
0
0
0
0
0
0
0
0
0
0
0
0
0
0
0
0
0
0
0
0
0
0
0
0
0
0
0
0
0
0
0
0
0
0
0
0
0
0
0
0
0
0
0
0
0
0
0
0
0
0
0
0
0
0
0
0
0
0
0
0
0
0
0
0
0
0
0
0
0
0
0
0
0
0
0
0
0
0
0
0
0
0
0
0
0
0
0
0
0
0
0
0
0
0
0
0
0
0
0
0
0
0
0
0
0
0
0
0
0
0
0
0
0
0
0
0
0
0
0
0
0
0
0
0
0
0
0
0
0
0
0
0
0
0
0
0
0
0
0
0
0
0
0
0
0
0
0
0
0
0
0
0
0
0
0
0
0
0
0
0
0
0
0
0
0
0
0
0
0
0
0
0
0
0
0
0
0
0
0
0
0
0
0
0
0
0
0
0
0
0
0
0
0
0
0
0
0
0
0
0
0
0
0
0
0
0
0
0
0
0
0
0
0
0
0
0
0
0
0
0
0
0
0
0
0
0
0
0
0
0
0
0
0
0
0
0
0
0
0
0
0
0
0
0
0
0
0
0
0
0
0
0
0
0
0
0
0
0
0
0
0
0
0
0
0
0
0
0
0
0
0
0
0
0
0
0
0
0
0
0
0
0
0
0
0
0
0
0
0
0
0
0
0
0
0
0
0
0
0
0
0
0
0
0
0
0
0
0
0
0
0
0
0
0
0
0
0
0
0
0
0
0
0
0
0
0
0
0
0
0
0
0
0
0
0
0
0
0
0
0
0
0
0
0
0
0
0
0
0
0
0
0
0
0
0
0
0
0
0
0
0
0
0
0
0
0
0
0
0
0
0
0
0
0
0
0
0
0
0
0
0
0
0
0
0
0
0
0
0
0
0
0
0
0
0
0
0
0
0
0
0
0
0
0
0
0
0
0
0
0
0
0
0
0
0
0
0
0
0
0
0
0
0
0
0
0
0
0
0
0
0
0
0
0
0
0
0
0
0
0
0
0
0
0
0
0
0
0
0
0
0
0
0
0
2548
1353
962
828
3258
1736
1111
847
697
5
2954
1214
517
3
2420
1551
2506
1464
1141
906
1869
959
722
648
1035
4
3006
1763
857
5
2424
1217
2506
3171
0
0
1869
0
0
0
1035
0
3006
0
0
0
2424
0
2548
0
0
0
3258
0
0
0
697
0
2954
0
0
0
2420
0
2162
1228
962
762
3072
1700
1194
941
1445
2
3355
2082
773
2
1576
1138
2347
1445
883
661
2711
1437
938
658
1646
2
4361
1857
783
6
2573
1583
2347
1189
0
0
2711
0
0
0
1646
0
4361
0
0
0
2573
0
2162
0
0
0
3072
0
0
0
1445
0
3355
0
0
0
1576
0
2901
1578
822
644
4529
1641
903
576
1404
1
4715
1523
698
5
2479
1022
4576
1645
1224
850
3626
1275
997
717
2069
2
3294
1310
585
1
2861
1176
4576
2712
0
0
3626
0
0
0
2069
0
3294
0
0
0
2861
0
2901
0
0
0
4529
0
0
0
1404
0
4715
0
0
0
2479
0
3821
1590
912
546
2186
1158
626
449
982
1
2110
1316
262
6
2111
1011
3104
1338
917
567
3053
1384
968
684
1150
1
3818
2053
671
1
2044
1129
3104
10253
0
0
3053
0
0
0
1150
0
3818
0
0
0
2044
0
3821
0
0
0
2186
0
0
0
982
0
2110
0
0
0
2111
0
2816
1729
1056
741
3540
2166
1324
951
1269
2
4300
1837
739
1
2687
1132
3288
1909
1104
697
2090
1510
1114
804
1018
2
3329
1520
571
1
3386
1520
3288
24833
0
0
2090
0
0
0
1018
0
3329
0
0
0
3386
0
2816
0
0
0
3540
0
0
0
1269
0
4300
0
0
0
2687
0
2986
1602
1041
761
4395
2523
1416
932
1314
1
4510
2570
1035
1
2782
1722
2561
1507
987
708
2719
1591
856
573
1648
2
4520
2662
1042
1
3372
2242
2561
7831
0
0
2719
0
0
0
1648
0
4520
0
0
0
3372
0
2986
0
0
0
4395
0
0
0
1314
0
4510
0
0
0
2782
0
4135
2037
1238
689
3799
2211
1326
869
1430
3
3241
2099
871
2
2643
1644
3055
1821
1189
762
2264
1431
733
466
1412
3
3100
1777
420
4
3782
1928
3055
4824
0
0
2264
0
0
0
1412
0
3100
0
0
0
3782
0
4135
0
0
0
3799
0
0
0
1430
0
3241
0
0
0
2643
0
0
0
0
0
0
0
0
0
0
0
0
0
0
0
0
0
0
0
0
0
0
0
0
0
0
0
0
0
0
0
0
0
0
0
0
0
0
0
0
0
0
0
0
0
0
0
0
0
0
0
0
0
0
0
0
0
0
0
0
0
0
0
0
0
0
0
0
0
0
0
0
0
0
0
0
0
0
0
0
0
0
0
0
0
0
0
0
0
0
0
0
0
0
0
0
0
0
0
0
0
0
0
0
0
0
0
0
0
0
0
0
0
0
0
0
0
0
0
0
0
0
0
0
0
0
0
0
0
0
0
0
0
0
0
0
0
0
0
0
0
0
0
0
0
0
0
0
0
0
0
0
0
0
0
0
0
0
0
0
0
0
0
0
0
0
0
0
0
0
0
0
0
0
0
0
0
0
0
0
0
0
0
0
0
0
0
0
0
0
0
0
0
0
0
0
0
0
0
0
0
0
0
0
0
0
0
0
0
0
0
0
0
0
0
0
0
0
0
0
0
0
0
0
0
0
0
0
0
0
0
0
0
0
0
0
0
0
0
0
0
0
0
0
0
0
0
0
0
0
0
0
0
0
0
0
0
0
0
0
0
0
0
0
0
0
0
0
0
0
0
0
0
0
0
0
0
0
0
0
0
0
0
0
0
0
0
0
0
0
0
0
0
0
0
0
0
0
0
0
0
0
0
0
0
0
0
0
0
0
0
0
0
0
0
0
0
0
0
0
0
0
0
0
0
0
0
0
0
0
0
0
0
0
0
0
0
0
0
0
0
0
0
0
0
0
0
0
0
0
0
0
0
0
0
0
0
0
0
0
0
0
0
0
0
0
0
0
0
0
0
0
0
0
0
0
0
0
0
0
0
0
0
0
0
0
0
0
0
0
0
0
0
0
0
0
0
0
0
0
0
0
0
0
0
0
0
0
0
0
0
0
0
0
0
0
0
0
0
0
0
0
0
0
0
0
0
0
0
0
0
0
0
0
0
0
0
0
0
0
0
0
0
0
0
0
0
0
0
0
0
0
0
0
0
0
0
0
0
0
0
0
0
0
0
0
0
0
0
0
0
0
0
0
0
0
0
0
0
0
0
0
0
0
0
0
0
0
0
0
0
0
0
0
0
0
0
0
0
0
0
0
0
0
0
0
0
0
0
0
0
0
0
0
0
0
0
0
0
0
0
0
0
0
0
0
0
0
0
0
0
0
0
0
0
0
0
0
0
0
0
0
0
0
0
0
0
0
0
0
0
0
0
0
0
0
0
0
0
0
0
0
0
0
0
0
0
0
0
0
0
0
0
0
0
0
0
0
0
0
0
0
0
0
0
0
0
0
0
0
0
0
0
0
0
0
0
0
0
0
0
0
0
0
0
0
0
0
0
0
0
0
0
0
0
0
0
0
0
0
0
0
0
0
0
0
0
0
0
0
0
0
0
0
0
0
0
0
0
0
0
0
0
0
0
0
0
0
0
0
0
0
0
0
0
0
0
0
0
0
0
0
0
0
0
0
0
0
0
0
0
0
0
0
0
0
0
0
0
0
0
0
0
0
0
0
0
0
0
0
0
0
0
0
0
0
0
0
0
0
0
0
0
0
0
0
0
0
0
0
0
0
0
0
0
0
0
0
0
0
0
0
0
0
0
0
0
0
0
0
0
0
0
0
0
0
0
0
0
0
0
0
0
0
0
0
0
0
0
0
0
0
0
0
0
0
0
0
0
0
0
0
0
0
0
0
0
0
0
0
0
0
0
0
0
0
0
0
0
0
0
0
0
0
0
0
0
0
0
0
0
0
0
0
0
0
0
0
0
0
0
0
0
0
0
0
0
0
0
0
0
0
0
0
0
0
0
0
0
0
0
0
0
0
0
0
0
0
0
0
0
0
0
20
46
46
46
20
20
20
20
46
20
20
20
46
20
20
20
20
20
20
20
20
20
20
20
46
20
20
20
46
20
20
20
20
46
46
46
20
20
20
20
46
20
20
20
46
20
20
20
20
20
20
20
20
20
20
20
46
20
20
20
46
20
20
20
46
46
46
46
46
46
46
46
46
46
46
46
46
46
46
46
46
46
46
46
46
46
46
46
46
46
46
46
46
46
46
46
46
46
46
46
46
46
46
46
46
46
46
46
46
46
46
46
46
46
46
46
46
46
46
46
46
46
46
46
46
46
46
46
46
46
46
46
46
46
46
46
46
46
46
46
46
46
46
46
46
46
46
46
46
46
46
46
46
46
46
46
46
46
46
46
46
46
46
46
46
46
46
46
46
46
46
46
46
46
46
46
46
46
46
46
46
46
46
46
46
46
46
46
46
46
46
46
46
46
46
46
46
46
46
46
46
46
46
46
46
46
46
46
46
46
46
46
46
46
46
46
46
46
46
46
46
46
46
46
46
46
46
46
46
46
46
46
46
46
46
46
46
46
46
46
46
46
46
46
46
46
46
46
46
46
46
46
46
46
46
46
46
46
46
46
46
46
46
46
46
46
46
46
46
46
46
46
46
46
46
46
46
46
46
46
46
46
46
46
46
46
46
46
46
46
46
46
46
46
46
46
46
46
46
46
46
46
46
46
46
46
46
46
46
46
46
46
46
46
46
46
46
46
46
46
46
46
46
46
46
46
46
46
46
46
46
46
46
46
46
46
46
46
46
46
46
46
46
46
46
46
46
46
46
46
46
46
46
46
46
46
46
46
46
46
46
46
46
46
46
46
46
46
46
46
46
46
46
46
46
46
46
46
46
46
46
46
46
46
46
46
46
46
46
46
46
46
46
46
46
46
46
46
46
46
46
46
46
46
46
46
46
46
46
46
46
46
46
46
46
46
46
46
46
46
46
46
46
46
46
46
46
46
46
46
46
46
46
46
46
46
46
46
46
46
46
46
46
46
46
46
46
46
46
46
46
46
46
46
46
46
46
46
46
46
46
46
46
46
46
46
46
46
46
46
46
46
46
46
46
46
46
46
46
46
46
46
46
46
46
46
46
46
46
46
46
46
46
46
46
46
46
46
46
46
46
46
46
46
46
46
46
46
46
46
46
46
46
46
46
46
46
46
46
46
46
46
46
46
46
46
46
46
46
46
46
46
46
46
46
46
46
46
46
46
46
46
46
46
46
46
46
46
46
46
46
46
46
46
46
46
46
46
46
46
46
46
46
46
46
46
46
46
46
46
46
46
46
46
46
46
46
46
46
46
46
46
46
46
46
46
46
46
46
46
46
46
46
46
46
46
46
46
46
46
46
46
46
46
46
46
46
46
46
46
46
46
46
46
46
46
46
46
46
46
46
46
46
46
46
46
46
46
46
46
46
46
46
46
46
46
46
46
46
46
46
46
46
46
46
46
46
46
46
46
46
46
46
46
46
46
46
46
46
46
46
46
46
46
46
46
46
46
46
46
46
46
46
46
46
46
46
46
46
46
46
46
46
46
46
46
46
46
46
46
46
46
46
46
46
46
46
46
46
46
46
46
46
46
20
46
46
46
20
20
20
20
46
20
20
20
46
20
20
20
20
20
20
20
20
20
20
20
46
20
20
20
46
20
20
20
20
46
46
46
20
20
20
20
46
20
20
20
46
20
20
20
20
20
20
20
20
20
20
20
46
20
20
20
46
20
20
20
46
46
46
46
46
46
46
46
46
46
46
46
46
46
46
46
46
46
46
46
46
46
46
46
46
46
46
46
46
46
46
46
46
46
46
46
46
46
46
46
46
46
46
46
46
46
46
46
46
46
46
46
46
46
46
46
46
46
46
46
46
46
46
46
46
46
46
46
46
46
46
46
46
46
46
46
46
46
46
46
46
46
46
46
46
46
46
46
46
46
46
46
46
46
46
46
46
46
46
46
46
46
46
46
46
46
46
46
46
46
46
46
46
46
46
46
46
46
46
46
46
46
46
46
46
46
46
46
46
46
46
46
46
46
46
46
46
46
46
46
46
46
46
46
46
46
46
46
46
46
46
46
46
46
46
46
46
46
46
46
46
46
46
46
46
46
46
46
46
46
46
46
46
46
46
46
46
46
46
46
46
46
46
46
46
46
46
46
46
46
46
46
46
46
46
46
46
46
46
46
46
46
46
46
46
46
46
46
46
46
46
46
46
46
46
46
46
46
46
46
46
46
46
46
46
46
46
46
46
46
46
46
46
46
46
46
46
46
46
46
46
46
46
46
46
46
46
46
46
46
46
46
46
46
46
46
46
46
46
46
46
46
46
46
46
46
46
46
46
46
46
46
46
46
46
46
46
46
46
46
46
46
46
46
46
46
46
46
46
46
46
46
46
46
46
46
46
46
46
46
46
46
46
46
46
46
46
46
46
46
46
46
46
46
46
46
46
46
46
46
46
46
46
46
46
46
46
46
46
46
46
46
46
46
46
46
46
46
46
46
46
46
46
46
46
46
46
46
46
46
46
46
46
46
46
46
46
46
46
46
46
46
46
46
46
46
46
46
46
46
46
46
46
46
46
46
46
46
46
46
46
46
46
46
46
46
46
46
46
46
46
46
46
46
46
46
46
46
46
46
46
46
46
46
46
46
46
46
46
46
46
46
46
46
46
46
46
46
46
46
46
46
46
46
46
46
46
46
46
46
46
46
46
46
46
46
46
46
46
46
46
46
46
46
46
46
46
46
46
46
46
46
46
46
46
46
46
46
46
46
46
46
46
46
46
46
46
46
46
46
46
46
46
46
46
46
46
46
46
46
46
46
46
46
46
46
46
46
46
46
46
46
46
46
46
46
46
46
46
46
46
46
46
46
46
46
46
46
46
46
46
46
32
46
46
46
32
32
32
32
46
32
32
32
46
32
32
32
32
32
32
32
32
32
32
32
46
32
32
32
46
32
32
32
32
46
46
46
32
32
32
32
46
32
32
32
46
32
32
32
32
32
32
32
32
32
32
32
46
32
32
32
46
32
32
32
46
46
46
46
46
46
46
46
46
46
46
46
46
46
46
46
46
46
46
46
46
46
46
46
46
46
46
46
46
46
46
46
46
46
46
46
46
46
46
46
46
46
46
46
46
46
46
46
46
46
46
46
46
46
46
46
46
46
46
46
46
46
46
46
20
46
46
46
20
20
20
20
46
20
20
20
46
20
20
20
20
20
20
20
20
20
20
20
46
20
20
20
46
20
20
20
46
46
46
46
46
46
46
46
46
46
46
46
46
46
46
46
46
46
46
46
46
46
46
46
46
46
46
46
46
46
46
46
46
46
46
46
46
46
46
46
46
46
46
46
46
46
46
46
46
46
46
46
46
46
46
46
46
46
46
46
46
46
46
46
46
46
46
46
46
46
46
46
46
46
46
46
46
46
46
46
46
46
46
46
46
46
46
46
46
46
46
46
46
46
46
46
46
46
46
46
46
46
46
46
46
46
46
46
46
46
46
46
46
46
46
46
46
46
46
46
46
46
46
46
46
46
46
46
46
46
46
46
46
46
46
46
46
46
46
46
46
46
46
46
46
46
46
46
46
46
46
46
46
46
46
46
46
46
46
46
46
46
46
46
46
46
46
46
46
46
46
46
46
46
46
46
46
46
46
46
46
46
46
46
46
46
46
46
46
46
46
46
46
46
46
46
46
46
46
46
46
46
46
46
46
46
46
46
46
46
46
46
46
46
46
46
46
46
46
46
46
46
46
46
46
46
46
46
46
46
46
46
46
46
46
46
46
46
46
46
46
46
46
46
46
46
46
46
46
46
46
46
46
46
46
46
46
46
46
46
46
46
46
46
46
46
46
46
46
46
46
46
46
46
46
46
46
46
46
46
46
46
46
46
46
46
46
46
46
46
46
46
46
46
46
46
46
46
46
46
46
46
46
46
46
46
46
46
46
46
46
46
46
46
46
46
46
46
46
46
46
46
46
46
46
46
46
46
46
46
46
46
46
46
46
46
46
46
46
46
46
46
46
46
46
46
46
46
46
46
46
46
46
46
46
46
46
46
46
46
46
46
46
46
46
46
46
46
46
46
46
46
46
46
46
46
46
46
46
46
46
46
46
46
46
46
46
46
46
46
46
46
46
46
46
46
46
46
46
46
46
46
46
46
46
46
46
46
46
46
46
46
46
46
46
46
46
46
46
46
46
46
46
46
46
46
46
46
46
46
46
46
46
46
46
46
46
46
46
46
46
46
46
46
46
46
46
46
46
46
46
46
46
46
46
46
46
46
46
46
46
46
46
46
46
46
46
46
46
46
46
46
46
46
46
46
46
46
46
46
46
46
46
46
46
46
46
46
46
46
46
46
46
46
46
46
46
46
46
46
46
46
46
46
46
46
46
46
46
46
46
46
46
46
46
46
46
46
46
46
46
46
46
46
46
46
46
46
46
46
46
46
46
46
46
46
46
46
46
46
46
46
46
46
32
46
46
46
32
32
32
32
46
32
32
32
46
32
32
32
32
32
32
32
32
32
32
32
46
32
32
32
46
32
32
32
32
46
46
46
32
32
32
32
46
32
32
32
46
32
32
32
32
32
32
32
32
32
32
32
46
32
32
32
46
32
32
32
46
46
46
46
46
46
46
46
46
46
46
46
46
46
46
46
46
46
46
46
46
46
46
46
46
46
46
46
46
46
46
46
20
46
46
46
20
20
20
20
46
20
20
20
46
20
20
20
20
20
20
20
20
20
20
20
46
20
20
20
46
20
20
20
20
46
46
46
20
20
20
20
46
20
20
20
46
20
20
20
20
20
20
20
20
20
20
20
46
20
20
20
46
20
20
20
20
46
46
46
20
20
20
20
46
20
20
20
46
20
20
20
20
20
20
20
20
20
20
20
46
20
20
20
46
20
20
20
20
46
46
46
20
20
20
20
46
20
20
20
46
20
20
20
20
20
20
20
20
20
20
20
46
20
20
20
46
20
20
20
20
46
46
46
20
20
20
20
46
20
20
20
46
20
20
20
20
20
20
20
20
20
20
20
46
20
20
20
46
20
20
20
20
46
46
46
20
20
20
20
46
20
20
20
46
20
20
20
20
20
20
20
20
20
20
20
46
20
20
20
46
20
20
20
46
46
46
46
46
46
46
46
46
46
46
46
46
46
46
46
46
46
46
46
46
46
46
46
46
46
46
46
46
46
46
46
46
46
46
46
46
46
46
46
46
46
46
46
46
46
46
46
46
46
46
46
46
46
46
46
46
46
46
46
46
46
46
46
46
46
46
46
46
46
46
46
46
46
46
46
46
46
46
46
46
46
46
46
46
46
46
46
46
46
46
46
46
46
46
46
46
46
46
46
46
46
46
46
46
46
46
46
46
46
46
46
46
46
46
46
46
46
46
46
46
46
46
46
46
46
46
46
46
46
46
46
46
46
46
46
46
46
46
46
46
46
46
46
46
46
46
46
46
46
46
46
46
46
46
46
46
46
46
46
46
46
46
46
46
46
46
46
46
46
46
46
46
46
46
46
46
46
46
46
46
46
46
46
46
46
46
46
46
46
46
46
46
46
46
46
46
46
46
46
46
46
46
46
46
46
46
46
46
46
46
46
46
46
46
46
46
46
46
46
46
46
46
46
46
46
46
46
46
46
46
46
46
46
46
46
46
46
46
46
46
46
46
46
46
46
46
46
46
46
46
46
46
46
46
46
46
46
46
46
46
46
46
46
46
46
46
46
46
46
46
46
46
46
46
46
46
46
46
46
46
46
46
46
46
46
46
46
46
46
46
46
46
46
46
46
46
46
46
46
46
46
46
46
46
46
46
46
46
46
46
46
46
46
46
46
46
46
46
46
46
46
46
46
46
46
46
46
46
46
46
46
46
46
46
46
46
46
46
46
46
46
46
46
46
46
46
46
46
46
46
46
46
46
46
46
46
46
46
46
46
46
46
46
46
46
46
46
46
46
46
46
46
46
46
46
46
46
46
46
46
46
46
46
46
46
46
46
46
46
46
46
46
46
46
46
46
46
46
46
46
46
46
46
46
46
46
46
46
46
46
46
46
46
46
46
32
46
46
46
32
32
32
32
46
32
32
32
46
32
32
32
32
32
32
32
32
32
32
32
46
32
32
32
46
32
32
32
46
46
46
46
46
46
46
46
46
46
46
46
46
46
46
46
46
46
46
46
46
46
46
46
46
46
46
46
46
46
46
46
46
46
46
46
46
46
46
46
46
46
46
46
46
46
46
46
46
46
46
46
46
46
46
46
46
46
46
46
46
46
46
46
46
46
46
46
46
46
46
46
46
46
46
46
46
46
46
46
46
46
46
46
46
46
46
46
46
46
46
46
46
46
46
46
46
46
46
46
46
46
46
46
46
46
46
46
46
46
46
46
46
46
46
46
46
46
46
46
46
46
46
46
46
46
46
46
46
46
46
46
46
46
46
46
46
46
46
46
46
46
46
46
46
46
46
46
46
46
46
46
46
46
46
46
46
46
46
46
46
46
46
46
46
46
46
46
46
46
46
46
46
46
46
46
46
46
46
46
46
46
46
46
46
46
46
46
46
46
46
46
46
46
46
46
46
46
46
46
46
46
46
46
46
46
46
46
46
46
46
46
46
46
46
46
46
46
46
46
46
46
46
46
46
46
46
46
46
46
46
46
46
46
46
46
46
46
46
46
46
46
46
46
46
46
46
46
46
46
46
46
46
46
46
46
46
46
46
46
46
46
46
46
46
46
46
46
46
46
46
46
46
46
46
46
46
46
46
46
46
46
46
46
46
46
46
46
46
46
46
46
46
46
46
46
46
46
46
46
46
46
46
46
46
46
46
46
46
46
46
46
46
46
46
46
46
46
46
46
46
46
46
46
46
46
46
46
46
46
46
46
46
46
46
46
46
46
46
46
46
46
46
46
46
46
46
46
46
46
46
46
46
46
46
46
46
46
46
46
46
46
46
46
46
46
46
46
46
46
46
46
46
46
46
46
46
46
46
46
46
46
46
46
46
46
46
46
46
46
46
46
46
46
46
46
46
46
46
46
46
46
46
46
46
46
46
46
46
46
46
46
46
46
46
46
46
46
46
46
46
46
46
46
46
46
46
46
46
46
46
46
46
46
46
46
46
46
46
46
46
46
46
46
46
46
46
46
46
46
46
46
46
46
46
46
46
46
46
46
46
46
46
46
46
46
46
46
46
46
46
46
46
46
46
46
46
46
46
46
46
46
46
46
46
46
46
46
46
46
46
46
46
46
46
46
46
46
46
46
46
46
46
46
46
46
46
46
46
46
46
46
46
46
46
46
46
46
46
46
46
46
46
46
46
46
46
46
46
46
46
46
46
46
46
46
46
46
46
46
46
46
46
46
46
46
46
46
46
46
46
46
46
46
46
46
46
46
46
46
46
46
46
46
46
46
46
46
46
46
46
46
46
46
46
46
46
46
46
46
46
46
46
46
46
46
46
46
46
46
46
46
46
46
46
46
46
46
46
46
46
46
46
46
46
46
46
46
46
46
46
46
46
46
46
46
46
46
46
46
46
46
46
46
46
46
46
46
46
46
46
46
46
46
46
46
46
46
46
46
32
46
46
46
32
32
32
32
46
32
32
32
46
32
32
32
32
32
32
32
32
32
32
32
46
32
32
32
46
32
32
32
32
46
46
46
32
32
32
32
46
32
32
32
46
32
32
32
32
32
32
32
32
32
32
32
46
32
32
32
46
32
32
32
32
46
46
46
32
32
32
32
46
32
32
32
46
32
32
32
32
32
32
32
32
32
32
32
46
32
32
32
46
32
32
32
32
46
46
46
32
32
32
32
46
32
32
32
46
32
32
32
32
32
32
32
32
32
32
32
46
32
32
32
46
32
32
32
32
46
46
46
32
32
32
32
46
32
32
32
46
32
32
32
32
32
32
32
32
32
32
32
46
32
32
32
46
32
32
32
32
46
46
46
32
32
32
32
46
32
32
32
46
32
32
32
32
32
32
32
32
32
32
32
46
32
32
32
46
32
32
32
46
46
46
46
46
46
46
46
46
46
46
46
46
46
46
46
46
46
46
46
46
46
46
46
46
46
46
46
46
46
46
46
46
46
46
46
46
46
46
46
46
46
46
46
46
46
46
46
46
46
46
46
46
46
46
46
46
46
46
46
46
46
46
46
46
46
46
46
46
46
46
46
46
46
46
46
46
46
46
46
46
46
46
46
46
46
46
46
46
46
46
46
46
46
46
46
46
46
46
46
46
46
46
46
46
46
46
46
46
46
46
46
46
46
46
46
46
46
46
46
46
46
46
46
46
46
46
46
46
46
46
46
46
46
46
46
46
46
46
46
46
46
46
46
46
46
46
46
46
46
46
46
46
46
46
46
46
46
46
46
46
46
46
46
46
46
46
46
46
46
46
46
46
46
46
46
46
46
46
46
46
46
46
46
46
46
46
46
46
46
46
46
46
46
46
46
46
46
46
46
46
46
46
46
46
46
46
46
46
46
46
46
46
46
46
46
46
46
46
46
46
46
46
46
46
46
46
46
46
46
46
46
46
46
46
46
46
46
46
46
46
46
46
46
46
46
46
46
46
46
46
46
46
46
46
46
46
46
46
46
46
46
46
46
46
46
46
46
46
46
46
46
46
46
46
46
46
46
46
46
46
46
46
46
46
46
46
46
0
0
0
0
0
0
0
0
0
0
0
0
0
0
0
0
0
0
0
0
0
0
0
0
0
0
0
0
0
0
0
0
0
0
0
0
0
0
0
0
0
0
0
0
0
0
0
0
0
0
0
0
0
0
0
0
0
0
0
0
0
0
0
0
1
0
0
0
1
0
0
0
0
0
1
0
0
0
1
0
1
0
0
0
1
0
0
0
0
0
1
0
0
0
1
0
0
0
0
0
0
0
0
0
19
0
0
0
19
0
0
0
0
0
0
0
0
0
0
0
19
0
0
0
27
0
0
0
0
0
0
0
0
0
0
0
0
0
0
0
0
0
0
0
0
0
0
0
0
0
0
0
0
0
0
0
0
0
0
0
0
0
0
0
0
0
0
0
0
0
0
0
0
0
0
0
0
0
0
0
0
0
0
0
0
0
0
0
0
0
0
0
0
0
0
0
0
0
0
0
0
0
0
0
0
0
0
0
0
0
0
0
0
0
0
0
0
0
0
0
0
0
0
0
0
0
0
0
0
0
0
0
0
0
0
0
0
0
0
0
0
0
0
0
0
0
0
0
0
0
0
0
0
0
0
0
0
0
0
0
0
0
0
0
0
0
0
0
0
0
0
0
0
0
0
0
0
0
0
0
0
0
0
0
0
0
0
0
0
0
0
0
0
0
0
0
0
0
0
0
0
0
0
0
0
0
0
0
0
0
0
0
0
0
0
0
0
0
0
0
0
0
0
0
0
0
0
0
0
0
0
0
0
0
0
0
0
0
0
0
0
0
0
0
0
0
0
0
0
0
0
0
0
0
0
0
0
0
0
0
0
0
0
0
0
0
0
0
0
0
0
0
0
0
0
0
0
0
0
0
0
0
0
0
0
-1
-1
-1
0
0
0
0
-1
0
0
0
-1
0
0
0
0
0
0
0
0
0
0
0
-1
0
0
0
-1
0
0
0
-1
-1
-1
-1
-1
-1
-1
-1
-1
-1
-1
-1
-1
-1
-1
-1
-1
-1
-1
-1
-1
-1
-1
-1
-1
-1
-1
-1
-1
-1
-1
-1
0
0
0
0
0
0
0
0
0
0
0
0
0
0
0
0
0
0
0
0
0
0
0
0
0
0
0
0
0
0
0
0
0
0
0
0
0
0
0
0
0
0
0
0
0
0
0
0
0
0
0
0
0
0
0
0
0
0
0
0
0
0
0
0
0
0
0
0
0
0
0
0
0
0
0
0
0
0
0
0
0
0
0
0
0
0
0
0
0
0
0
0
0
0
0
0
0
0
0
0
0
0
0
0
0
0
0
0
0
0
0
0
0
0
0
0
0
0
0
0
0
0
0
0
0
0
0
0
0
0
0
0
0
0
0
0
0
0
0
0
0
0
0
0
0
0
0
0
0
0
0
0
0
0
0
0
0
0
0
0
0
0
0
0
0
0
0
0
0
0
0
0
0
0
0
0
0
0
0
0
0
0
0
0
0
0
0
0
0
0
0
0
0
0
0
0
0
0
0
0
0
0
0
0
0
0
0
0
0
0
0
0
0
0
0
0
0
0
0
0
0
0
0
0
0
0
0
0
0
0
0
0
0
0
0
0
0
0
0
0
0
0
0
0
0
0
0
0
0
0
0
0
0
0
0
0
0
0
0
0
0
0
0
0
0
0
0
0
0
0
0
0
0
0
0
0
0
0
0
0
0
0
0
0
0
0
0
0
0
0
0
0
0
0
0
0
0
0
0
0
0
0
0
0
0
0
0
0
0
0
0
0
0
0
0
0
0
0
0
0
0
0
0
0
0
0
0
0
0
0
0
0
0
0
0
0
0
0
0
0
0
0
0
0
0
0
0
0
0
0
0
0
0
0
0
0
0
0
0
0
0
0
0
0
0
0
0
0
0
0
0
0
0
0
0
0
0
0
0
0
0
0
0
0
6
6
6
6
6
6
6
6
6
6
6
6
6
6
6
6
6
6
6
6
6
6
6
6
6
6
6
6
6
6
6
6
0
0
0
0
0
0
0
0
0
0
0
0
0
0
0
0
0
0
0
0
0
0
0
0
0
0
0
0
0
0
0
0
6
6
6
6
6
6
6
6
6
6
6
6
6
6
6
6
6
6
6
6
6
6
6
6
6
6
6
6
6
6
6
6
0
0
0
0
0
0
0
0
0
0
0
0
0
0
0
0
0
0
0
0
0
0
0
0
0
0
0
0
0
0
0
0
6
6
6
6
6
6
6
6
6
6
6
6
6
6
6
6
6
6
6
6
6
6
6
6
6
6
6
6
6
6
6
6
0
0
0
0
0
0
0
0
0
0
0
0
0
0
0
0
0
0
0
0
0
0
0
0
0
0
0
0
0
0
0
0
6
6
6
6
6
6
6
6
6
6
6
6
6
6
6
6
6
6
6
6
6
6
6
6
6
6
6
6
6
6
6
6
0
0
0
0
0
0
0
0
0
0
0
0
0
0
0
0
0
0
0
0
0
0
0
0
0
0
0
0
0
0
0
0
6
6
6
6
6
6
6
6
6
6
6
6
6
6
6
6
6
6
6
6
6
6
6
6
6
6
6
6
6
6
6
6
0
0
0
0
0
0
0
0
0
0
0
0
0
0
0
0
0
0
0
0
0
0
0
0
0
0
0
0
0
0
0
0
6
6
6
6
6
6
6
6
6
6
6
6
6
6
6
6
6
6
6
6
6
6
6
6
6
6
6
6
6
6
6
6
0
0
0
0
0
0
0
0
0
0
0
0
0
0
0
0
0
0
0
0
0
0
0
0
0
0
0
0
0
0
0
0
0
0
0
0
0
0
0
0
0
0
0
0
0
0
0
0
0
0
0
0
0
0
0
0
0
0
0
0
0
0
0
0
0
0
0
0
0
0
0
0
0
0
0
0
0
0
0
0
0
0
0
0
0
0
0
0
0
0
0
0
0
0
0
0
6
6
6
6
6
6
6
6
6
6
6
6
6
6
6
6
6
6
6
6
6
6
6
6
6
6
6
6
6
6
6
6
0
0
0
0
0
0
0
0
0
0
0
0
0
0
0
0
0
0
0
0
0
0
0
0
0
0
0
0
0
0
0
0
6
6
6
6
6
6
6
6
6
6
6
6
6
6
6
6
6
6
6
6
6
6
6
6
6
6
6
6
6
6
6
6
0
0
0
0
0
0
0
0
0
0
0
0
0
0
0
0
0
0
0
0
0
0
0
0
0
0
0
0
0
0
0
0
6
6
6
6
6
6
6
6
6
6
6
6
6
6
6
6
6
6
6
6
6
6
6
6
6
6
6
6
6
6
6
6
0
0
0
0
0
0
0
0
0
0
0
0
0
0
0
0
0
0
0
0
0
0
0
0
0
0
0
0
0
0
0
0
6
6
6
6
6
6
6
6
6
6
6
6
6
6
6
6
6
6
6
6
6
6
6
6
6
6
6
6
6
6
6
6
0
0
0
0
0
0
0
0
0
0
0
0
0
0
0
0
0
0
0
0
0
0
0
0
0
0
0
0
0
0
0
0
6
6
6
6
6
6
6
6
6
6
6
6
6
6
6
6
6
6
6
6
6
6
6
6
6
6
6
6
6
6
6
6
0
0
0
0
0
0
0
0
0
0
0
0
0
0
0
0
0
0
0
0
0
0
0
0
0
0
0
0
0
0
0
0
6
6
6
6
6
6
6
6
6
6
6
6
6
6
6
6
6
6
6
6
6
6
6
6
6
6
6
6
6
6
6
6
0
0
0
0
0
0
0
0
0
0
0
0
0
0
0
0
0
0
0
0
0
0
0
0
0
0
0
0
0
0
0
0
0
0
0
0
0
0
0
0
0
0
0
0
0
0
0
0
0
0
0
0
0
0
0
0
0
0
0
0
0
0
0
0
0
0
0
0
0
0
0
0
0
0
0
0
0
0
0
0
0
0
0
0
0
0
0
0
0
0
0
0
0
0
0
0
