%pattern_data
4
4
4
0
1
32
-36
0
52
88
0
1
0
0
0
0
10
99
0
0
0
0
0
0
0
0
0
73
-1
-1
0
0
0
50
0
0
8
23
140
0
0
0
1
1
0
0
0
0
0
0
0
0
0
1
1
0
0
0
0
55
1
0
1
0
1
0
1
0
1
0
1
0
1
0
1
0
1
0
1
0
1
0
1
0
1
0
1
0
1
0
1
0
1
0
1
0
1
0
1
0
1
0
1
0
1
0
1
0
1
0
1
0
1
0
1
0
1
0
1
0
1
0
1
0
-8
-36
-52
-36
-21
-36
-36
-36
-8
-36
-63
-36
-21
-36
-36
-36
-8
-36
-63
-36
-21
-36
-36
-36
-8
-36
-60
-36
-25
-36
-36
-36
257891
576916
843061
1153855
1434172
1730771
2003311
2307687
2569025
2884626
3183651
3461542
3781973
4038458
4350748
4615374
4899025
5192313
5491814
5769229
6036599
6346145
6640771
6923084
7201837
7500000
7785578
8076916
8363968
8653855
8961519
9230771
4899025
5192313
5491814
5769229
6036599
6346145
6640771
6923084
7201837
7500000
7785578
8076916
8363968
8653855
8961519
9230771
257891
576916
843061
1153855
1434172
1730771
2003311
2307687
2569025
2884626
3183651
3461542
3781973
4038458
4350748
4615374
269184
576916
851565
1153855
1413424
1730771
1973628
2307687
2582721
2884626
3187143
3461542
3769342
4038458
4346122
4615374
7165374
5192313
5462290
5769229
6035351
6346145
7804354
6923084
7165374
7500000
7804354
8076916
8372086
8653855
8972109
9230771
4922924
5192313
5462290
5769229
6035351
6346145
7804354
6923084
7165374
7500000
7804354
8076916
8372086
8653855
8972109
9230771
269184
576916
851565
1153855
1413424
1730771
1973628
2307687
2582721
2884626
3187143
3461542
3769342
4038458
4346122
4615374
272857
576916
865261
1153855
1430000
1730771
2040975
2307687
2601633
2884626
3158730
3461542
3758322
4038458
4348957
4615374
4890907
5192313
5456576
5769229
6011905
6346145
6601270
6923084
7238299
7500000
7807619
8076916
8368571
8653855
8964921
9230771
4890907
5192313
5456576
5769229
6011905
6346145
6601270
6923084
7238299
7500000
7807619
8076916
8368571
8653855
8964921
9230771
272857
576916
865261
1153855
1430000
1730771
2040975
2307687
2601633
2884626
3158730
3461542
3758322
4038458
4348957
4615374
321058
576916
891633
1153855
1452245
1730771
3192092
2307687
2607102
2884626
3158912
3461542
3757687
4038458
3158912
4615374
4920360
5192313
5510703
5769229
6070000
6346145
8930295
6923084
7221809
7500000
7793583
8076916
8359569
8653855
8930295
9230771
4944455
5192313
5510703
5769229
6070000
6346145
8930295
6923084
7223389
7500000
7793583
8076916
8359569
8653855
8930295
9230771
363323
576916
891633
1153855
1452245
1730771
2051247
2307687
2605522
2884626
3158912
3461542
3757687
4038458
4340363
4615374
378617
576916
851406
1153855
1452971
1730771
2063764
2307687
2591497
2884626
3159887
3461542
3737052
4038458
4336893
4615374
4906054
5192313
5480091
5769229
6057619
6346145
6651814
6923084
7260476
7500000
7761043
8076916
8359342
8653855
8948141
9230771
4906054
5192313
5480091
5769229
6057619
6346145
6651814
6923084
7260476
7500000
7761043
8076916
8359342
8653855
8948141
9230771
378617
576916
851406
1153855
1452971
1730771
2063764
2307687
2591497
2884626
3159887
3461542
3737052
4038458
4336893
4615374
357619
576916
851701
1153855
1441497
1730771
2054218
2307687
2681224
2884626
3135850
3461542
3746871
4038458
4337868
4615374
4966054
5192313
5466168
5769229
6061678
6346145
6648163
6923084
7195624
7500000
7783968
8076916
8359955
8653855
8948345
9230771
4966054
5192313
5466168
5769229
6061678
6346145
6648163
6923084
7195624
7500000
7783968
8076916
8359955
8653855
8948345
9230771
357619
576916
851701
1153855
1441497
1730771
2054218
2307687
2681224
2884626
3135850
3461542
3746871
4038458
4337868
4615374
2677166
576916
872812
1153855
1445873
1730771
2061451
2307687
2677166
2884626
3164807
3461542
3762789
4038458
4362132
4615374
7282880
5192313
5483401
5769229
6052200
6346145
6654671
6923084
7282880
7500000
7761293
8076916
8380408
8653855
8962789
9230771
7282880
5192313
5483401
5769229
6052200
6346145
6654671
6923084
7282880
7500000
7761293
8076916
8380408
8653855
8962789
9230771
2677166
576916
872812
1153855
1445873
1730771
2061451
2307687
2677166
2884626
3164807
3461542
3762789
4038458
4362132
4615374
260635
576916
864444
1153855
1412880
1730771
1989388
2307687
2602290
2884626
3163469
3461542
3763741
4038458
4308299
4615374
4884104
5192313
5517415
5769229
6051905
6346145
6625692
6923084
7223220
7500000
7819909
8076916
8390091
8653855
8935465
9230771
4884104
5192313
5517415
5769229
6051905
6346145
6625692
6923084
7223220
7500000
7819909
8076916
8390091
8653855
8935465
9230771
260635
576916
864444
1153855
1412880
1730771
1989388
2307687
2602290
2884626
3163469
3461542
3763741
4038458
4308299
4615374
277143
576916
852449
1153855
1413787
1730771
1992562
2307687
2722562
2884626
3193810
3461542
3748435
4038458
4309274
4615374
4938163
5192313
5479615
5769229
6065556
6346145
6634989
6923084
7207755
7500000
7819025
8076916
8394785
8653855
8928435
9230771
4938163
5192313
5479615
5769229
6065556
6346145
6634989
6923084
7207755
7500000
7819025
8076916
8394785
8653855
8928435
9230771
277143
576916
852449
1153855
1413787
1730771
1992562
2307687
2722562
2884626
3193810
3461542
3748435
4038458
4309274
4615374
276689
576916
884921
1153855
1429048
1730771
2014467
2307687
2616145
2884626
3177528
3461542
3712404
4038458
4311270
4615374
4906009
5192313
5486984
5769229
6040998
6346145
6618005
6923084
7181542
7500000
7745850
8076916
8343855
8653855
8935964
9230771
4906009
5192313
5486984
5769229
6040998
6346145
6618005
6923084
7181542
7500000
7745850
8076916
8343855
8653855
8935964
9230771
276689
576916
884921
1153855
1429048
1730771
2014467
2307687
2616145
2884626
3177528
3461542
3712404
4038458
4311270
4615374
255488
576916
893243
1153855
1453039
1730771
2020726
2307687
2574308
2884626
3164490
3461542
3759637
4038458
4321270
4615374
4878934
5192313
5479501
5769229
6054082
6346145
6642744
6923084
7197846
7500000
7794989
8076916
8351927
8653855
8932381
9230771
4878934
5192313
5479501
5769229
6054082
6346145
6642744
6923084
7197846
7500000
7794989
8076916
8351927
8653855
8932381
9230771
255488
576916
893243
1153855
1453039
1730771
2020726
2307687
2574308
2884626
3164490
3461542
3759637
4038458
4321270
4615374
0
0
0
0
0
0
0
0
0
0
0
0
0
0
0
0
0
0
0
0
0
0
0
0
0
0
0
0
0
0
0
0
0
0
0
0
0
0
0
0
0
0
0
0
0
0
0
0
0
0
0
0
0
0
0
0
0
0
0
0
0
0
0
0
0
0
0
0
0
0
0
0
0
0
0
0
0
0
0
0
0
0
0
0
0
0
0
0
0
0
0
0
0
0
0
0
0
0
0
0
0
0
0
0
0
0
0
0
0
0
0
0
0
0
0
0
0
0
0
0
0
0
0
0
0
0
0
0
0
0
0
0
0
0
0
0
0
0
0
0
0
0
0
0
0
0
0
0
0
0
0
0
0
0
0
0
0
0
0
0
0
0
0
0
0
0
0
0
0
0
0
0
0
0
0
0
0
0
0
0
0
0
0
0
0
0
0
0
0
0
0
0
0
0
0
0
0
0
0
0
0
0
0
0
0
0
0
0
0
0
0
0
0
0
0
0
0
0
0
0
0
0
0
0
0
0
0
0
0
0
0
0
0
0
0
0
0
0
0
0
0
0
0
0
0
0
0
0
0
0
0
0
0
0
0
0
0
0
0
0
0
0
0
0
0
0
0
0
0
0
0
0
0
0
0
0
0
0
0
0
0
0
0
0
0
0
0
0
0
0
0
0
0
0
0
0
0
0
0
0
0
0
0
0
0
0
0
0
0
0
0
0
0
0
0
0
0
0
0
0
0
0
0
0
0
0
0
0
0
0
0
0
0
0
0
0
0
0
0
0
0
0
0
0
0
0
0
0
0
0
0
0
0
0
0
0
0
0
0
0
0
0
0
0
0
0
0
0
0
0
0
0
0
0
0
0
0
0
0
0
0
0
0
0
0
0
0
0
0
0
0
0
0
0
0
0
0
0
0
0
0
0
0
0
0
0
0
0
0
0
0
0
0
0
0
0
0
0
0
0
0
0
0
0
0
0
0
0
0
0
0
0
0
0
0
0
0
0
0
0
0
0
0
0
0
0
0
0
0
0
0
0
0
0
0
0
0
0
0
0
0
0
0
0
0
0
0
0
0
0
0
0
0
0
0
0
0
0
0
0
0
0
0
0
0
0
0
0
0
0
0
0
0
0
0
0
0
0
0
0
0
0
0
0
0
0
0
0
0
0
0
0
0
0
0
0
0
0
0
0
0
0
0
0
0
0
0
0
0
0
0
0
0
0
0
0
0
0
0
0
0
0
0
0
0
0
0
0
0
0
0
0
0
0
0
0
0
0
0
0
0
0
0
0
0
0
0
0
0
0
0
0
0
0
0
0
133855
340907
486825
681814
838050
1022721
1200658
1363628
1511791
1704535
1866939
2045465
2215193
2386372
2541429
2727279
2870975
3068186
3242880
3409093
3572041
3750000
3926395
4090907
4243583
4431814
4586281
4772721
4940862
5113628
5295057
5454535
2870975
3068186
3242880
3409093
3572041
3750000
3926395
4090907
4243583
4431814
4586281
4772721
4940862
5113628
5295057
5454535
133855
340907
486825
681814
838050
1022721
1200658
1363628
1511791
1704535
1866939
2045465
2215193
2386372
2541429
2727279
148413
340907
494580
681814
858798
1022721
1168050
1363628
1527551
1704535
1856100
2045465
2226508
2386372
2553220
2727279
2895692
3068186
3244671
3409093
3590794
3750000
3912562
4090907
4258231
4431814
4599887
4772721
4950408
5113628
5262086
5454535
2895692
3068186
3244671
3409093
3590794
3750000
3912562
4090907
4258231
4431814
4599887
4772721
4950408
5113628
5262086
5454535
148413
340907
494580
681814
858798
1022721
1168050
1363628
1527551
1704535
1856100
2045465
2226508
2386372
2553220
2727279
163946
340907
534785
681814
877868
1022721
1227846
1363628
1560404
1704535
1881519
2045465
2225465
2386372
2558617
2727279
2947642
3068186
3241746
3409093
3561950
3750000
3930317
4090907
4251154
4431814
4609977
4772721
4941565
5113628
5302472
5454535
2947642
3068186
3241746
3409093
3561950
3750000
3930317
4090907
4242464
4431814
4609977
4772721
4941565
5113628
5302472
5454535
177771
340907
534785
681814
877868
1022721
1227846
1363628
1546579
1704535
1881519
2045465
2225465
2386372
2558617
2727279
141247
340907
495896
681814
852880
1022721
1215918
1363628
1509410
1704535
1860363
2045465
2220952
2386372
2582132
2727279
2880476
3068186
3222812
3409093
3586848
3750000
3921542
4090907
4226009
4431814
4601338
4772721
4942177
5113628
5267415
5454535
2880476
3068186
3222812
3409093
3586848
3750000
3921542
4090907
4226009
4431814
4601338
4772721
4942177
5113628
5267415
5454535
141247
340907
495896
681814
852880
1022721
1215918
1363628
1509410
1704535
1860363
2045465
2220952
2386372
2582132
2727279
1559410
340907
523515
681814
872630
1022721
1189161
1363628
1559410
1704535
1865873
2045465
2238503
2386372
2581905
2727279
2916984
3068186
3237347
3409093
3587460
3750000
3917506
4090907
4248685
4431814
4623311
4772721
4956032
5113628
5274150
5454535
2916984
3068186
3237347
3409093
3587460
3750000
3917506
4090907
4248685
4431814
4623311
4772721
4956032
5113628
5274150
5454535
1559410
340907
523515
681814
872630
1022721
1189161
1363628
1559410
1704535
1865873
2045465
2238503
2386372
2581905
2727279
163084
340907
510476
681814
860658
1022721
1186599
1363628
1533596
1704535
1874014
2045465
2228367
2386372
2571066
2727279
2888804
3068186
3258889
3409093
3589138
3750000
3931882
4090907
4304240
4431814
4599048
4772721
4955850
5113628
5287868
5454535
2855624
3068186
3258889
3409093
3589138
3750000
3931882
4090907
4304240
4431814
4615638
4772721
4955850
5113628
5287868
5454535
163084
340907
510476
681814
860658
1022721
1186599
1363628
1542681
1704535
1874014
2045465
2228367
2386372
2571066
2727279
180544
340907
503810
681814
846009
1022721
1190998
1363628
1509683
1704535
1859819
2045465
2239388
2386372
2567868
2727279
2966168
3068186
3229138
3409093
3579705
3750000
3926984
4090907
4265873
4431814
4575873
4772721
4945896
5113628
5287324
5454535
2966168
3068186
3229138
3409093
3579705
3750000
3926984
4090907
4265873
4431814
4575873
4772721
4945896
5113628
5287324
5454535
180544
340907
503810
681814
846009
1022721
1190998
1363628
1509683
1704535
1859819
2045465
2239388
2386372
2567868
2727279
156803
340907
523265
681814
863447
1022721
1179569
1363628
1517075
1704535
1872834
2045465
2239093
2386372
2547846
2727279
2966349
3068186
3233696
3409093
3593356
3750000
3909025
4090907
4231655
4431814
4601950
4772721
4958367
5113628
5283537
5454535
2966349
3068186
3233696
3409093
3593356
3750000
3909025
4090907
4231655
4431814
4601950
4772721
4958367
5113628
5283537
5454535
156803
340907
523265
681814
863447
1022721
1179569
1363628
1517075
1704535
1872834
2045465
2239093
2386372
2547846
2727279
151905
340907
509615
681814
870000
1022721
1190930
1363628
1534354
1704535
1870839
2045465
2226644
2386372
2554558
2727279
2896508
3068186
3243537
3409093
3556712
3750000
3913673
4090907
4250385
4431814
4602971
4772721
4958526
5113628
5274399
5454535
2896508
3068186
3243537
3409093
3556712
3750000
3913673
4090907
4250385
4431814
4602971
4772721
4958526
5113628
5274399
5454535
151905
340907
509615
681814
870000
1022721
1190930
1363628
1534354
1704535
1870839
2045465
2226644
2386372
2554558
2727279
193288
340907
512086
681814
865374
1022721
1196599
1363628
1530658
1704535
1901791
2045465
2243424
2386372
2560023
2727279
2899660
3068186
3258367
3409093
3573333
3750000
3927891
4090907
4294127
4431814
4622336
4772721
4933878
5113628
5277460
5454535
2899660
3068186
3258367
3409093
3573333
3750000
3927891
4090907
4294127
4431814
4622336
4772721
4933878
5113628
5277460
5454535
193288
340907
512086
681814
865374
1022721
1196599
1363628
1530658
1704535
1901791
2045465
2243424
2386372
2560023
2727279
159206
340907
510907
681814
845193
1022721
1165873
1363628
1481746
1704535
1872653
2045465
2208980
2386372
2550408
2727279
2966349
3068186
3256893
3409093
3585896
3750000
3924580
4090907
4319501
4431814
4636440
4772721
4959773
5113628
5283175
5454535
2966349
3068186
3256893
3409093
3585896
3750000
3924580
4090907
4319501
4431814
4636440
4772721
4959773
5113628
5283175
5454535
159206
340907
510907
681814
845193
1022721
1165873
1363628
1481746
1704535
1872653
2045465
2208980
2386372
2550408
2727279
0
0
0
0
0
0
0
0
0
0
0
0
0
0
0
0
0
0
0
0
0
0
0
0
0
0
0
0
0
0
0
0
0
0
0
0
0
0
0
0
0
0
0
0
0
0
0
0
0
0
0
0
0
0
0
0
0
0
0
0
0
0
0
0
0
0
0
0
0
0
0
0
0
0
0
0
0
0
0
0
0
0
0
0
0
0
0
0
0
0
0
0
0
0
0
0
0
0
0
0
0
0
0
0
0
0
0
0
0
0
0
0
0
0
0
0
0
0
0
0
0
0
0
0
0
0
0
0
0
0
0
0
0
0
0
0
0
0
0
0
0
0
0
0
0
0
0
0
0
0
0
0
0
0
0
0
0
0
0
0
0
0
0
0
0
0
0
0
0
0
0
0
0
0
0
0
0
0
0
0
0
0
0
0
0
0
0
0
0
0
0
0
0
0
0
0
0
0
0
0
0
0
0
0
0
0
0
0
0
0
0
0
0
0
0
0
0
0
0
0
0
0
0
0
0
0
0
0
0
0
0
0
0
0
0
0
0
0
0
0
0
0
0
0
0
0
0
0
0
0
0
0
0
0
0
0
0
0
0
0
0
0
0
0
0
0
0
0
0
0
0
0
0
0
0
0
0
0
0
0
0
0
0
0
0
0
0
0
0
0
0
0
0
0
0
0
0
0
0
0
0
0
0
0
0
0
0
0
0
0
0
0
0
0
0
0
0
0
0
0
0
0
0
0
0
0
0
0
0
0
0
0
0
0
0
0
0
0
0
0
0
0
0
0
0
0
0
0
0
0
0
0
0
0
0
0
0
0
0
0
0
0
0
0
0
0
0
0
0
0
0
0
0
0
0
0
0
0
0
0
0
0
0
0
0
0
0
0
0
0
0
0
0
0
0
0
0
0
0
0
0
0
0
0
0
0
0
0
0
0
0
0
0
0
0
0
0
0
0
0
0
0
0
0
0
0
0
0
0
0
0
0
0
0
0
0
0
0
0
0
0
0
0
0
0
0
0
0
0
0
0
0
0
0
0
0
0
0
0
0
0
0
0
0
0
0
0
0
0
0
0
0
0
0
0
0
0
0
0
0
0
0
0
0
0
0
0
0
0
0
0
0
0
0
0
0
0
0
0
0
0
0
0
0
0
0
0
0
0
0
0
0
0
0
0
0
0
0
0
0
0
0
0
0
0
0
0
0
0
0
0
0
0
0
0
0
0
0
0
0
0
0
0
0
0
0
0
0
0
0
0
0
0
0
0
0
0
0
0
0
0
0
0
0
0
0
0
0
0
0
0
0
0
0
0
0
73
1
42
29
56
34
53
40
58
1
44
28
65
30
61
42
84
2
95
60
99
77
61
37
65
2
106
66
68
54
113
62
84
87
95
0
99
0
61
0
65
0
106
0
68
0
113
0
73
0
42
0
56
0
53
0
58
0
44
0
65
0
61
0
29
1
44
33
53
19
48
24
35
2
67
45
68
34
71
47
40
1
29
13
44
23
35
61
40
1
35
18
76
37
70
55
27
42
29
0
44
0
35
0
40
0
35
0
76
0
70
0
29
0
44
0
53
0
48
0
35
0
67
0
68
0
71
0
81
1
56
34
72
33
74
48
58
1
60
34
56
32
59
31
21
1
55
31
84
34
42
17
62
1
62
39
73
34
67
38
21
11
55
0
84
0
42
0
62
0
62
0
73
0
67
0
81
0
56
0
72
0
74
0
58
0
60
0
56
0
59
0
31
2
68
34
88
45
57
111
39
1
55
30
115
58
55
107
52
2
44
21
72
30
56
92
46
2
35
18
60
23
56
32
38
20
44
0
72
0
56
0
46
0
35
0
60
0
56
0
6
0
68
0
88
0
171
0
49
0
55
0
115
0
165
0
2
1
51
24
99
64
107
35
22
2
82
26
64
35
137
61
22
2
75
29
81
52
125
76
4
2
120
48
85
52
134
73
22
16
75
0
81
0
125
0
4
0
120
0
85
0
134
0
2
0
51
0
99
0
107
0
22
0
82
0
64
0
137
0
5
2
69
41
82
37
113
62
6
2
80
48
85
37
108
51
5
2
56
34
80
34
72
30
32
2
81
34
108
38
138
62
5
29
56
0
80
0
72
0
32
0
81
0
108
0
138
0
5
0
69
0
82
0
113
0
6
0
80
0
85
0
108
0
3
1
263
117
159
96
334
170
3
1
140
66
82
42
461
211
5
1
144
69
107
69
320
152
5
1
94
39
141
72
260
116
5
23
144
0
107
0
320
0
5
0
94
0
141
0
260
0
3
0
263
0
159
0
334
0
3
0
140
0
82
0
461
0
68
2
156
60
125
58
328
101
25
2
169
55
124
67
334
78
41
1
111
41
81
37
224
72
107
2
263
82
148
78
263
78
41
12
111
0
81
0
224
0
107
0
263
0
148
0
263
0
68
0
156
0
125
0
328
0
25
0
169
0
124
0
334
0
35
1
205
75
162
58
320
116
1
1
180
59
194
78
366
127
3
1
178
80
262
119
345
123
35
1
226
92
138
54
205
81
3
8
178
0
262
0
345
0
35
0
226
0
138
0
205
0
35
0
205
0
162
0
320
0
1
0
180
0
194
0
366
0
127
0
127
44
171
99
327
119
58
2
167
76
206
115
147
75
134
1
232
104
217
112
233
101
22
0
240
88
141
73
207
101
134
10
232
0
217
0
233
0
22
0
240
0
141
0
207
0
127
0
127
0
171
0
327
0
58
0
167
0
206
0
147
0
56
1
128
26
333
148
245
86
90
1
233
42
361
145
398
139
224
1
185
51
226
117
166
50
231
2
261
45
324
135
384
153
224
4
185
0
226
0
166
0
231
0
261
0
324
0
384
0
56
0
128
0
333
0
245
0
90
0
233
0
361
0
398
0
0
0
0
0
0
0
0
0
0
0
0
0
0
0
0
0
0
0
0
0
0
0
0
0
0
0
0
0
0
0
0
0
0
0
0
0
0
0
0
0
0
0
0
0
0
0
0
0
0
0
0
0
0
0
0
0
0
0
0
0
0
0
0
0
0
0
0
0
0
0
0
0
0
0
0
0
0
0
0
0
0
0
0
0
0
0
0
0
0
0
0
0
0
0
0
0
0
0
0
0
0
0
0
0
0
0
0
0
0
0
0
0
0
0
0
0
0
0
0
0
0
0
0
0
0
0
0
0
0
0
0
0
0
0
0
0
0
0
0
0
0
0
0
0
0
0
0
0
0
0
0
0
0
0
0
0
0
0
0
0
0
0
0
0
0
0
0
0
0
0
0
0
0
0
0
0
0
0
0
0
0
0
0
0
0
0
0
0
0
0
0
0
0
0
0
0
0
0
0
0
0
0
0
0
0
0
0
0
0
0
0
0
0
0
0
0
0
0
0
0
0
0
0
0
0
0
0
0
0
0
0
0
0
0
0
0
0
0
0
0
0
0
0
0
0
0
0
0
0
0
0
0
0
0
0
0
0
0
0
0
0
0
0
0
0
0
0
0
0
0
0
0
0
0
0
0
0
0
0
0
0
0
0
0
0
0
0
0
0
0
0
0
0
0
0
0
0
0
0
0
0
0
0
0
0
0
0
0
0
0
0
0
0
0
0
0
0
0
0
0
0
0
0
0
0
0
0
0
0
0
0
0
0
0
0
0
0
0
0
0
0
0
0
0
0
0
0
0
0
0
0
0
0
0
0
0
0
0
0
0
0
0
0
0
0
0
0
0
0
0
0
0
0
0
0
0
0
0
0
0
0
0
0
0
0
0
0
0
0
0
0
0
0
0
0
0
0
0
0
0
0
0
0
0
0
0
0
0
0
0
0
0
0
0
0
0
0
0
0
0
0
0
0
0
0
0
0
0
0
0
0
0
0
0
0
0
0
0
0
0
0
0
0
0
0
0
0
0
0
0
0
0
0
0
0
0
0
0
0
0
0
0
0
0
0
0
0
0
0
0
0
0
0
0
0
0
0
0
0
0
0
0
0
0
0
0
0
0
0
0
0
0
0
0
0
0
0
0
0
0
0
0
0
0
0
0
0
0
0
0
0
0
0
0
0
0
0
0
0
0
0
0
0
0
0
0
0
0
0
0
0
0
0
0
0
0
0
0
0
0
0
0
0
0
0
0
0
0
0
0
0
0
0
0
0
0
0
0
0
0
0
0
0
0
0
0
0
0
0
0
0
0
0
0
0
0
86
5
47
39
66
53
87
79
246
4
40
33
47
28
62
48
84
6
42
36
64
42
69
64
144
7
38
30
53
41
74
64
84
141
42
0
64
0
69
0
144
0
38
0
53
0
74
0
86
0
47
0
66
0
87
0
246
0
40
0
47
0
62
0
42
5
57
38
32
20
41
26
47
4
73
44
48
25
83
62
49
2
50
26
43
25
58
33
64
3
58
31
46
30
70
51
49
35
50
0
43
0
58
0
64
0
58
0
46
0
70
0
42
0
57
0
32
0
41
0
47
0
73
0
48
0
83
0
84
2
95
66
50
37
124
90
47
2
58
37
89
65
162
110
2
3
98
75
88
44
113
77
45
2
70
45
56
42
116
89
2
25
98
0
88
0
113
0
45
0
70
0
56
0
116
0
84
0
95
0
50
0
124
0
47
0
58
0
89
0
162
0
69
3
65
43
69
41
173
125
76
3
48
41
80
53
179
130
65
3
44
25
96
70
172
118
81
4
31
16
86
46
142
93
65
48
44
0
96
0
172
0
81
0
31
0
86
0
142
0
69
0
65
0
69
0
173
0
76
0
48
0
80
0
179
0
9
2
62
30
62
43
80
46
9
2
93
44
59
45
63
44
7
2
49
27
60
45
89
50
22
1
56
35
44
29
98
40
7
2
49
0
60
0
89
0
22
0
56
0
44
0
98
0
9
0
62
0
62
0
80
0
9
0
93
0
59
0
63
0
50
2
83
39
84
44
189
104
19
3
63
31
88
48
84
47
13
1
50
29
82
49
184
69
4
1
70
35
46
25
196
56
25
23
50
0
82
0
184
0
4
0
63
0
46
0
196
0
50
0
83
0
84
0
189
0
6
0
63
0
88
0
84
0
13
2
74
41
208
128
288
91
50
2
120
58
160
98
268
137
2
2
66
33
111
65
242
102
20
3
102
50
138
67
178
54
2
31
66
0
111
0
242
0
20
0
102
0
138
0
178
0
13
0
74
0
208
0
288
0
50
0
120
0
160
0
268
0
77
1
135
55
161
100
374
119
49
2
130
54
108
65
459
178
1
2
89
34
55
32
399
162
70
3
62
22
104
64
278
104
1
13
89
0
55
0
399
0
70
0
62
0
104
0
278
0
77
0
135
0
161
0
374
0
49
0
130
0
108
0
459
0
45
1
104
45
52
25
396
188
127
2
128
77
55
33
254
113
153
2
70
33
58
30
214
81
109
1
102
43
23
8
438
190
153
44
70
0
58
0
214
0
109
0
102
0
23
0
438
0
45
0
104
0
52
0
396
0
127
0
128
0
55
0
254
0
5
2
187
73
148
116
105
23
50
3
112
55
246
186
428
231
70
3
147
63
233
167
150
82
3
2
197
81
147
114
305
121
70
41
147
0
233
0
150
0
3
0
197
0
147
0
305
0
5
0
187
0
148
0
105
0
50
0
112
0
246
0
428
0
72
2
236
72
136
75
427
124
52
1
215
73
273
151
392
170
1
1
156
55
268
164
351
137
3
1
143
47
82
57
454
202
1
5
156
0
268
0
351
0
3
0
143
0
82
0
454
0
72
0
236
0
136
0
427
0
52
0
215
0
273
0
392
0
0
0
0
0
0
0
0
0
0
0
0
0
0
0
0
0
0
0
0
0
0
0
0
0
0
0
0
0
0
0
0
0
0
0
0
0
0
0
0
0
0
0
0
0
0
0
0
0
0
0
0
0
0
0
0
0
0
0
0
0
0
0
0
0
0
0
0
0
0
0
0
0
0
0
0
0
0
0
0
0
0
0
0
0
0
0
0
0
0
0
0
0
0
0
0
0
0
0
0
0
0
0
0
0
0
0
0
0
0
0
0
0
0
0
0
0
0
0
0
0
0
0
0
0
0
0
0
0
0
0
0
0
0
0
0
0
0
0
0
0
0
0
0
0
0
0
0
0
0
0
0
0
0
0
0
0
0
0
0
0
0
0
0
0
0
0
0
0
0
0
0
0
0
0
0
0
0
0
0
0
0
0
0
0
0
0
0
0
0
0
0
0
0
0
0
0
0
0
0
0
0
0
0
0
0
0
0
0
0
0
0
0
0
0
0
0
0
0
0
0
0
0
0
0
0
0
0
0
0
0
0
0
0
0
0
0
0
0
0
0
0
0
0
0
0
0
0
0
0
0
0
0
0
0
0
0
0
0
0
0
0
0
0
0
0
0
0
0
0
0
0
0
0
0
0
0
0
0
0
0
0
0
0
0
0
0
0
0
0
0
0
0
0
0
0
0
0
0
0
0
0
0
0
0
0
0
0
0
0
0
0
0
0
0
0
0
0
0
0
0
0
0
0
0
0
0
0
0
0
0
0
0
0
0
0
0
0
0
0
0
0
0
0
0
0
0
0
0
0
0
0
0
0
0
0
0
0
0
0
0
0
0
0
0
0
0
0
0
0
0
0
0
0
0
0
0
0
0
0
0
0
0
0
0
0
0
0
0
0
0
0
0
0
0
0
0
0
0
0
0
0
0
0
0
0
0
0
0
0
0
0
0
0
0
0
0
0
0
0
0
0
0
0
0
0
0
0
0
0
0
0
0
0
0
0
0
0
0
0
0
0
0
0
0
0
0
0
0
0
0
0
0
0
0
0
0
0
0
0
0
0
0
0
0
0
0
0
0
0
0
0
0
0
0
0
0
0
0
0
0
0
0
0
0
0
0
0
0
0
0
0
0
0
0
0
0
0
0
0
0
0
0
0
0
0
0
0
0
0
0
0
0
0
0
0
0
0
0
0
0
0
0
0
0
0
0
0
0
0
0
0
0
0
0
0
0
0
0
0
0
0
0
0
0
0
0
0
0
0
0
0
0
0
0
0
0
0
0
0
0
0
0
0
0
0
0
0
0
0
0
0
0
0
0
0
0
46
20
20
20
20
20
20
20
46
20
20
20
20
20
20
20
46
20
20
20
20
20
20
20
46
20
20
20
20
20
20
20
46
20
20
20
20
20
20
20
46
20
20
20
20
20
20
20
46
20
20
20
20
20
20
20
46
20
20
20
20
20
20
20
46
46
46
46
46
46
46
46
46
46
46
46
46
46
46
46
46
46
46
46
46
46
46
46
46
46
46
46
46
46
46
46
46
46
46
46
46
46
46
46
46
46
46
46
46
46
46
46
46
46
46
46
46
46
46
46
46
46
46
46
46
46
46
46
46
46
46
46
46
46
46
46
46
46
46
46
46
46
46
46
46
46
46
46
46
46
46
46
46
46
46
46
46
46
46
46
46
46
46
46
46
46
46
46
46
46
46
46
46
46
46
46
46
46
46
46
46
46
46
46
46
46
46
46
46
46
46
46
46
46
46
46
46
46
46
46
46
46
46
46
46
46
46
46
46
46
46
46
46
46
46
46
46
46
46
46
46
46
46
46
46
46
46
46
46
46
46
46
46
46
46
46
46
46
46
46
46
46
46
46
46
46
46
46
46
46
46
46
46
46
46
46
46
46
46
46
46
46
46
46
46
46
46
46
46
46
46
46
46
46
46
46
46
46
46
46
46
46
46
46
46
46
46
46
46
46
46
46
46
46
46
46
46
46
46
46
46
46
46
46
46
46
46
46
46
46
46
46
46
46
46
46
46
46
46
46
46
46
46
46
46
46
46
46
46
46
46
46
46
46
46
46
46
46
46
46
46
46
46
46
46
46
46
46
46
46
46
46
46
46
46
46
46
46
46
46
46
46
46
46
46
46
46
46
46
46
46
46
46
46
46
46
46
46
46
46
46
46
46
46
46
46
46
46
46
46
46
46
46
46
46
46
46
46
46
46
46
46
46
46
46
46
46
46
46
46
46
46
46
46
46
46
46
46
46
46
46
46
46
46
46
46
46
46
46
46
46
46
46
46
46
46
46
46
46
46
46
46
46
46
46
46
46
46
46
46
46
46
46
46
46
46
46
46
46
46
46
46
46
46
46
46
46
46
46
46
46
46
46
46
46
46
46
46
46
46
46
46
46
46
46
46
46
46
46
46
46
46
46
46
46
46
46
46
46
46
46
46
46
46
46
46
46
46
46
46
46
46
46
46
46
46
46
46
46
46
46
46
46
46
46
46
46
46
46
46
46
46
46
46
46
46
46
46
46
46
46
46
46
46
46
46
46
46
46
46
46
46
46
46
46
46
46
46
46
46
46
46
46
46
46
46
46
46
46
46
46
46
46
46
46
46
46
46
46
46
46
46
46
46
46
46
46
46
46
46
46
46
46
46
46
46
46
46
46
46
46
46
46
46
46
46
46
46
46
46
46
46
46
46
46
46
46
46
46
46
46
46
46
46
46
46
46
46
46
46
46
46
46
46
46
46
46
46
46
46
46
46
46
46
46
46
46
46
46
46
46
46
46
46
46
46
46
46
46
46
46
46
46
46
46
46
46
46
46
46
46
46
46
46
46
46
46
46
46
46
46
46
46
46
46
46
46
46
46
46
46
46
46
46
46
46
46
46
46
46
46
46
46
46
46
20
20
20
20
20
20
20
46
20
20
20
20
20
20
20
46
20
20
20
20
20
20
20
46
20
20
20
20
20
20
20
46
20
20
20
20
20
20
20
46
20
20
20
20
20
20
20
46
20
20
20
20
20
20
20
46
20
20
20
20
20
20
20
46
46
46
46
46
46
46
46
46
46
46
46
46
46
46
46
46
46
46
46
46
46
46
46
46
46
46
46
46
46
46
46
46
46
46
46
46
46
46
46
46
46
46
46
46
46
46
46
46
46
46
46
46
46
46
46
46
46
46
46
46
46
46
46
46
46
46
46
46
46
46
46
46
46
46
46
46
46
46
46
46
46
46
46
46
46
46
46
46
46
46
46
46
46
46
46
46
46
46
46
46
46
46
46
46
46
46
46
46
46
46
46
46
46
46
46
46
46
46
46
46
46
46
46
46
46
46
46
46
46
46
46
46
46
46
46
46
46
46
46
46
46
46
46
46
46
46
46
46
46
46
46
46
46
46
46
46
46
46
46
46
46
46
46
46
46
46
46
46
46
46
46
46
46
46
46
46
46
46
46
46
46
46
46
46
46
46
46
46
46
46
46
46
46
46
46
46
46
46
46
46
46
46
46
46
46
46
46
46
46
46
46
46
46
46
46
46
46
46
46
46
46
46
46
46
46
46
46
46
46
46
46
46
46
46
46
46
46
46
46
46
46
46
46
46
46
46
46
46
46
46
46
46
46
46
46
46
46
46
46
46
46
46
46
46
46
46
46
46
46
46
46
46
46
46
46
46
46
46
46
46
46
46
46
46
46
46
46
46
46
46
46
46
46
46
46
46
46
46
46
46
46
46
46
46
46
46
46
46
46
46
46
46
46
46
46
46
46
46
46
46
46
46
46
46
46
46
46
46
46
46
46
46
46
46
46
46
46
46
46
46
46
46
46
46
46
46
46
46
46
46
46
46
46
46
46
46
46
46
46
46
46
46
46
46
46
46
46
46
46
46
46
46
46
46
46
46
46
46
46
46
46
46
46
46
46
46
46
46
46
46
46
46
46
46
46
46
46
46
46
46
46
46
46
46
46
46
46
46
46
46
46
46
46
46
46
46
46
46
46
46
46
46
46
46
46
46
46
46
46
46
46
46
46
46
46
46
46
46
46
46
46
46
46
46
46
46
46
46
46
46
46
46
46
46
46
46
46
46
46
46
46
46
46
46
46
46
46
46
46
46
46
46
46
46
46
46
46
46
46
46
46
46
46
46
46
46
46
46
46
46
46
46
46
46
46
46
46
46
46
46
46
46
46
46
46
46
46
46
46
46
46
46
46
46
46
46
46
46
46
46
46
46
46
46
46
46
46
46
46
46
46
46
46
46
46
46
46
46
46
46
46
46
46
46
46
46
46
46
46
46
46
46
46
46
46
46
46
46
46
46
46
46
46
46
46
46
46
46
46
46
46
46
46
46
46
46
46
46
46
46
46
46
46
46
46
46
46
46
46
46
46
46
46
46
46
46
46
46
46
46
46
46
46
46
46
46
46
46
46
46
46
46
46
46
46
46
46
46
46
46
46
46
46
46
46
46
46
46
46
46
46
46
46
46
46
46
46
46
46
46
20
20
20
20
20
20
20
46
20
20
20
20
20
20
20
46
20
20
20
20
20
20
20
46
20
20
20
20
20
20
20
46
20
20
20
20
20
20
20
46
20
20
20
20
20
20
20
46
20
20
20
20
20
20
20
46
20
20
20
20
20
20
20
46
46
46
46
46
46
46
46
46
46
46
46
46
46
46
46
46
46
46
46
46
46
46
46
46
46
46
46
46
46
46
46
46
46
46
46
46
46
46
46
46
46
46
46
46
46
46
46
46
46
46
46
46
46
46
46
46
46
46
46
46
46
46
46
46
46
46
46
46
46
46
46
46
46
46
46
46
46
46
46
46
46
46
46
46
46
46
46
46
46
46
46
46
46
46
46
46
46
46
46
46
46
46
46
46
46
46
46
46
46
46
46
46
46
46
46
46
46
46
46
46
46
46
46
46
46
46
46
46
46
46
46
46
46
46
46
46
46
46
46
46
46
46
46
46
46
46
46
46
46
46
46
46
46
46
46
46
46
46
46
46
46
46
46
46
46
46
46
46
46
46
46
46
46
46
46
46
46
46
46
46
46
46
46
46
46
46
46
46
46
46
46
46
46
46
46
46
46
46
46
46
46
46
46
46
46
46
46
46
46
46
46
46
46
46
46
46
46
46
46
46
46
46
46
46
46
46
46
46
46
46
46
46
46
46
46
46
46
46
46
46
46
46
46
46
46
46
46
46
46
46
46
46
46
46
46
46
46
46
46
46
46
46
46
46
46
46
46
46
46
46
46
46
46
46
46
46
46
46
46
46
46
46
46
46
46
46
46
46
46
46
46
46
46
46
46
46
46
46
46
46
46
46
46
46
46
46
46
46
46
46
46
46
46
46
46
46
46
46
46
46
46
46
46
46
46
46
46
46
46
46
46
46
46
46
46
46
46
46
46
46
46
46
46
46
46
46
46
46
46
46
46
46
46
46
46
46
46
46
46
46
46
46
46
46
46
46
46
46
46
46
46
46
46
46
46
46
46
46
46
46
46
46
46
46
46
46
46
46
46
46
46
46
46
46
46
46
46
46
46
46
46
46
46
46
46
46
46
46
46
46
46
46
46
46
46
46
46
46
46
46
46
46
46
46
46
46
46
46
46
46
46
46
46
46
46
46
46
46
46
46
46
46
46
46
46
46
46
46
46
46
46
46
46
46
46
46
46
46
46
46
46
46
46
46
46
46
46
46
46
46
46
46
46
46
46
46
46
46
46
46
46
46
46
46
46
46
46
46
46
46
46
46
46
46
46
46
46
46
46
46
46
46
46
46
46
46
46
46
46
46
46
46
46
46
46
46
46
46
46
46
46
46
46
46
46
46
46
46
46
46
46
46
46
46
46
46
46
46
46
46
46
46
46
46
46
46
46
46
46
46
46
46
46
46
46
46
46
46
46
46
46
46
46
46
46
46
46
46
46
46
46
46
46
46
46
46
46
46
46
46
46
46
46
46
46
46
46
46
46
46
46
46
46
46
46
46
46
46
46
46
46
46
46
46
46
46
46
46
46
46
46
46
46
46
46
46
46
46
46
46
46
46
46
46
46
46
46
46
46
46
46
46
46
46
46
46
46
46
46
46
20
20
20
20
20
20
20
46
20
20
20
20
20
20
20
46
20
20
20
20
20
20
20
46
20
20
20
20
20
20
20
46
20
20
20
20
20
20
20
46
20
20
20
20
20
20
20
46
20
20
20
20
20
20
20
46
20
20
20
20
20
20
20
46
46
46
46
46
46
46
46
46
46
46
46
46
46
46
46
46
46
46
46
46
46
46
46
46
46
46
46
46
46
46
46
46
46
46
46
46
46
46
46
46
46
46
46
46
46
46
46
46
46
46
46
46
46
46
46
46
46
46
46
46
46
46
46
46
46
46
46
46
46
46
46
46
46
46
46
46
46
46
46
46
46
46
46
46
46
46
46
46
46
46
46
46
46
46
46
46
46
46
46
46
46
46
46
46
46
46
46
46
46
46
46
46
46
46
46
46
46
46
46
46
46
46
46
46
46
46
46
46
46
46
46
46
46
46
46
46
46
46
46
46
46
46
46
46
46
46
46
46
46
46
46
46
46
46
46
46
46
46
46
46
46
46
46
46
46
46
46
46
46
46
46
46
46
46
46
46
46
46
46
46
46
46
46
46
46
46
46
46
46
46
46
46
46
46
46
46
46
46
46
46
46
46
46
46
46
46
46
46
46
46
46
46
46
46
46
46
46
46
46
46
46
46
46
46
46
46
46
46
46
46
46
46
46
46
46
46
46
46
46
46
46
46
46
46
46
46
46
46
46
46
46
46
46
46
46
46
46
46
46
46
46
46
46
46
46
46
46
46
46
46
46
46
46
46
46
46
46
46
46
46
46
46
46
46
46
46
46
46
46
46
46
46
46
46
46
46
46
46
46
46
46
46
46
46
46
46
46
46
46
46
46
46
46
46
46
46
46
46
46
46
46
46
46
46
46
46
46
46
46
46
46
46
46
46
46
46
46
46
46
46
46
46
46
46
46
46
46
46
46
46
46
46
46
46
46
46
46
46
46
46
46
46
46
46
46
46
46
46
46
46
46
46
46
46
46
46
46
46
46
46
46
46
46
46
46
46
46
46
46
46
46
46
46
46
46
46
46
46
46
46
46
46
46
46
46
46
46
46
46
46
46
46
46
46
46
46
46
46
46
46
46
46
46
46
46
46
46
46
46
46
46
46
46
46
46
46
46
46
46
46
46
46
46
46
46
46
46
46
46
46
46
46
46
46
46
46
46
46
46
46
46
46
46
46
46
46
46
46
46
46
46
46
46
46
46
46
46
46
46
46
46
46
46
46
46
46
46
46
46
46
46
46
46
46
46
46
46
46
46
46
46
46
46
46
46
46
46
46
46
46
46
46
46
46
46
46
46
46
46
46
46
46
46
46
46
46
46
46
46
46
46
46
46
46
46
46
46
46
46
46
46
46
46
46
46
46
46
46
46
46
46
46
46
46
46
46
46
46
46
46
46
46
46
46
46
46
46
46
46
46
46
46
46
46
46
46
46
46
46
46
46
46
46
46
46
46
46
46
46
46
46
46
46
46
46
46
46
46
46
46
46
46
46
46
46
46
46
46
46
46
46
46
46
46
46
46
46
46
46
46
46
46
46
46
46
46
46
46
46
46
46
46
46
46
46
46
46
46
46
46
20
20
20
20
20
20
20
46
20
20
20
20
20
20
20
46
20
20
20
20
20
20
20
46
20
20
20
20
20
20
20
46
46
46
46
46
46
46
46
46
46
46
46
46
46
46
46
46
46
46
46
46
46
46
46
46
46
46
46
46
46
46
46
46
46
46
46
46
46
46
46
46
46
46
46
46
46
46
46
46
46
46
46
46
46
46
46
46
46
46
46
46
46
46
46
46
46
46
46
46
46
46
46
46
46
46
46
46
46
46
46
46
46
46
46
46
46
46
46
46
46
46
46
46
46
46
46
46
46
46
46
46
46
46
46
46
46
46
46
46
46
46
46
46
46
46
46
46
46
46
46
46
46
46
46
46
46
46
46
46
46
46
46
46
46
46
46
46
46
46
46
46
46
46
46
46
46
46
46
46
46
46
46
46
46
46
46
46
46
46
46
46
46
46
46
46
46
46
46
46
46
46
46
46
46
46
46
46
46
46
46
46
46
46
46
46
46
46
46
46
46
46
46
46
46
46
46
46
46
46
46
46
46
46
46
46
46
46
46
46
46
46
46
46
46
46
46
46
46
46
46
46
46
46
46
46
46
46
46
46
46
46
46
46
46
46
46
46
46
46
46
46
46
46
46
46
46
46
46
46
46
46
46
46
46
46
46
46
46
46
46
46
46
46
46
46
46
46
46
46
46
46
46
46
46
46
46
46
46
46
46
46
46
46
46
46
46
46
46
46
46
46
46
46
46
46
46
46
46
46
46
46
46
46
46
46
46
46
46
46
46
46
46
46
46
46
46
46
46
46
46
46
46
46
46
46
46
46
46
46
46
46
46
46
46
46
46
46
46
46
46
46
46
46
46
46
46
46
46
46
46
46
46
46
46
46
46
46
46
46
46
46
46
46
46
46
46
46
46
46
46
46
46
46
46
46
46
46
46
46
46
46
46
46
46
46
46
46
46
46
46
46
46
46
46
46
46
46
46
46
46
46
46
46
46
46
46
46
46
46
46
46
46
46
46
46
46
46
46
46
46
46
46
46
46
46
46
46
46
46
46
46
46
46
46
46
46
46
46
46
46
46
46
46
46
46
46
46
46
46
46
46
46
46
46
46
46
46
46
46
46
46
46
46
46
46
46
46
46
46
46
46
46
46
46
46
46
46
46
46
46
46
46
46
46
46
46
46
46
46
46
46
46
46
46
46
46
46
46
46
46
46
46
46
46
46
46
46
46
46
46
46
46
46
46
46
46
46
46
46
46
46
46
46
46
46
46
46
46
46
46
46
46
46
46
46
46
46
46
46
46
46
46
46
46
46
46
46
46
46
46
46
46
46
46
46
46
46
46
46
46
46
46
46
46
46
46
46
46
46
46
46
46
46
46
46
46
46
46
46
46
46
46
46
46
46
46
46
46
46
46
46
46
46
46
46
46
46
46
46
46
46
46
46
46
46
46
46
46
46
46
46
46
46
46
46
46
46
46
46
46
46
46
46
46
46
46
46
46
46
46
46
46
46
46
46
46
46
46
46
46
46
20
20
20
20
20
20
20
46
20
20
20
20
20
20
20
46
20
20
20
20
20
20
20
46
20
20
20
20
20
20
20
46
20
20
20
20
20
20
20
46
20
20
20
20
20
20
20
46
20
20
20
20
20
20
20
46
20
20
20
20
20
20
20
46
46
46
46
46
46
46
46
46
46
46
46
46
46
46
46
46
46
46
46
46
46
46
46
46
46
46
46
46
46
46
46
46
46
46
46
46
46
46
46
46
46
46
46
46
46
46
46
46
46
46
46
46
46
46
46
46
46
46
46
46
46
46
46
46
46
46
46
46
46
46
46
46
46
46
46
46
46
46
46
46
46
46
46
46
46
46
46
46
46
46
46
46
46
46
46
46
46
46
46
46
46
46
46
46
46
46
46
46
46
46
46
46
46
46
46
46
46
46
46
46
46
46
46
46
46
46
46
46
46
46
46
46
46
46
46
46
46
46
46
46
46
46
46
46
46
46
46
46
46
46
46
46
46
46
46
46
46
46
46
46
46
46
46
46
46
46
46
46
46
46
46
46
46
46
46
46
46
46
46
46
46
46
46
46
46
46
46
46
46
46
46
46
46
46
46
46
46
46
46
46
46
46
46
46
46
46
46
46
46
46
46
46
46
46
46
46
46
46
46
46
46
46
46
46
46
46
46
46
46
46
46
46
46
46
46
46
46
46
46
46
46
46
46
46
46
46
46
46
46
46
46
46
46
46
46
46
46
46
46
46
46
46
46
46
46
46
46
46
46
46
46
46
46
46
46
46
46
46
46
46
46
46
46
46
46
46
46
0
0
0
0
0
0
0
0
0
0
0
0
0
0
0
0
0
0
0
0
0
0
0
0
0
0
0
0
0
0
0
0
0
0
0
0
0
0
0
0
0
0
0
0
0
0
0
0
0
0
0
0
0
0
0
0
0
0
0
0
0
0
0
0
0
0
0
0
0
0
0
0
0
0
0
0
0
0
0
0
0
0
0
0
0
0
0
0
0
0
0
0
0
0
0
0
27
0
0
0
0
0
0
0
27
0
0
0
0
0
0
0
27
0
0
0
0
0
0
0
27
0
0
0
0
0
0
0
0
0
-20
0
0
0
-20
0
0
0
-20
0
0
0
-20
0
0
0
-20
0
0
0
-20
0
0
0
-20
0
0
0
-20
0
0
0
0
0
0
0
0
0
0
0
0
0
0
0
0
0
0
0
0
0
0
0
0
0
0
0
0
0
0
0
0
0
0
0
0
0
0
0
0
0
0
0
0
0
0
0
0
0
0
0
0
0
0
0
0
0
0
0
0
0
0
0
0
0
0
0
0
0
0
0
0
0
0
0
0
0
0
0
0
0
0
0
0
0
0
0
0
0
0
0
0
0
0
0
0
0
21
0
21
0
21
0
21
0
21
0
21
0
21
0
21
0
21
0
21
0
21
0
21
0
21
0
21
0
21
0
21
0
0
0
0
0
0
0
0
0
0
0
0
0
0
0
0
0
0
0
0
0
0
0
0
0
0
0
0
0
0
0
0
0
0
0
0
0
0
0
0
0
0
0
0
0
0
0
0
0
0
0
0
0
0
0
0
0
0
0
0
0
0
0
0
0
0
0
0
0
0
0
0
0
0
0
0
0
0
0
0
0
0
0
0
0
0
0
0
0
0
0
0
0
0
0
0
0
-1
0
0
0
0
0
0
0
-1
0
0
0
0
0
0
0
-1
0
0
0
0
0
0
0
-1
0
0
0
0
0
0
0
-1
-1
-1
-1
-1
-1
-1
-1
-1
-1
-1
-1
-1
-1
-1
-1
-1
-1
-1
-1
-1
-1
-1
-1
-1
-1
-1
-1
-1
-1
-1
-1
0
0
0
0
0
0
0
0
0
0
0
0
0
0
0
0
0
0
0
0
0
0
0
0
0
0
0
0
0
0
0
0
0
0
0
0
0
0
0
0
0
0
0
0
0
0
0
0
0
0
0
0
0
0
0
0
0
0
0
0
0
0
0
0
0
0
0
0
0
0
0
0
0
0
0
0
0
0
0
0
0
0
0
0
0
0
0
0
0
0
0
0
0
0
0
0
0
0
0
0
0
0
0
0
0
0
0
0
0
0
0
0
0
0
0
0
0
0
0
0
0
0
0
0
0
0
0
0
0
0
0
0
0
0
0
0
0
0
0
0
0
0
0
0
0
0
0
0
0
0
0
0
0
0
0
0
0
0
0
0
0
0
0
0
0
0
0
0
0
0
0
0
0
0
0
0
0
0
0
0
0
0
0
0
0
0
0
0
0
0
0
0
0
0
0
0
0
0
0
0
0
0
0
0
0
0
0
0
0
0
0
0
0
0
0
0
0
0
0
0
0
0
0
0
0
0
0
0
0
0
0
0
0
0
0
0
0
0
0
0
0
0
0
0
0
0
0
0
0
0
0
0
0
0
0
0
0
0
0
0
0
0
0
0
0
0
0
0
0
0
0
0
0
0
0
0
0
0
0
0
0
0
0
0
0
0
0
0
0
0
0
0
0
0
0
0
0
0
0
0
0
0
0
0
0
0
0
0
0
0
0
0
0
0
0
0
0
0
0
0
0
0
0
0
0
0
0
0
0
0
0
0
0
0
0
0
0
0
0
0
0
0
0
0
0
0
0
0
0
0
0
0
0
0
0
0
0
0
0
0
0
0
0
0
0
0
0
0
0
0
0
0
0
0
0
0
0
0
0
0
0
0
0
0
6
6
6
6
6
6
6
6
6
6
6
6
6
6
6
6
6
6
6
6
6
6
6
6
6
6
6
6
6
6
6
6
0
0
0
0
0
0
0
0
0
0
0
0
0
0
0
0
0
0
0
0
0
0
0
0
0
0
0
0
0
0
0
0
6
6
6
6
6
6
6
6
6
6
6
6
6
6
6
6
6
6
6
6
6
6
6
6
6
6
6
6
6
6
6
6
0
0
0
0
0
0
0
0
0
0
0
0
0
0
0
0
0
0
0
0
0
0
0
0
0
0
0
0
0
0
0
0
6
6
6
6
6
6
6
6
6
6
6
6
6
6
6
6
6
6
6
6
6
6
6
6
6
6
6
6
6
6
6
6
0
0
0
0
0
0
0
0
0
0
0
0
0
0
0
0
0
0
0
0
0
0
0
0
0
0
0
0
0
0
0
0
6
6
6
6
6
6
6
6
6
6
6
6
6
6
6
6
6
6
6
6
6
6
6
6
6
6
6
6
6
6
6
6
0
0
0
0
0
0
0
0
0
0
0
0
0
0
0
0
0
0
0
0
0
0
0
0
0
0
0
0
0
0
0
0
6
6
6
6
6
6
6
6
6
6
6
6
6
6
6
6
6
6
6
6
6
6
6
6
6
6
6
6
6
6
6
6
0
0
0
0
0
0
0
0
0
0
0
0
0
0
0
0
0
0
0
0
0
0
0
0
0
0
0
0
0
0
0
0
6
6
6
6
6
6
6
6
6
6
6
6
6
6
6
6
6
6
6
6
6
6
6
6
6
6
6
6
6
6
6
6
0
0
0
0
0
0
0
0
0
0
0
0
0
0
0
0
0
0
0
0
0
0
0
0
0
0
0
0
0
0
0
0
0
0
0
0
0
0
0
0
0
0
0
0
0
0
0
0
0
0
0
0
0
0
0
0
0
0
0
0
0
0
0
0
0
0
0
0
0
0
0
0
0
0
0
0
0
0
0
0
0
0
0
0
0
0
0
0
0
0
0
0
0
0
0
0
6
6
6
6
6
6
6
6
6
6
6
6
6
6
6
6
6
6
6
6
6
6
6
6
6
6
6
6
6
6
6
6
0
0
0
0
0
0
0
0
0
0
0
0
0
0
0
0
0
0
0
0
0
0
0
0
0
0
0
0
0
0
0
0
6
6
6
6
6
6
6
6
6
6
6
6
6
6
6
6
6
6
6
6
6
6
6
6
6
6
6
6
6
6
6
6
0
0
0
0
0
0
0
0
0
0
0
0
0
0
0
0
0
0
0
0
0
0
0
0
0
0
0
0
0
0
0
0
6
6
6
6
6
6
6
6
6
6
6
6
6
6
6
6
6
6
6
6
6
6
6
6
6
6
6
6
6
6
6
6
0
0
0
0
0
0
0
0
0
0
0
0
0
0
0
0
0
0
0
0
0
0
0
0
0
0
0
0
0
0
0
0
6
6
6
6
6
6
6
6
6
6
6
6
6
6
6
6
6
6
6
6
6
6
6
6
6
6
6
6
6
6
6
6
0
0
0
0
0
0
0
0
0
0
0
0
0
0
0
0
0
0
0
0
0
0
0
0
0
0
0
0
0
0
0
0
6
6
6
6
6
6
6
6
6
6
6
6
6
6
6
6
6
6
6
6
6
6
6
6
6
6
6
6
6
6
6
6
0
0
0
0
0
0
0
0
0
0
0
0
0
0
0
0
0
0
0
0
0
0
0
0
0
0
0
0
0
0
0
0
6
6
6
6
6
6
6
6
6
6
6
6
6
6
6
6
6
6
6
6
6
6
6
6
6
6
6
6
6
6
6
6
0
0
0
0
0
0
0
0
0
0
0
0
0
0
0
0
0
0
0
0
0
0
0
0
0
0
0
0
0
0
0
0
0
0
0
0
0
0
0
0
0
0
0
0
0
0
0
0
0
0
0
0
0
0
0
0
0
0
0
0
0
0
0
0
0
0
0
0
0
0
0
0
0
0
0
0
0
0
0
0
0
0
0
0
0
0
0
0
0
0
0
0
0
0
0
0
