%pattern_data
4
4
4
0
1
32
-46
0
52
72
0
1
0
0
0
0
6
99
0
0
0
0
0
0
0
0
1
120
-1
-1
0
0
0
50
0
0
36
127
0
0
0
0
1
1
0
0
0
0
0
0
0
0
2
10
4
0
0
0
0
0
1
106
0
0
106
0
1
0
1
106
0
106
1
106
0
106
1
106
0
0
106
0
1
0
1
106
0
106
1
106
0
106
1
106
0
0
106
0
1
0
1
106
0
106
1
106
0
106
1
106
0
0
106
0
1
0
1
106
0
106
1
106
0
106
-46
60
-46
-46
-60
-46
-46
-46
-46
63
-46
-50
-46
61
-46
-60
-46
60
-46
-46
-60
-46
-46
-46
-46
61
-46
-51
-46
60
-46
-59
270930
885732
865374
1153855
1252313
1730771
2024671
2307687
2599796
3163216
3173084
3424112
3761224
4331822
4326916
4575891
4893129
5461313
5480771
5769229
5903359
6346145
6632744
6923084
7226508
7833380
7788458
8076916
8356602
8966447
8942313
9232519
4893129
5501313
5480771
5769229
5903359
6346145
6632744
6923084
7226508
7840860
7788458
8076916
8394082
8992967
8942313
9232519
270930
930012
865374
1153855
1252313
1730771
2024671
2307687
2599796
3156896
3173084
3424112
3761224
4331822
4326916
4575891
307800
885640
865374
1153855
1252313
1730771
2018639
2307687
2593741
3162996
3173084
3394282
3738776
4339850
4326916
4549671
4906236
5478953
5480771
5769229
5887401
6346145
6662540
6923084
7223107
7768857
7788458
7990827
8375125
8953544
8942313
9229023
4906236
5501313
5480771
5769229
5887401
6346145
6662540
6923084
7223107
7806337
7788458
7990827
8375125
8967184
8942313
9229023
307800
904560
865374
1153855
1252313
1730771
2018639
2307687
2593741
3186916
3173084
3394282
3738776
4342610
4326916
4549671
311519
802040
865374
1153855
1252313
1730771
2052200
2307687
2604422
2899646
3173084
3370342
3754739
4169150
4326916
4553422
4904807
5308598
5480771
5769229
5890633
6346145
6655442
6923084
7234331
7574001
7788458
7977280
8369819
8787886
8942313
9230771
4904807
5335998
5480771
5769229
5890633
6346145
6655442
6923084
7234331
7593081
7788458
7977280
8369819
8795006
8942313
9230771
311519
815680
865374
1153855
1252313
1730771
2052200
2307687
2604422
2907046
3173084
3370342
3754739
4194710
4326916
4553422
322562
879372
865374
1153855
1252313
1730771
2060975
2307687
2583787
3054866
3173084
3340322
3790703
4298762
4326916
4555358
4936077
5426779
5480771
5769229
5909823
6346145
6646485
6923084
7226440
7697291
7788458
7942757
8401905
8863210
8942313
9230771
4936077
5462379
5480771
5769229
5909823
6346145
6646485
6923084
7226440
7737291
7788458
7942757
8401905
8905130
8942313
9230771
322562
885572
865374
1153855
1252313
1730771
2060975
2307687
2583787
3074626
3173084
3340322
3790703
4298762
4326916
4555358
310295
852904
865374
1153855
1252313
1730771
2052834
2307687
2602154
3135526
3173084
3322462
3778027
4337042
4326916
4555358
4907347
5510183
5480771
5769229
5893865
6346145
6640612
6923084
7231429
7735574
7788458
7922218
8382313
8940352
8942313
9230771
4907347
5547663
5480771
5769229
5893865
6346145
6640612
6923084
7231429
7771814
7788458
7922218
8382313
8960192
8942313
9230771
310295
866584
865374
1153855
1252313
1730771
2052834
2307687
2602154
3147966
3173084
3322462
3778027
4337042
4326916
4555358
321927
729740
865374
1153855
1252313
1730771
2023787
2307687
2594490
2917186
3173084
3352292
3750930
4134626
4326916
4519179
4927596
5356300
5480771
5769229
5884371
6346145
6684422
6923084
7232018
7548329
7788458
7915226
8384263
8786257
8942313
9230771
4927596
5360100
5480771
5769229
5884371
6346145
6684422
6923084
7232018
7586089
7788458
7915226
8384263
8822537
8942313
9230771
321927
732860
865374
1153855
1252313
1730771
2023787
2307687
2594490
2934026
3173084
3352292
3750930
4134506
4326916
4519179
296304
850240
865374
1153855
1252313
1730771
2023401
2307687
2604558
3041856
3173084
3334432
3779002
4248954
4326916
4536240
4908277
5425400
5480771
5769229
5881139
6346145
6672925
6923084
7217256
7614423
7788458
7894687
8389592
8865882
8942313
9230771
4908277
5452800
5480771
5769229
5881139
6346145
6672925
6923084
7217256
7648143
7788458
7894687
8389592
8912122
8942313
9230771
296304
860120
865374
1153855
1252313
1730771
2023401
2307687
2604558
3059616
3173084
3334432
3779002
4254914
4326916
4536240
0
0
0
0
0
0
0
0
0
0
0
0
0
0
0
0
0
0
0
0
0
0
0
0
0
0
0
0
0
0
0
0
0
0
0
0
0
0
0
0
0
0
0
0
0
0
0
0
0
0
0
0
0
0
0
0
0
0
0
0
0
0
0
0
0
0
0
0
0
0
0
0
0
0
0
0
0
0
0
0
0
0
0
0
0
0
0
0
0
0
0
0
0
0
0
0
0
0
0
0
0
0
0
0
0
0
0
0
0
0
0
0
0
0
0
0
0
0
0
0
0
0
0
0
0
0
0
0
0
0
0
0
0
0
0
0
0
0
0
0
0
0
0
0
0
0
0
0
0
0
0
0
0
0
0
0
0
0
0
0
0
0
0
0
0
0
0
0
0
0
0
0
0
0
0
0
0
0
0
0
0
0
0
0
0
0
0
0
0
0
0
0
0
0
0
0
0
0
0
0
0
0
0
0
0
0
0
0
0
0
0
0
0
0
0
0
0
0
0
0
0
0
0
0
0
0
0
0
0
0
0
0
0
0
0
0
0
0
0
0
0
0
0
0
0
0
0
0
0
0
0
0
0
0
0
0
0
0
0
0
0
0
0
0
0
0
0
0
0
0
0
0
0
0
0
0
0
0
0
0
0
0
0
0
0
0
0
0
0
0
0
0
0
0
0
0
0
0
0
0
0
0
0
0
0
0
0
0
0
0
0
0
0
0
0
0
0
0
0
0
0
0
0
0
0
0
0
0
0
0
0
0
0
0
0
0
0
0
0
0
0
0
0
0
0
0
0
0
0
0
0
0
0
0
0
0
0
0
0
0
0
0
0
0
0
0
0
0
0
0
0
0
0
0
0
0
0
0
0
0
0
0
0
0
0
0
0
0
0
0
0
0
0
0
0
0
0
0
0
0
0
0
0
0
0
0
0
0
0
0
0
0
0
0
0
0
0
0
0
0
0
0
0
0
0
0
0
0
0
0
0
0
0
0
0
0
0
0
0
0
0
0
0
0
0
0
0
0
0
0
0
0
0
0
0
0
0
0
0
0
0
0
0
0
0
0
0
0
0
0
0
0
0
0
0
0
0
0
0
0
0
0
0
0
0
0
0
0
0
0
0
0
0
0
0
0
0
0
0
0
0
0
0
0
0
0
0
0
0
0
0
0
0
0
0
0
0
0
0
0
0
0
0
0
0
0
0
0
0
0
0
0
0
0
0
0
0
0
0
0
0
0
0
0
0
0
0
0
0
0
0
0
0
0
0
0
0
0
0
0
0
0
0
0
0
0
0
0
0
0
0
0
0
0
0
0
0
0
0
0
0
0
0
0
0
0
0
0
0
0
0
0
0
0
0
0
0
0
0
0
0
0
0
0
0
0
0
0
0
0
0
0
0
0
0
0
0
0
0
0
0
0
0
0
0
0
0
0
0
0
0
0
0
0
0
0
0
0
0
0
0
0
0
0
0
0
0
0
0
0
0
0
0
0
0
0
0
0
0
0
0
0
0
0
0
0
0
0
0
0
0
0
0
0
0
0
0
0
0
0
0
0
0
0
0
0
0
0
0
0
0
0
0
0
0
0
0
0
0
0
0
0
0
0
0
0
0
0
0
0
0
0
0
0
0
0
0
0
0
0
0
0
0
0
0
0
0
0
0
0
0
0
0
0
0
0
0
0
0
0
0
0
0
0
0
0
0
0
0
0
0
0
0
0
0
0
0
0
0
0
0
0
0
0
0
0
0
0
0
0
0
0
0
0
0
0
0
0
0
0
0
0
0
0
0
0
0
0
0
0
0
0
0
0
0
0
0
0
0
0
0
0
0
0
0
0
0
0
0
0
0
0
0
0
0
0
0
0
0
0
0
0
0
0
0
0
0
0
0
0
0
0
206168
640883
625011
833333
851678
1250000
1484966
1666667
1882358
2230413
2291678
2399680
2720385
3077119
3125011
3273317
3557052
3953092
3958345
4166667
4207957
4583333
4807302
5000000
5245374
5620192
5625011
5781767
6068254
6464803
6458345
6666667
3557052
3981132
3958345
4166667
4207957
4583333
4807302
5000000
5245374
5619872
5625011
5781767
6068254
6494283
6458345
6666667
206168
680883
625011
833333
851678
1250000
1484966
1666667
1882358
2243333
2291678
2399680
2720385
3111199
3125011
3273317
5233972
615431
625011
833333
851678
1250000
1454603
1666667
3535829
2219333
2291678
2426660
2719796
3094843
3125011
3212333
3535829
3969943
3958345
4166667
4207957
4583333
4811927
5000000
5232132
5573448
5625011
5671643
6034354
6433312
6458345
6581889
3549229
4005543
3958345
4166667
4207957
4583333
4811927
5000000
5232132
5605888
5625011
5671643
6034354
6466752
6458345
6581889
214354
655431
625011
833333
851678
1250000
1457483
1666667
214354
2243333
2291678
2426660
2719796
3094843
3125011
3212333
3539278
635096
625011
833333
851678
1250000
1487075
1666667
1878844
2231933
2291678
2405760
2712358
3100411
3125011
3212333
3529227
3964383
3958345
4166667
4211189
4583333
4799751
5000000
5217914
5553448
5625011
5664651
6061497
6420400
6458345
4211189
3529227
3986076
3958345
4166667
4211189
4583333
4799751
5000000
5217914
5564810
5625011
5664651
6061497
6459760
6458345
4211189
3539278
655431
625011
833333
851678
1250000
1487075
1666667
1878844
2252133
2291678
2405760
2712358
3100411
3125011
3212333
206327
608967
625011
833333
851678
1250000
1498844
1666667
1905556
2176240
2291678
2384860
2703220
3030739
3125011
3212333
3545442
3899134
3958345
4166667
4211189
4583333
4806145
5000000
5243379
5560541
5625011
5747244
6047483
6401741
6458345
6666667
3545442
3937254
3958345
4166667
4211189
4583333
4806145
5000000
5243379
5592341
5625011
5747244
6047483
6439221
6458345
6666667
206327
648967
625011
833333
851678
1250000
1498844
1666667
1905556
2200453
2291678
2384860
2703220
3039859
3125011
3212333
208594
535095
625011
833333
851678
1250000
1477052
1666667
1911859
2189173
2291678
2411650
2741496
3039799
3125011
3212333
3545329
3911795
3958345
4166667
4198463
4583333
4804694
5000000
5231497
5495967
5625011
5692182
6057596
6340810
6458345
6525079
3545329
3927675
3958345
4166667
4198463
4583333
4804694
5000000
5231497
5530287
5625011
5692182
6057596
6398143
6458345
6525079
208594
572611
625011
833333
851678
1250000
1477052
1666667
1911859
2223173
2291678
2411650
2743152
3072919
3125011
3212333
248186
548075
625011
833333
851678
1250000
1469478
1666667
1915215
2145093
2291678
2390750
2704324
3049787
3125011
3212333
3564263
3865600
3958345
4166667
4195231
4583333
4821610
5000000
5245805
5490108
5625011
5644112
6061383
6375530
6458345
6577082
3564263
3898320
3958345
4166667
4195231
4583333
4821610
5000000
5245805
5509748
5625011
5644112
6061383
6411690
6458345
6577082
248186
579075
625011
833333
851678
1250000
1469478
1666667
1915215
2305093
2291678
2390750
2704324
3083707
3125011
3212333
230748
500695
625011
833333
851678
1250000
1474490
1666667
1896053
2147425
2291678
2393790
2727075
3007856
3125011
3212333
3573333
3859365
3958345
4166667
4252599
4583333
4797891
5000000
5222041
5481983
5625011
5699174
6057855
6386216
6458345
6666667
3573333
3893685
3958345
4166667
4252599
4583333
4797891
5000000
5222041
5516303
5625011
5699174
6084558
6411690
6458345
6666667
230748
540695
625011
833333
851678
1250000
1474490
1666667
1896053
2187425
2291678
2393790
2727075
3056563
3125011
3212333
0
0
0
0
0
0
0
0
0
0
0
0
0
0
0
0
0
0
0
0
0
0
0
0
0
0
0
0
0
0
0
0
0
0
0
0
0
0
0
0
0
0
0
0
0
0
0
0
0
0
0
0
0
0
0
0
0
0
0
0
0
0
0
0
0
0
0
0
0
0
0
0
0
0
0
0
0
0
0
0
0
0
0
0
0
0
0
0
0
0
0
0
0
0
0
0
0
0
0
0
0
0
0
0
0
0
0
0
0
0
0
0
0
0
0
0
0
0
0
0
0
0
0
0
0
0
0
0
0
0
0
0
0
0
0
0
0
0
0
0
0
0
0
0
0
0
0
0
0
0
0
0
0
0
0
0
0
0
0
0
0
0
0
0
0
0
0
0
0
0
0
0
0
0
0
0
0
0
0
0
0
0
0
0
0
0
0
0
0
0
0
0
0
0
0
0
0
0
0
0
0
0
0
0
0
0
0
0
0
0
0
0
0
0
0
0
0
0
0
0
0
0
0
0
0
0
0
0
0
0
0
0
0
0
0
0
0
0
0
0
0
0
0
0
0
0
0
0
0
0
0
0
0
0
0
0
0
0
0
0
0
0
0
0
0
0
0
0
0
0
0
0
0
0
0
0
0
0
0
0
0
0
0
0
0
0
0
0
0
0
0
0
0
0
0
0
0
0
0
0
0
0
0
0
0
0
0
0
0
0
0
0
0
0
0
0
0
0
0
0
0
0
0
0
0
0
0
0
0
0
0
0
0
0
0
0
0
0
0
0
0
0
0
0
0
0
0
0
0
0
0
0
0
0
0
0
0
0
0
0
0
0
0
0
0
0
0
0
0
0
0
0
0
0
0
0
0
0
0
0
0
0
0
0
0
0
0
0
0
0
0
0
0
0
0
0
0
0
0
0
0
0
0
0
0
0
0
0
0
0
0
0
0
0
0
0
0
0
0
0
0
0
0
0
0
0
0
0
0
0
0
0
0
0
0
0
0
0
0
0
0
0
0
0
0
0
0
0
0
0
0
0
0
0
0
0
0
0
0
0
0
0
0
0
0
0
0
0
0
0
0
0
0
0
0
0
0
0
0
0
0
0
0
0
0
0
0
0
0
0
0
0
0
0
0
0
0
0
0
0
0
0
0
0
0
0
0
0
0
0
0
0
0
0
0
0
0
0
0
0
0
0
0
0
0
0
0
0
0
0
0
0
0
0
0
0
0
0
0
0
0
0
0
0
0
0
0
0
0
0
0
0
0
0
0
0
0
0
0
0
0
0
0
0
0
0
0
0
0
0
0
0
0
0
0
0
0
0
0
0
0
0
0
0
0
0
0
0
0
0
0
0
0
0
0
0
0
0
0
0
0
0
0
0
0
0
0
0
0
0
0
0
0
0
0
0
0
0
0
0
0
0
0
0
0
0
0
0
0
0
0
0
0
0
0
0
0
0
0
0
0
0
0
0
0
0
0
0
0
0
0
0
0
0
0
0
0
0
0
0
0
0
0
0
0
0
0
0
0
0
0
0
0
0
0
0
0
0
0
0
0
0
0
0
0
0
0
0
0
0
0
0
0
0
0
0
0
0
0
0
0
0
0
0
0
0
0
0
0
0
0
0
0
0
0
0
0
0
0
0
0
0
0
0
0
0
0
0
0
0
0
0
0
0
0
0
0
0
0
0
0
0
0
0
0
0
0
0
0
0
0
0
0
0
0
0
0
0
0
0
0
0
0
0
0
0
0
0
0
0
0
0
0
0
0
0
0
0
0
0
0
0
0
0
0
0
0
0
0
0
0
0
0
0
0
0
0
0
0
0
0
0
0
0
0
0
0
0
0
0
0
0
0
0
0
0
0
0
0
0
0
0
0
0
0
0
0
0
0
0
0
0
2102
772
353
2
1
1
2177
1047
2277
1180
457
2
3909
1325
419
2
2620
904
274
1
1
1
3317
945
1561
887
531
2
3375
1180
490
4
2620
5820
0
0
0
0
3317
0
1561
0
0
0
3375
0
0
0
2102
0
0
0
0
0
2177
0
2277
0
0
0
3909
0
0
0
1975
785
423
1
1
1
2837
1252
1789
726
287
1
3247
1095
416
5
2244
829
288
1
1
1
3394
1786
1732
816
216
1
3688
1460
553
11
2244
2738
0
0
0
0
3394
0
1732
0
0
0
3688
0
0
0
1975
0
0
0
0
0
2837
0
1789
0
0
0
3247
0
0
0
2297
693
31
1
1
2
3168
1382
1796
520
1
1
4065
998
1
1
2759
718
1
1
1
1
3910
1152
1731
610
1
1
4041
981
2
3
2759
1101
0
0
0
0
3910
0
1731
0
0
0
4041
0
0
0
2297
0
0
0
0
0
3168
0
1796
0
0
0
4065
0
0
0
2641
1129
472
1
1
2
4203
1564
1803
950
12
1
4746
1353
65
1
2471
1053
98
1
1
1
4846
1358
2095
1022
28
2
5969
1507
36
1
2471
7898
0
0
0
0
4846
0
2095
0
0
0
5969
0
0
0
2641
0
0
0
0
0
4203
0
1803
0
0
0
4746
0
0
0
1672
729
235
1
1
1
5755
1686
1486
867
170
1
2434
915
364
1
2028
793
385
1
1
2
6503
1619
1248
796
74
1
4720
1733
547
1
2028
2867
0
0
0
0
6503
0
1248
0
0
0
4720
0
0
0
1672
0
0
0
0
0
5755
0
1486
0
0
0
2434
0
0
0
2551
801
2
1
1
1
3667
1343
1493
460
1
1
4237
1901
1
1
2889
875
3
1
1
1
4247
1881
1432
490
1
1
4044
1524
1
1
2889
2644
0
0
0
0
4247
0
1432
0
0
0
4044
0
0
0
2551
0
0
0
0
0
3667
0
1493
0
0
0
4237
0
0
0
3784
1212
372
1
1
1
5156
1884
1799
699
1
1
8036
3347
21
1
3747
1182
103
1
1
2
7448
2834
2709
997
1
1
5249
2209
38
1
3747
1792
0
0
0
0
7448
0
2709
0
0
0
5249
0
0
0
3784
0
0
0
0
0
5156
0
1799
0
0
0
8036
0
0
0
0
0
0
0
0
0
0
0
0
0
0
0
0
0
0
0
0
0
0
0
0
0
0
0
0
0
0
0
0
0
0
0
0
0
0
0
0
0
0
0
0
0
0
0
0
0
0
0
0
0
0
0
0
0
0
0
0
0
0
0
0
0
0
0
0
0
0
0
0
0
0
0
0
0
0
0
0
0
0
0
0
0
0
0
0
0
0
0
0
0
0
0
0
0
0
0
0
0
0
0
0
0
0
0
0
0
0
0
0
0
0
0
0
0
0
0
0
0
0
0
0
0
0
0
0
0
0
0
0
0
0
0
0
0
0
0
0
0
0
0
0
0
0
0
0
0
0
0
0
0
0
0
0
0
0
0
0
0
0
0
0
0
0
0
0
0
0
0
0
0
0
0
0
0
0
0
0
0
0
0
0
0
0
0
0
0
0
0
0
0
0
0
0
0
0
0
0
0
0
0
0
0
0
0
0
0
0
0
0
0
0
0
0
0
0
0
0
0
0
0
0
0
0
0
0
0
0
0
0
0
0
0
0
0
0
0
0
0
0
0
0
0
0
0
0
0
0
0
0
0
0
0
0
0
0
0
0
0
0
0
0
0
0
0
0
0
0
0
0
0
0
0
0
0
0
0
0
0
0
0
0
0
0
0
0
0
0
0
0
0
0
0
0
0
0
0
0
0
0
0
0
0
0
0
0
0
0
0
0
0
0
0
0
0
0
0
0
0
0
0
0
0
0
0
0
0
0
0
0
0
0
0
0
0
0
0
0
0
0
0
0
0
0
0
0
0
0
0
0
0
0
0
0
0
0
0
0
0
0
0
0
0
0
0
0
0
0
0
0
0
0
0
0
0
0
0
0
0
0
0
0
0
0
0
0
0
0
0
0
0
0
0
0
0
0
0
0
0
0
0
0
0
0
0
0
0
0
0
0
0
0
0
0
0
0
0
0
0
0
0
0
0
0
0
0
0
0
0
0
0
0
0
0
0
0
0
0
0
0
0
0
0
0
0
0
0
0
0
0
0
0
0
0
0
0
0
0
0
0
0
0
0
0
0
0
0
0
0
0
0
0
0
0
0
0
0
0
0
0
0
0
0
0
0
0
0
0
0
0
0
0
0
0
0
0
0
0
0
0
0
0
0
0
0
0
0
0
0
0
0
0
0
0
0
0
0
0
0
0
0
0
0
0
0
0
0
0
0
0
0
0
0
0
0
0
0
0
0
0
0
0
0
0
0
0
0
0
0
0
0
0
0
0
0
0
0
0
0
0
0
0
0
0
0
0
0
0
0
0
0
0
0
0
0
0
0
0
0
0
0
0
0
0
0
0
0
0
0
0
0
0
0
0
0
0
0
0
0
0
0
0
0
0
0
0
0
0
0
0
0
0
0
0
0
0
0
0
0
0
0
0
0
0
0
0
0
0
0
0
0
0
0
0
0
0
0
0
0
0
0
0
0
0
0
0
0
0
0
0
0
0
0
0
0
0
0
0
0
0
0
0
0
0
0
0
0
0
0
0
0
0
0
0
0
0
0
0
0
0
0
0
0
0
0
0
0
0
0
0
0
0
0
0
0
0
0
0
0
0
0
0
0
0
0
0
0
0
0
0
0
0
0
0
0
0
0
0
0
0
0
0
0
0
0
0
0
0
0
0
0
0
0
0
0
0
0
0
0
0
0
0
0
0
0
0
0
0
0
0
0
0
0
0
0
0
0
0
0
0
0
0
0
0
0
0
0
0
0
0
0
0
0
0
0
0
0
0
0
0
0
0
0
0
0
0
0
0
0
0
0
0
0
0
0
0
0
0
0
0
0
0
0
0
0
0
0
0
0
0
0
0
0
0
0
0
0
0
0
0
0
0
0
0
0
0
0
0
0
0
0
0
0
2216
1451
869
3
1
2
3166
1905
1894
1266
141
2
3144
1501
266
2
2727
1328
638
4
1
2
3364
1688
2296
1368
433
3
2506
1800
1096
3
2727
3131
0
0
0
0
3364
0
2296
0
0
0
2506
0
0
0
2216
0
0
0
0
0
3166
0
1894
0
0
0
3144
0
0
0
2059
999
356
2
1
5
2806
1191
2059
1066
57
2
3046
1663
182
5
2038
951
401
2
1
2
2534
1545
2714
1118
87
2
3272
1577
574
2
2038
16326
0
0
0
0
2534
0
2714
0
0
0
3272
0
0
0
2059
0
0
0
0
0
2806
0
2059
0
0
0
3046
0
0
0
2193
1232
469
1
1
1
3332
1612
2139
1092
53
2
4277
1664
439
2
2020
1014
459
1
1
1
3468
1603
1612
985
12
1
4538
1798
76
1
2020
20807
0
0
0
0
3468
0
1612
0
0
0
4538
0
0
0
2193
0
0
0
0
0
3332
0
2139
0
0
0
4277
0
0
0
1586
903
352
1
1
1
3321
1724
1483
947
2
1
4274
2006
5
1
1669
891
123
1
1
2
3359
1846
1530
994
44
1
4798
1979
25
1
1669
4761
0
0
0
0
3359
0
1530
0
0
0
4798
0
0
0
1586
0
0
0
0
0
3321
0
1483
0
0
0
4274
0
0
0
1965
1123
22
1
1
1
5838
2574
1384
953
5
1
4920
2440
19
1
2016
939
69
1
1
1
5386
2828
1610
1133
2
1
5667
2428
6
2
2016
1534
0
0
0
0
5386
0
1610
0
0
0
5667
0
0
0
1965
0
0
0
0
0
5838
0
1384
0
0
0
4920
0
0
0
3490
1515
12
1
1
1
4706
2388
2193
868
2
1
4739
2928
39
1
2561
999
6
1
1
1
5834
3064
2170
988
2
1
6105
3099
16
1
2561
2044
0
0
0
0
5834
0
2170
0
0
0
6105
0
0
0
3490
0
0
0
0
0
4706
0
2193
0
0
0
4739
0
0
0
3358
1130
2
1
1
1
6273
3318
2389
1266
2
1
5412
2594
2
1
2887
1146
3
1
1
4
5483
1618
4084
1627
2
1
5156
2643
19
1
2887
3493
0
0
0
0
5483
0
4084
0
0
0
5156
0
0
0
3358
0
0
0
0
0
6273
0
2389
0
0
0
5412
0
0
0
0
0
0
0
0
0
0
0
0
0
0
0
0
0
0
0
0
0
0
0
0
0
0
0
0
0
0
0
0
0
0
0
0
0
0
0
0
0
0
0
0
0
0
0
0
0
0
0
0
0
0
0
0
0
0
0
0
0
0
0
0
0
0
0
0
0
0
0
0
0
0
0
0
0
0
0
0
0
0
0
0
0
0
0
0
0
0
0
0
0
0
0
0
0
0
0
0
0
0
0
0
0
0
0
0
0
0
0
0
0
0
0
0
0
0
0
0
0
0
0
0
0
0
0
0
0
0
0
0
0
0
0
0
0
0
0
0
0
0
0
0
0
0
0
0
0
0
0
0
0
0
0
0
0
0
0
0
0
0
0
0
0
0
0
0
0
0
0
0
0
0
0
0
0
0
0
0
0
0
0
0
0
0
0
0
0
0
0
0
0
0
0
0
0
0
0
0
0
0
0
0
0
0
0
0
0
0
0
0
0
0
0
0
0
0
0
0
0
0
0
0
0
0
0
0
0
0
0
0
0
0
0
0
0
0
0
0
0
0
0
0
0
0
0
0
0
0
0
0
0
0
0
0
0
0
0
0
0
0
0
0
0
0
0
0
0
0
0
0
0
0
0
0
0
0
0
0
0
0
0
0
0
0
0
0
0
0
0
0
0
0
0
0
0
0
0
0
0
0
0
0
0
0
0
0
0
0
0
0
0
0
0
0
0
0
0
0
0
0
0
0
0
0
0
0
0
0
0
0
0
0
0
0
0
0
0
0
0
0
0
0
0
0
0
0
0
0
0
0
0
0
0
0
0
0
0
0
0
0
0
0
0
0
0
0
0
0
0
0
0
0
0
0
0
0
0
0
0
0
0
0
0
0
0
0
0
0
0
0
0
0
0
0
0
0
0
0
0
0
0
0
0
0
0
0
0
0
0
0
0
0
0
0
0
0
0
0
0
0
0
0
0
0
0
0
0
0
0
0
0
0
0
0
0
0
0
0
0
0
0
0
0
0
0
0
0
0
0
0
0
0
0
0
0
0
0
0
0
0
0
0
0
0
0
0
0
0
0
0
0
0
0
0
0
0
0
0
0
0
0
0
0
0
0
0
0
0
0
0
0
0
0
0
0
0
0
0
0
0
0
0
0
0
0
0
0
0
0
0
0
0
0
0
0
0
0
0
0
0
0
0
0
0
0
0
0
0
0
0
0
0
0
0
0
0
0
0
0
0
0
0
0
0
0
0
0
0
0
0
0
0
0
0
0
0
0
0
0
0
0
0
0
0
0
0
0
0
0
0
0
0
0
0
0
0
0
0
0
0
0
0
0
0
0
0
0
0
0
0
0
0
0
0
0
0
0
0
0
0
0
0
0
0
0
0
0
0
0
0
0
0
0
0
0
0
0
0
0
0
0
0
0
0
0
0
0
0
0
0
0
0
0
0
0
0
0
0
0
0
0
0
0
0
0
0
0
0
0
0
0
0
0
0
0
0
0
0
0
0
0
0
0
0
0
0
0
0
0
0
0
0
0
0
0
0
0
0
0
0
0
0
0
0
0
0
0
0
0
0
0
0
0
0
0
0
0
0
0
0
0
0
0
0
0
0
0
0
0
0
0
0
0
0
0
0
0
0
0
0
0
0
0
0
0
0
0
0
0
0
0
0
0
0
0
0
0
0
0
0
0
0
0
0
0
0
0
0
0
0
0
0
0
0
0
0
0
0
0
0
0
0
0
0
0
0
0
0
0
0
0
0
0
0
0
0
0
0
0
0
0
0
0
0
0
0
0
0
0
0
0
0
0
0
0
0
0
0
0
0
0
0
0
0
0
0
0
0
0
0
0
0
0
0
0
0
0
0
0
0
0
0
0
0
0
0
0
0
0
0
0
0
0
20
46
46
46
46
46
20
46
20
46
46
46
20
46
46
46
20
46
46
46
46
46
20
46
20
46
46
46
20
46
46
46
20
46
46
46
46
46
20
46
20
46
46
46
20
46
46
46
20
46
46
46
46
46
20
46
20
46
46
46
20
46
46
46
46
46
46
46
46
46
46
46
46
46
46
46
46
46
46
46
46
46
46
46
46
46
46
46
46
46
46
46
46
46
46
46
46
46
46
46
46
46
46
46
46
46
46
46
46
46
46
46
46
46
46
46
46
46
46
46
46
46
46
46
46
46
46
46
46
46
46
46
46
46
46
46
46
46
46
46
46
46
46
46
46
46
46
46
46
46
46
46
46
46
46
46
46
46
46
46
46
46
46
46
46
46
46
46
46
46
46
46
46
46
46
46
46
46
46
46
46
46
46
46
46
46
46
46
46
46
46
46
46
46
46
46
46
46
46
46
46
46
46
46
46
46
46
46
46
46
46
46
46
46
46
46
46
46
46
46
46
46
46
46
46
46
46
46
46
46
46
46
46
46
46
46
46
46
46
46
46
46
46
46
46
46
46
46
46
46
46
46
46
46
46
46
46
46
46
46
46
46
46
46
46
46
46
46
46
46
46
46
46
46
46
46
46
46
46
46
46
46
46
46
46
46
46
46
46
46
46
46
46
46
46
46
46
46
46
46
46
46
46
46
46
46
46
46
46
46
46
46
46
46
46
46
46
46
46
46
46
46
46
46
46
46
46
46
46
46
46
46
46
46
46
46
46
46
46
46
46
46
46
46
46
46
46
46
46
46
46
46
46
46
46
46
46
46
46
46
46
46
46
46
46
46
46
46
46
46
46
46
46
46
46
46
46
46
46
46
46
46
46
46
46
46
46
46
46
46
46
46
46
46
46
46
46
46
46
46
46
46
46
46
46
46
46
46
46
46
46
46
46
46
46
46
46
46
46
46
46
46
46
46
46
46
46
46
46
46
46
46
46
46
46
46
46
46
46
46
46
46
46
46
46
46
46
46
46
46
46
46
46
46
46
46
46
46
46
46
46
46
46
46
46
46
46
46
46
46
46
46
46
46
46
46
46
46
46
46
46
46
46
46
46
46
46
46
46
46
46
46
46
46
46
46
46
46
46
46
46
46
46
46
46
46
46
46
46
46
46
46
46
46
46
46
46
46
46
46
46
46
46
46
46
46
46
46
46
46
46
46
46
46
46
46
46
46
46
46
46
46
46
46
46
46
46
46
46
46
46
46
46
46
46
46
46
46
46
46
46
46
46
46
46
46
46
46
46
46
46
46
46
46
46
46
46
46
46
46
46
46
46
46
46
46
46
46
46
46
46
46
46
46
46
46
46
46
46
46
46
46
46
46
46
46
46
46
46
46
46
46
46
46
46
46
46
46
46
46
46
46
46
46
46
46
46
46
46
46
46
46
46
46
46
46
46
46
46
46
46
46
46
46
46
46
46
46
46
46
46
46
46
46
46
46
46
46
46
46
46
46
46
46
46
46
46
46
46
46
46
46
46
46
46
46
46
46
46
46
46
46
46
46
46
46
46
46
46
46
46
46
46
46
46
46
46
46
46
46
46
46
46
46
20
46
46
46
46
46
20
46
20
46
46
46
20
46
46
46
20
46
46
46
46
46
20
46
20
46
46
46
20
46
46
46
20
46
46
46
46
46
20
46
20
46
46
46
20
46
46
46
20
46
46
46
46
46
20
46
20
46
46
46
20
46
46
46
46
46
46
46
46
46
46
46
46
46
46
46
46
46
46
46
46
46
46
46
46
46
46
46
46
46
46
46
46
46
46
46
46
46
46
46
46
46
46
46
46
46
46
46
46
46
46
46
46
46
46
46
46
46
46
46
46
46
46
46
46
46
46
46
46
46
46
46
46
46
46
46
46
46
46
46
46
46
46
46
46
46
46
46
46
46
46
46
46
46
46
46
46
46
46
46
46
46
46
46
46
46
46
46
46
46
46
46
46
46
46
46
46
46
46
46
46
46
46
46
46
46
46
46
46
46
46
46
46
46
46
46
46
46
46
46
46
46
46
46
46
46
46
46
46
46
46
46
46
46
46
46
46
46
46
46
46
46
46
46
46
46
46
46
46
46
46
46
46
46
46
46
46
46
46
46
46
46
46
46
46
46
46
46
46
46
46
46
46
46
46
46
46
46
46
46
46
46
46
46
46
46
46
46
46
46
46
46
46
46
46
46
46
46
46
46
46
46
46
46
46
46
46
46
46
46
46
46
46
46
46
46
46
46
46
46
46
46
46
46
46
46
46
46
46
46
46
46
46
46
46
46
46
46
46
46
46
46
46
46
46
46
46
46
46
46
46
46
46
46
46
46
46
46
46
46
46
46
46
46
46
46
46
46
46
46
46
46
46
46
46
46
46
46
46
46
46
46
46
46
46
46
46
46
46
46
46
46
46
46
46
46
46
46
46
46
46
46
46
46
46
46
46
46
46
46
46
46
46
46
46
46
46
46
46
46
46
46
46
46
46
46
46
46
46
46
46
46
46
46
46
46
46
46
46
46
46
46
46
46
46
46
46
46
46
46
46
46
46
46
46
46
46
46
46
46
46
46
46
46
46
46
46
46
46
46
46
46
46
46
46
46
46
46
46
46
46
46
46
46
46
46
46
46
46
46
46
46
46
46
46
46
46
46
46
46
46
46
46
46
46
46
46
46
46
46
46
46
46
46
46
46
46
46
46
46
46
46
46
46
46
46
46
46
46
46
46
46
46
46
46
46
46
46
46
46
46
46
46
46
46
46
46
46
46
46
46
46
46
46
46
46
46
46
46
46
46
46
46
46
46
46
46
46
46
46
46
46
46
46
46
46
46
46
46
46
46
46
46
46
46
46
46
46
46
46
46
46
46
46
46
46
46
46
46
46
46
46
32
46
46
46
46
46
32
46
46
46
46
46
46
46
46
46
32
46
46
46
46
46
32
46
46
46
46
46
46
46
46
46
32
46
46
46
46
46
32
46
46
46
46
46
46
46
46
46
32
46
46
46
46
46
32
46
46
46
46
46
46
46
46
46
46
46
46
46
46
46
46
46
46
46
46
46
46
46
46
46
46
46
46
46
46
46
46
46
46
46
46
46
46
46
46
46
46
46
46
46
46
46
46
46
46
46
46
46
46
46
46
46
46
46
46
46
46
46
46
46
46
46
20
46
46
46
46
46
20
46
20
46
46
46
20
46
46
46
20
46
46
46
46
46
20
46
20
46
46
46
20
46
46
46
46
46
46
46
46
46
46
46
46
46
46
46
46
46
46
46
46
46
46
46
46
46
46
46
46
46
46
46
46
46
46
46
46
46
46
46
46
46
46
46
46
46
46
46
46
46
46
46
46
46
46
46
46
46
46
46
46
46
46
46
46
46
46
46
46
46
46
46
46
46
46
46
46
46
46
46
46
46
46
46
46
46
46
46
46
46
46
46
46
46
46
46
46
46
46
46
46
46
46
46
46
46
46
46
46
46
46
46
46
46
46
46
46
46
46
46
46
46
46
46
46
46
46
46
46
46
46
46
46
46
46
46
46
46
46
46
46
46
46
46
46
46
46
46
46
46
46
46
46
46
46
46
46
46
46
46
46
46
46
46
46
46
46
46
46
46
46
46
46
46
46
46
46
46
46
46
46
46
46
46
46
46
46
46
46
46
46
46
46
46
46
46
46
46
46
46
46
46
46
46
46
46
46
46
46
46
46
46
46
46
46
46
46
46
46
46
46
46
46
46
46
46
46
46
46
46
46
46
46
46
46
46
46
46
46
46
46
46
46
46
46
46
46
46
46
46
46
46
46
46
46
46
46
46
46
46
46
46
46
46
46
46
46
46
46
46
46
46
46
46
46
46
46
46
46
46
46
46
46
46
46
46
46
46
46
46
46
46
46
46
46
46
46
46
46
46
46
46
46
46
46
46
46
46
46
46
46
46
46
46
46
46
46
46
46
46
46
46
46
46
46
46
46
46
46
46
46
46
46
46
46
46
46
46
46
46
46
46
46
46
46
46
46
46
46
46
46
46
46
46
46
46
46
46
46
46
46
46
46
46
46
46
46
46
46
46
46
46
46
46
46
46
46
46
46
46
46
46
46
46
46
46
46
46
46
46
46
46
46
46
46
46
46
46
46
46
46
46
46
46
46
46
46
46
46
46
46
46
46
46
46
46
46
46
46
46
46
46
46
46
46
46
46
46
46
46
46
46
46
46
46
46
46
46
46
46
46
46
46
46
46
46
46
46
46
46
46
46
46
46
46
46
46
46
46
46
46
46
46
46
46
46
46
46
46
46
46
46
46
46
46
46
46
46
46
46
46
46
46
46
46
46
46
46
46
46
46
46
46
46
46
46
46
46
46
46
46
46
46
46
46
46
46
46
46
46
46
46
46
46
46
46
46
46
46
46
46
46
46
46
46
46
46
46
46
46
46
46
46
46
46
46
46
46
46
46
46
46
46
46
46
46
46
46
46
46
46
46
46
46
32
46
46
46
46
46
32
46
46
46
46
46
46
46
46
46
32
46
46
46
46
46
32
46
46
46
46
46
46
46
46
46
32
46
46
46
46
46
32
46
46
46
46
46
46
46
46
46
32
46
46
46
46
46
32
46
46
46
46
46
46
46
46
46
46
46
46
46
46
46
46
46
46
46
46
46
46
46
46
46
46
46
46
46
46
46
46
46
46
46
20
46
46
46
46
46
20
46
20
46
46
46
20
46
46
46
20
46
46
46
46
46
20
46
20
46
46
46
20
46
46
46
20
46
46
46
46
46
20
46
20
46
46
46
20
46
46
46
20
46
46
46
46
46
20
46
20
46
46
46
20
46
46
46
20
46
46
46
46
46
20
46
20
46
46
46
20
46
46
46
20
46
46
46
46
46
20
46
20
46
46
46
20
46
46
46
20
46
46
46
46
46
20
46
20
46
46
46
20
46
46
46
20
46
46
46
46
46
20
46
20
46
46
46
20
46
46
46
20
46
46
46
46
46
20
46
20
46
46
46
20
46
46
46
20
46
46
46
46
46
20
46
20
46
46
46
20
46
46
46
20
46
46
46
46
46
20
46
20
46
46
46
20
46
46
46
20
46
46
46
46
46
20
46
20
46
46
46
20
46
46
46
46
46
46
46
46
46
46
46
46
46
46
46
46
46
46
46
46
46
46
46
46
46
46
46
46
46
46
46
46
46
46
46
46
46
46
46
46
46
46
46
46
46
46
46
46
46
46
46
46
46
46
46
46
46
46
46
46
46
46
46
46
46
46
46
46
46
46
46
46
46
46
46
46
46
46
46
46
46
46
46
46
46
46
46
46
46
46
46
46
46
46
46
46
46
46
46
46
46
46
46
46
46
46
46
46
46
46
46
46
46
46
46
46
46
46
46
46
46
46
46
46
46
46
46
46
46
46
46
46
46
46
46
46
46
46
46
46
46
46
46
46
46
46
46
46
46
46
46
46
46
46
46
46
46
46
46
46
46
46
46
46
46
46
46
46
46
46
46
46
46
46
46
46
46
46
46
46
46
46
46
46
46
46
46
46
46
46
46
46
46
46
46
46
46
46
46
46
46
46
46
46
46
46
46
46
46
46
46
46
46
46
46
46
46
46
46
46
46
46
46
46
46
46
46
46
46
46
46
46
46
46
46
46
46
46
46
46
46
46
46
46
46
46
46
46
46
46
46
46
46
46
46
46
46
46
46
46
46
46
46
46
46
46
46
46
46
46
46
46
46
46
46
46
46
46
46
46
46
46
46
46
46
46
46
46
46
46
46
46
46
46
46
46
46
46
46
46
46
46
46
46
46
46
46
46
46
46
46
46
46
46
46
46
46
46
46
46
46
46
46
46
46
46
46
46
46
46
46
46
46
46
46
46
46
46
46
46
46
46
46
46
46
46
46
46
46
46
46
46
46
46
46
46
46
46
46
46
46
46
46
46
46
46
46
46
46
46
46
46
46
46
46
46
46
46
46
46
46
46
46
46
46
46
46
46
46
46
46
46
46
46
46
46
46
46
46
46
46
46
46
46
46
46
46
46
46
46
46
46
46
46
46
46
46
46
46
46
46
46
46
46
46
32
46
46
46
46
46
32
46
46
46
46
46
46
46
46
46
32
46
46
46
46
46
32
46
46
46
46
46
46
46
46
46
46
46
46
46
46
46
46
46
46
46
46
46
46
46
46
46
46
46
46
46
46
46
46
46
46
46
46
46
46
46
46
46
46
46
46
46
46
46
46
46
46
46
46
46
46
46
46
46
46
46
46
46
46
46
46
46
46
46
46
46
46
46
46
46
46
46
46
46
46
46
46
46
46
46
46
46
46
46
46
46
46
46
46
46
46
46
46
46
46
46
46
46
46
46
46
46
46
46
46
46
46
46
46
46
46
46
46
46
46
46
46
46
46
46
46
46
46
46
46
46
46
46
46
46
46
46
46
46
46
46
46
46
46
46
46
46
46
46
46
46
46
46
46
46
46
46
46
46
46
46
46
46
46
46
46
46
46
46
46
46
46
46
46
46
46
46
46
46
46
46
46
46
46
46
46
46
46
46
46
46
46
46
46
46
46
46
46
46
46
46
46
46
46
46
46
46
46
46
46
46
46
46
46
46
46
46
46
46
46
46
46
46
46
46
46
46
46
46
46
46
46
46
46
46
46
46
46
46
46
46
46
46
46
46
46
46
46
46
46
46
46
46
46
46
46
46
46
46
46
46
46
46
46
46
46
46
46
46
46
46
46
46
46
46
46
46
46
46
46
46
46
46
46
46
46
46
46
46
46
46
46
46
46
46
46
46
46
46
46
46
46
46
46
46
46
46
46
46
46
46
46
46
46
46
46
46
46
46
46
46
46
46
46
46
46
46
46
46
46
46
46
46
46
46
46
46
46
46
46
46
46
46
46
46
46
46
46
46
46
46
46
46
46
46
46
46
46
46
46
46
46
46
46
46
46
46
46
46
46
46
46
46
46
46
46
46
46
46
46
46
46
46
46
46
46
46
46
46
46
46
46
46
46
46
46
46
46
46
46
46
46
46
46
46
46
46
46
46
46
46
46
46
46
46
46
46
46
46
46
46
46
46
46
46
46
46
46
46
46
46
46
46
46
46
46
46
46
46
46
46
46
46
46
46
46
46
46
46
46
46
46
46
46
46
46
46
46
46
46
46
46
46
46
46
46
46
46
46
46
46
46
46
46
46
46
46
46
46
46
46
46
46
46
46
46
46
46
46
46
46
46
46
46
46
46
46
46
46
46
46
46
46
46
46
46
46
46
46
46
46
46
46
46
46
46
46
46
46
46
46
46
46
46
46
46
46
46
46
46
46
46
46
46
46
46
46
46
46
46
46
46
46
46
46
46
46
46
46
46
46
46
46
46
46
46
46
46
46
46
46
46
46
46
46
46
46
46
46
46
46
46
46
46
46
46
46
46
46
46
46
46
46
46
46
46
46
46
46
46
46
46
46
46
46
46
46
46
46
46
46
46
46
46
46
46
46
46
46
46
46
46
46
46
46
46
46
46
46
46
46
46
46
46
46
46
46
46
46
46
46
46
46
46
46
46
46
46
46
46
46
46
46
46
46
46
46
46
46
46
46
32
46
46
46
46
46
32
46
46
46
46
46
46
46
46
46
32
46
46
46
46
46
32
46
46
46
46
46
46
46
46
46
32
46
46
46
46
46
32
46
46
46
46
46
46
46
46
46
32
46
46
46
46
46
32
46
46
46
46
46
46
46
46
46
32
46
46
46
46
46
32
46
46
46
46
46
46
46
46
46
32
46
46
46
46
46
32
46
46
46
46
46
46
46
46
46
32
46
46
46
46
46
32
46
46
46
46
46
46
46
46
46
32
46
46
46
46
46
32
46
46
46
46
46
46
46
46
46
32
46
46
46
46
46
32
46
46
46
46
46
46
46
46
46
32
46
46
46
46
46
32
46
46
46
46
46
46
46
46
46
32
46
46
46
46
46
32
46
46
46
46
46
46
46
46
46
32
46
46
46
46
46
32
46
46
46
46
46
46
46
46
46
46
46
46
46
46
46
46
46
46
46
46
46
46
46
46
46
46
46
46
46
46
46
46
46
46
46
46
46
46
46
46
46
46
46
46
46
46
46
46
46
46
46
46
46
46
46
46
46
46
46
46
46
46
46
46
46
46
46
46
46
46
46
46
46
46
46
46
46
46
46
46
46
46
46
46
46
46
46
46
46
46
46
46
46
46
46
46
46
46
46
46
46
46
46
46
46
46
46
46
46
46
46
46
46
46
46
46
46
46
46
46
46
46
46
46
46
46
46
46
46
46
46
46
46
46
46
46
46
46
46
46
46
46
46
46
46
46
46
46
46
46
46
46
46
46
46
46
46
46
46
46
46
46
46
46
46
46
46
46
46
46
46
46
46
46
46
46
46
46
46
46
46
46
46
46
46
46
46
46
46
46
46
46
46
46
46
46
46
46
46
46
46
46
46
46
46
46
46
46
46
46
46
46
46
46
46
46
46
46
46
46
46
46
46
46
46
46
46
46
46
46
46
46
46
46
46
46
46
46
46
46
46
46
46
46
46
46
46
46
46
46
46
46
46
46
46
46
46
46
46
46
46
46
46
46
46
46
46
46
46
46
46
46
46
46
46
46
46
46
46
46
46
46
46
46
46
46
46
46
46
46
46
0
0
0
0
0
0
0
0
0
0
0
0
0
0
0
0
0
0
0
0
0
0
0
0
0
0
0
0
0
0
0
0
0
0
0
0
0
0
0
0
0
0
0
0
0
0
0
0
0
0
0
0
0
0
0
0
0
0
0
0
0
0
0
0
1
0
0
0
0
0
1
0
1
0
0
0
1
0
0
0
1
0
0
0
0
0
1
0
1
0
0
0
1
0
0
0
0
27
0
0
27
0
0
0
0
27
0
27
0
27
0
27
0
27
0
0
27
0
0
0
0
27
0
27
0
27
0
27
0
0
0
0
0
0
0
0
0
0
0
0
0
0
0
0
0
0
0
0
0
0
0
0
0
0
0
0
0
0
0
0
0
0
0
0
0
0
0
0
0
0
0
0
0
0
0
0
0
0
0
0
0
0
0
0
0
0
0
0
0
0
0
0
0
0
0
0
0
0
0
0
0
0
0
0
0
0
0
0
0
0
0
0
0
0
0
0
0
0
0
0
0
0
0
0
0
0
0
0
0
0
0
0
0
0
0
0
0
0
0
0
0
0
0
0
0
0
0
0
0
0
0
0
0
0
0
0
0
0
0
0
0
0
-27
0
0
0
0
0
0
0
0
0
0
0
0
0
0
0
-27
0
0
0
0
0
0
0
0
0
0
0
0
0
0
0
0
0
0
0
0
0
0
0
0
0
0
0
0
0
0
0
0
0
0
0
0
0
0
0
0
0
0
0
0
0
0
0
0
0
0
0
0
0
0
0
0
0
0
0
0
0
0
0
0
0
0
0
0
0
0
0
0
0
0
0
0
0
0
0
0
0
0
0
0
0
0
0
0
0
0
0
0
0
0
0
0
0
0
0
0
0
0
0
0
0
0
-1
-1
-1
-1
-1
0
-1
0
-1
-1
-1
0
-1
-1
-1
0
-1
-1
-1
-1
-1
0
-1
0
-1
-1
-1
0
-1
-1
-1
-1
-1
-1
-1
-1
-1
-1
-1
-1
-1
-1
-1
-1
-1
-1
-1
-1
-1
-1
-1
-1
-1
-1
-1
-1
-1
-1
-1
-1
-1
-1
-1
0
0
0
0
0
0
0
0
0
0
0
0
0
0
0
0
0
0
0
0
0
0
0
0
0
0
0
0
0
0
0
0
0
0
0
0
0
0
0
0
0
0
0
0
0
0
0
0
0
0
0
0
0
0
0
0
0
0
0
0
0
0
0
0
0
0
0
0
0
0
0
0
0
0
0
0
0
0
0
0
0
0
0
0
0
0
0
0
0
0
0
0
0
0
0
0
0
0
0
0
0
0
0
0
0
0
0
0
0
0
0
0
0
0
0
0
0
0
0
0
0
0
0
0
0
0
0
0
0
0
0
0
0
0
0
0
0
0
0
0
0
0
0
0
0
0
0
0
0
0
0
0
0
0
0
0
0
0
0
0
0
0
0
0
0
0
0
0
0
0
0
0
0
0
0
0
0
0
0
0
0
0
0
0
0
0
0
0
0
0
0
0
0
0
0
0
0
0
0
0
0
0
0
0
0
0
0
0
0
0
0
0
0
0
0
0
0
0
0
0
0
0
0
0
0
0
0
0
0
0
0
0
0
0
0
0
0
0
0
0
0
0
0
0
0
0
0
0
0
0
0
0
0
0
0
0
0
0
0
0
0
0
0
0
0
0
0
0
0
0
0
0
0
0
0
0
0
0
0
0
0
0
0
0
0
0
0
0
0
0
0
0
0
0
0
0
0
0
0
0
0
0
0
0
0
0
0
0
0
0
0
0
0
0
0
0
0
0
0
0
0
0
0
0
0
0
0
0
0
0
0
0
0
0
0
0
0
0
0
0
0
0
0
0
0
0
0
0
0
0
0
0
0
0
0
0
0
0
0
0
0
0
0
0
0
0
0
0
0
0
0
0
0
0
0
0
0
0
0
0
0
0
0
0
6
6
6
6
6
6
6
6
6
6
6
6
6
6
6
6
6
6
6
6
6
6
6
6
6
6
6
6
6
6
6
6
0
0
0
0
0
0
0
0
0
0
0
0
0
0
0
0
0
0
0
0
0
0
0
0
0
0
0
0
0
0
0
0
6
6
6
6
6
6
6
6
6
6
6
6
6
6
6
6
6
6
6
6
6
6
6
6
6
6
6
6
6
6
6
6
0
0
0
0
0
0
0
0
0
0
0
0
0
0
0
0
0
0
0
0
0
0
0
0
0
0
0
0
0
0
0
0
6
6
6
6
6
6
6
6
6
6
6
6
6
6
6
6
6
6
6
6
6
6
6
6
6
6
6
6
6
6
6
6
0
0
0
0
0
0
0
0
0
0
0
0
0
0
0
0
0
0
0
0
0
0
0
0
0
0
0
0
0
0
0
0
6
6
6
6
6
6
6
6
6
6
6
6
6
6
6
6
6
6
6
6
6
6
6
6
6
6
6
6
6
6
6
6
0
0
0
0
0
0
0
0
0
0
0
0
0
0
0
0
0
0
0
0
0
0
0
0
0
0
0
0
0
0
0
0
6
6
6
6
6
6
6
6
6
6
6
6
6
6
6
6
6
6
6
6
6
6
6
6
6
6
6
6
6
6
6
6
0
0
0
0
0
0
0
0
0
0
0
0
0
0
0
0
0
0
0
0
0
0
0
0
0
0
0
0
0
0
0
0
6
6
6
6
6
6
6
6
6
6
6
6
6
6
6
6
6
6
6
6
6
6
6
6
6
6
6
6
6
6
6
6
0
0
0
0
0
0
0
0
0
0
0
0
0
0
0
0
0
0
0
0
0
0
0
0
0
0
0
0
0
0
0
0
0
0
0
0
0
0
0
0
0
0
0
0
0
0
0
0
0
0
0
0
0
0
0
0
0
0
0
0
0
0
0
0
0
0
0
0
0
0
0
0
0
0
0
0
0
0
0
0
0
0
0
0
0
0
0
0
0
0
0
0
0
0
0
0
6
6
6
6
6
6
6
6
6
6
6
6
6
6
6
6
6
6
6
6
6
6
6
6
6
6
6
6
6
6
6
6
0
0
0
0
0
0
0
0
0
0
0
0
0
0
0
0
0
0
0
0
0
0
0
0
0
0
0
0
0
0
0
0
6
6
6
6
6
6
6
6
6
6
6
6
6
6
6
6
6
6
6
6
6
6
6
6
6
6
6
6
6
6
6
6
0
0
0
0
0
0
0
0
0
0
0
0
0
0
0
0
0
0
0
0
0
0
0
0
0
0
0
0
0
0
0
0
6
6
6
6
6
6
6
6
6
6
6
6
6
6
6
6
6
6
6
6
6
6
6
6
6
6
6
6
6
6
6
6
0
0
0
0
0
0
0
0
0
0
0
0
0
0
0
0
0
0
0
0
0
0
0
0
0
0
0
0
0
0
0
0
6
6
6
6
6
6
6
6
6
6
6
6
6
6
6
6
6
6
6
6
6
6
6
6
6
6
6
6
6
6
6
6
0
0
0
0
0
0
0
0
0
0
0
0
0
0
0
0
0
0
0
0
0
0
0
0
0
0
0
0
0
0
0
0
6
6
6
6
6
6
6
6
6
6
6
6
6
6
6
6
6
6
6
6
6
6
6
6
6
6
6
6
6
6
6
6
0
0
0
0
0
0
0
0
0
0
0
0
0
0
0
0
0
0
0
0
0
0
0
0
0
0
0
0
0
0
0
0
6
6
6
6
6
6
6
6
6
6
6
6
6
6
6
6
6
6
6
6
6
6
6
6
6
6
6
6
6
6
6
6
0
0
0
0
0
0
0
0
0
0
0
0
0
0
0
0
0
0
0
0
0
0
0
0
0
0
0
0
0
0
0
0
0
0
0
0
0
0
0
0
0
0
0
0
0
0
0
0
0
0
0
0
0
0
0
0
0
0
0
0
0
0
0
0
0
0
0
0
0
0
0
0
0
0
0
0
0
0
0
0
0
0
0
0
0
0
0
0
0
0
0
0
0
0
0
0
