%pattern_data
4
4
4
0
1
32
-45
0
52
88
0
1
0
0
0
0
10
99
0
0
0
0
0
0
0
0
0
53
-1
-1
0
0
0
50
0
0
19
110
65
0
0
1
0
1
0
0
0
0
0
0
0
0
0
1
1
0
0
0
0
2
1
0
1
0
1
0
1
0
1
0
1
0
1
0
1
0
1
0
1
0
1
0
1
0
1
0
1
0
1
0
1
0
1
0
1
0
1
0
1
0
1
0
1
0
1
0
1
0
1
0
1
0
1
0
1
0
1
0
1
0
1
0
1
0
-48
-45
-45
-45
-45
-45
-45
-45
-45
-45
-45
-45
-45
-45
-45
-45
-45
-45
-45
-45
-45
-45
-45
-45
-45
-45
-45
-45
-45
-45
-45
-45
315306
576916
896417
1153855
1465374
1730771
2038390
2307687
2626440
2884626
3207392
3461542
3786531
4038458
4345034
4615374
4896689
5192313
5529569
5769229
6074218
6346145
6644671
6923084
7220884
7500000
7796576
8076916
8364036
8653855
8971338
9230771
4896689
5192313
5529569
5769229
6074218
6346145
6644671
6923084
7220884
7500000
7796576
8076916
8364036
8653855
8971338
9230771
315306
576916
896417
1153855
1465374
1730771
2038390
2307687
2626440
2884626
3207392
3461542
3786531
4038458
4345034
4615374
300544
576916
880794
1153855
1475760
1730771
2044649
2307687
2616213
2884626
3184739
3461542
3782472
4038458
4359478
4615374
4921701
5192313
5510408
5769229
6109751
6346145
6655170
6923084
7225442
7500000
7811111
8076916
8365238
8653855
8956508
9230771
4921701
5192313
5510408
5769229
6109751
6346145
6655170
6923084
7225442
7500000
7811111
8076916
8365238
8653855
8956508
9230771
300544
576916
880794
1153855
1475760
1730771
2044649
2307687
2616213
2884626
3184739
3461542
3782472
4038458
4359478
4615374
290408
576916
879478
1153855
1454036
1730771
2030340
2307687
2614059
2884626
3160000
3461542
3761565
4038458
4328299
4615374
4907460
5192313
5496054
5769229
6062834
6346145
6653605
6923084
7222517
7500000
7779683
8076916
8373447
8653855
8958957
9230771
4907460
5192313
5496054
5769229
6062834
6346145
6653605
6923084
7222517
7500000
7779683
8076916
8373447
8653855
8958957
9230771
290408
576916
879478
1153855
1454036
1730771
2030340
2307687
2614059
2884626
3160000
3461542
3761565
4038458
4328299
4615374
345684
576916
910363
1153855
1472744
1730771
2042358
2307687
2600454
2884626
3186304
3461542
3769524
4038458
4344694
4615374
354769
5192313
5510680
5769229
6084172
6346145
6652698
6923084
7212268
7500000
7793605
8076916
8394649
8653855
8977642
9230771
344499
5192313
5510680
5769229
6084172
6346145
6652698
6923084
7212268
7500000
7793605
8076916
8394649
8653855
8977642
9230771
353189
576916
910363
1153855
1472744
1730771
2042358
2307687
2600454
2884626
3186304
3461542
3769524
4038458
4344694
4615374
302562
576916
892449
1153855
1472200
1730771
2043605
2307687
2607891
2884626
3179819
3461542
3756463
4038458
4349070
4615374
4921633
5192313
5511088
5769229
6082426
6346145
6649751
6923084
7216508
7500000
7802472
8076916
8363447
8653855
8960998
9230771
4921633
5192313
5511088
5769229
6082426
6346145
6649751
6923084
7216508
7500000
7802472
8076916
8363447
8653855
8960998
9230771
302562
576916
892449
1153855
1472200
1730771
2043605
2307687
2607891
2884626
3179819
3461542
3756463
4038458
4349070
4615374
291701
576916
918435
1153855
1475170
1730771
2042404
2307687
2621633
2884626
3197302
3461542
3765692
4038458
4334603
4615374
4894853
5192313
5503356
5769229
6071678
6346145
6667732
6923084
7225261
7500000
7802630
8076916
8377143
8653855
8962971
9230771
4894853
5192313
5503356
5769229
6071678
6346145
6667732
6923084
7225261
7500000
7802630
8076916
8377143
8653855
8962971
9230771
291701
576916
918435
1153855
1475170
1730771
2042404
2307687
2621633
2884626
3197302
3461542
3765692
4038458
4334603
4615374
301293
576916
891338
1153855
1478503
1730771
2038209
2307687
2592721
2884626
3175510
3461542
3769320
4038458
4327415
4615374
4923855
5192313
5526032
5769229
6096281
6346145
6659705
6923084
7232562
7500000
7822744
8076916
8387324
8653855
8949342
9230771
4923855
5192313
5526032
5769229
6096281
6346145
6659705
6923084
7232562
7500000
7822744
8076916
8387324
8653855
8949342
9230771
301293
576916
891338
1153855
1478503
1730771
2038209
2307687
2592721
2884626
3175510
3461542
3769320
4038458
4327415
4615374
296009
576916
903288
1153855
1463583
1730771
2042426
2307687
2604104
2884626
3175465
3461542
3775147
4038458
4341995
4615374
4891769
5192313
5510181
5769229
6099819
6346145
6667891
6923084
7226689
7500000
7813764
8076916
8378571
8653855
8961474
9230771
4891769
5192313
5510181
5769229
6099819
6346145
6667891
6923084
7226689
7500000
7813764
8076916
8378571
8653855
8961474
9230771
296009
576916
903288
1153855
1463583
1730771
2042426
2307687
2604104
2884626
3175465
3461542
3775147
4038458
4341995
4615374
311043
576916
916100
1153855
1466236
1730771
2024875
2307687
2602766
2884626
3195669
3461542
3767823
4038458
4365941
4615374
4939592
5192313
5518254
5769229
6093311
6346145
6654467
6923084
7221882
7500000
7816327
8076916
8396122
8653855
8964195
9230771
4939592
5192313
5518254
5769229
6093311
6346145
6654467
6923084
7221882
7500000
7816327
8076916
8396122
8653855
8964195
9230771
311043
576916
916100
1153855
1466236
1730771
2024875
2307687
2602766
2884626
3195669
3461542
3767823
4038458
4365941
4615374
296871
576916
893311
1153855
1478776
1730771
2019546
2307687
2616780
2884626
3192268
3461542
3784399
4038458
4362472
4615374
4889138
5192313
5503016
5769229
6096281
6346145
6669819
6923084
7240839
7500000
7801610
8076916
8386961
8653855
8953560
9230771
4889138
5192313
5503016
5769229
6096281
6346145
6669819
6923084
7240839
7500000
7801610
8076916
8386961
8653855
8953560
9230771
296871
576916
893311
1153855
1478776
1730771
2019546
2307687
2616780
2884626
3192268
3461542
3784399
4038458
4362472
4615374
299456
576916
873968
1153855
1458322
1730771
2041224
2307687
2621995
2884626
3170907
3461542
3766576
4038458
4340907
4615374
4919161
5192313
5476644
5769229
6074989
6346145
6667914
6923084
7243741
7500000
7806281
8076916
8383991
8653855
8978186
9230771
4919161
5192313
5476644
5769229
6074989
6346145
6667914
6923084
7243741
7500000
7806281
8076916
8383991
8653855
8978186
9230771
299456
576916
873968
1153855
1458322
1730771
2041224
2307687
2621995
2884626
3170907
3461542
3766576
4038458
4340907
4615374
0
0
0
0
0
0
0
0
0
0
0
0
0
0
0
0
0
0
0
0
0
0
0
0
0
0
0
0
0
0
0
0
0
0
0
0
0
0
0
0
0
0
0
0
0
0
0
0
0
0
0
0
0
0
0
0
0
0
0
0
0
0
0
0
0
0
0
0
0
0
0
0
0
0
0
0
0
0
0
0
0
0
0
0
0
0
0
0
0
0
0
0
0
0
0
0
0
0
0
0
0
0
0
0
0
0
0
0
0
0
0
0
0
0
0
0
0
0
0
0
0
0
0
0
0
0
0
0
0
0
0
0
0
0
0
0
0
0
0
0
0
0
0
0
0
0
0
0
0
0
0
0
0
0
0
0
0
0
0
0
0
0
0
0
0
0
0
0
0
0
0
0
0
0
0
0
0
0
0
0
0
0
0
0
0
0
0
0
0
0
0
0
0
0
0
0
0
0
0
0
0
0
0
0
0
0
0
0
0
0
0
0
0
0
0
0
0
0
0
0
0
0
0
0
0
0
0
0
0
0
0
0
0
0
0
0
0
0
0
0
0
0
0
0
0
0
0
0
0
0
0
0
0
0
0
0
0
0
0
0
0
0
0
0
0
0
0
0
0
0
0
0
0
0
0
0
0
0
0
0
0
0
0
0
0
0
0
0
0
0
0
0
0
0
0
0
0
0
0
0
0
0
0
0
0
0
0
0
0
0
0
0
0
0
0
0
0
0
0
0
0
0
0
0
0
0
0
0
0
0
0
0
0
0
0
0
0
0
0
0
0
0
0
0
0
0
0
0
0
0
0
0
0
0
0
0
0
0
0
0
0
0
0
0
0
0
0
0
0
0
0
0
0
0
0
0
0
0
0
0
0
0
0
0
0
0
0
0
0
0
0
0
0
0
0
0
0
0
0
0
0
0
0
0
0
0
0
0
0
0
0
0
0
0
0
0
0
0
0
0
0
0
0
0
0
0
0
0
0
0
0
0
0
0
0
0
0
0
0
0
0
0
0
0
0
0
0
0
0
0
0
0
0
0
0
0
0
0
0
0
0
0
0
0
0
0
0
0
0
0
0
0
0
0
0
0
0
0
0
0
0
0
0
0
0
0
0
0
0
0
0
0
0
0
0
0
0
0
0
0
0
0
0
0
0
0
0
0
0
0
0
0
0
0
0
0
0
0
0
0
0
0
0
0
0
0
0
0
0
0
0
0
0
0
0
0
0
0
0
0
0
0
0
0
0
0
0
0
0
0
0
0
0
0
0
0
0
0
0
0
0
0
0
0
0
0
0
0
0
0
0
0
0
0
0
0
202222
340907
554127
681814
882812
1022721
1212993
1363628
1541134
1704535
1863197
2045465
2220454
2386372
2563197
2727279
2901338
3068186
3261814
3409093
3600227
3750000
3932653
4090907
4282744
4431814
4608571
4772721
4958730
5113628
5300771
5454535
2901338
3068186
3261814
3409093
3600227
3750000
3932653
4090907
4282744
4431814
4608571
4772721
4958730
5113628
5300771
5454535
202222
340907
554127
681814
882812
1022721
1212993
1363628
1541134
1704535
1863197
2045465
2220454
2386372
2563197
2727279
153832
340907
498844
681814
868073
1022721
498844
1363628
1550068
1704535
1896689
2045465
2226848
2386372
2563333
2727279
2907234
3068186
3247211
3409093
3592404
3750000
3909728
4090907
4274603
4431814
4622766
4772721
4942063
5113628
5272222
5454535
2907234
3068186
3247211
3409093
3592404
3750000
3909728
4090907
4274603
4431814
4622766
4772721
4942063
5113628
5272222
5454535
153832
340907
498844
681814
868073
1022721
1896689
1363628
1550068
1704535
1896689
2045465
2226848
2386372
2563333
2727279
163787
340907
539274
681814
882698
1022721
1202653
1363628
1551066
1704535
1884626
2045465
2240658
2386372
2562426
2727279
2893515
3068186
3250771
3409093
3574014
3750000
3936100
4090907
4257098
4431814
4594762
4772721
4944989
5113628
5296508
5454535
2893515
3068186
3250771
3409093
3574014
3750000
3936100
4090907
4257098
4431814
4594762
4772721
4944989
5113628
5296508
5454535
163787
340907
539274
681814
882698
1022721
1202653
1363628
1551066
1704535
1884626
2045465
2240658
2386372
2562426
2727279
183265
340907
542222
681814
863084
1022721
1199093
1363628
1545011
1704535
1888005
2045465
2216145
2386372
2559841
2727279
2899660
3068186
3258345
3409093
3574671
3750000
3916349
4090907
4272336
4431814
4605057
4772721
4942834
5113628
5293311
5454535
2899660
3068186
3258345
3409093
3574671
3750000
3916349
4090907
4272336
4431814
4605057
4772721
4942834
5113628
5293311
5454535
183265
340907
542222
681814
863084
1022721
1199093
1363628
1545011
1704535
1888005
2045465
2216145
2386372
2559841
2727279
183243
340907
534966
681814
872948
1022721
1222494
1363628
1562789
1704535
1895170
2045465
2227619
2386372
2561179
2727279
2897302
3068186
3256032
3409093
3588934
3750000
3939002
4090907
4268027
4431814
4614263
4772721
4950522
5113628
5299297
5454535
2897302
3068186
3256032
3409093
3588934
3750000
3939002
4090907
4268027
4431814
4614263
4772721
4950522
5113628
5299297
5454535
183243
340907
534966
681814
872948
1022721
1222494
1363628
1562789
1704535
1895170
2045465
2227619
2386372
2561179
2727279
196998
340907
566281
681814
885601
1022721
1210408
1363628
1545034
1704535
1877732
2045465
2231338
2386372
2572200
2727279
2907166
3068186
3282517
3409093
3604195
3750000
3932313
4090907
4273243
4431814
4615261
4772721
4966100
5113628
5302063
5454535
2907166
3068186
3282517
3409093
3604195
3750000
3932313
4090907
4273243
4431814
4615261
4772721
4966100
5113628
5302063
5454535
189493
340907
566281
681814
885601
1022721
1210408
1363628
1545034
1704535
1877732
2045465
2231338
2386372
2572200
2727279
176009
340907
540726
681814
882109
1022721
1204014
1363628
1547710
1704535
1879161
2045465
2233356
2386372
1879161
2727279
2900726
3068186
3270590
3409093
3601111
3750000
3936667
4090907
4271587
4431814
4599819
4772721
4947823
5113628
5296349
5454535
2900726
3068186
3270590
3409093
3601111
3750000
3936667
4090907
4271587
4431814
4599819
4772721
4947823
5113628
5296349
5454535
176009
340907
540726
681814
882109
1022721
1204014
1363628
1547710
1704535
1879161
2045465
2233356
2386372
2565125
2727279
193175
340907
573379
681814
883175
1022721
1234649
1363628
1573719
1704535
1908753
2045465
2248866
2386372
2579773
2727279
2918753
3068186
3270794
3409093
3603719
3750000
3942177
4090907
4285283
4431814
4613900
4772721
4957959
5113628
5299524
5454535
2918753
3068186
3270794
3409093
3603719
3750000
3942177
4090907
4285283
4431814
4613900
4772721
4957959
5113628
5299524
5454535
193175
340907
573379
681814
883175
1022721
1234649
1363628
1573719
1704535
1908753
2045465
2248866
2386372
2579773
2727279
173401
340907
552630
681814
879388
1022721
1212744
1363628
1561315
1704535
1892290
2045465
2233107
2386372
2560159
2727279
2890272
3068186
3262630
3409093
3592086
3750000
3935329
4090907
4256531
4431814
4612313
4772721
4973628
5113628
5322063
5454535
2890272
3068186
3262630
3409093
3592086
3750000
3935329
4090907
4256531
4431814
4612313
4772721
4973628
5113628
5322063
5454535
173401
340907
552630
681814
879388
1022721
1212744
1363628
1561315
1704535
1892290
2045465
2233107
2386372
2560159
2727279
163492
340907
534286
681814
863175
1022721
1216961
1363628
1566463
1704535
1900952
2045465
2247823
2386372
2566689
2727279
2896961
3068186
3267959
3409093
3607846
3750000
3928685
4090907
4283061
4431814
4615057
4772721
4965442
5113628
5322358
5454535
2896961
3068186
3267959
3409093
3607846
3750000
3928685
4090907
4283061
4431814
4615057
4772721
4965442
5113628
5322358
5454535
163492
340907
534286
681814
863175
1022721
1216961
1363628
1566463
1704535
1900952
2045465
2247823
2386372
2566689
2727279
168367
340907
515125
681814
854966
1022721
1201474
1363628
1541497
1704535
1869683
2045465
2216735
2386372
2545692
2727279
2894308
3068186
3262925
3409093
3600816
3750000
3939977
4090907
4288957
4431814
4619025
4772721
4957324
5113628
5279751
5454535
2894308
3068186
3262925
3409093
3600816
3750000
3939977
4090907
4288957
4431814
4619025
4772721
4957324
5113628
5279751
5454535
168367
340907
515125
681814
854966
1022721
1201474
1363628
1541497
1704535
1869683
2045465
2216735
2386372
2545692
2727279
0
0
0
0
0
0
0
0
0
0
0
0
0
0
0
0
0
0
0
0
0
0
0
0
0
0
0
0
0
0
0
0
0
0
0
0
0
0
0
0
0
0
0
0
0
0
0
0
0
0
0
0
0
0
0
0
0
0
0
0
0
0
0
0
0
0
0
0
0
0
0
0
0
0
0
0
0
0
0
0
0
0
0
0
0
0
0
0
0
0
0
0
0
0
0
0
0
0
0
0
0
0
0
0
0
0
0
0
0
0
0
0
0
0
0
0
0
0
0
0
0
0
0
0
0
0
0
0
0
0
0
0
0
0
0
0
0
0
0
0
0
0
0
0
0
0
0
0
0
0
0
0
0
0
0
0
0
0
0
0
0
0
0
0
0
0
0
0
0
0
0
0
0
0
0
0
0
0
0
0
0
0
0
0
0
0
0
0
0
0
0
0
0
0
0
0
0
0
0
0
0
0
0
0
0
0
0
0
0
0
0
0
0
0
0
0
0
0
0
0
0
0
0
0
0
0
0
0
0
0
0
0
0
0
0
0
0
0
0
0
0
0
0
0
0
0
0
0
0
0
0
0
0
0
0
0
0
0
0
0
0
0
0
0
0
0
0
0
0
0
0
0
0
0
0
0
0
0
0
0
0
0
0
0
0
0
0
0
0
0
0
0
0
0
0
0
0
0
0
0
0
0
0
0
0
0
0
0
0
0
0
0
0
0
0
0
0
0
0
0
0
0
0
0
0
0
0
0
0
0
0
0
0
0
0
0
0
0
0
0
0
0
0
0
0
0
0
0
0
0
0
0
0
0
0
0
0
0
0
0
0
0
0
0
0
0
0
0
0
0
0
0
0
0
0
0
0
0
0
0
0
0
0
0
0
0
0
0
0
0
0
0
0
0
0
0
0
0
0
0
0
0
0
0
0
0
0
0
0
0
0
0
0
0
0
0
0
0
0
0
0
0
0
0
0
0
0
0
0
0
0
0
0
0
0
0
0
0
0
0
0
0
0
0
0
0
0
0
0
0
0
0
0
0
0
0
0
0
0
0
0
0
0
0
0
0
0
0
0
0
0
0
0
0
0
0
0
0
0
0
0
0
0
0
0
0
0
0
0
0
0
0
0
0
0
0
0
0
0
0
0
0
0
0
0
0
0
0
0
0
0
0
0
0
0
0
0
0
0
0
0
0
0
0
0
0
0
0
0
0
0
0
0
0
0
0
0
0
0
0
0
0
0
0
0
0
0
0
0
0
0
0
0
0
0
0
0
0
0
0
0
0
0
0
0
0
0
0
0
0
0
0
0
0
0
0
765
47
354
35
178
22
211
23
207
22
195
25
219
27
221
25
655
52
178
27
195
22
195
21
191
25
190
25
156
20
214
31
655
1085
178
0
195
0
195
0
191
0
190
0
156
0
214
0
765
0
354
0
178
0
211
0
207
0
195
0
219
0
221
0
484
29
236
15
223
16
233
19
229
17
230
15
254
21
231
19
489
31
238
19
246
22
246
18
248
17
257
19
242
14
265
16
489
311
238
0
246
0
246
0
248
0
257
0
242
0
265
0
484
0
236
0
223
0
233
0
229
0
230
0
254
0
231
0
442
37
150
18
216
18
145
15
170
20
176
15
167
19
159
16
400
36
173
19
187
19
159
18
163
19
171
16
149
16
163
16
400
1184
173
0
187
0
159
0
163
0
171
0
149
0
163
0
442
0
150
0
216
0
145
0
170
0
176
0
167
0
159
0
370
23
129
9
146
9
156
9
147
8
152
8
148
9
160
9
370
17
90
6
147
7
148
9
128
8
143
8
149
10
173
12
370
590
90
0
147
0
148
0
128
0
143
0
149
0
173
0
370
0
129
0
146
0
156
0
147
0
152
0
148
0
160
0
857
47
230
9
229
11
256
10
297
11
291
11
297
14
279
10
713
21
193
9
226
11
238
9
169
8
274
9
220
8
287
12
713
632
193
0
226
0
238
0
169
0
274
0
220
0
287
0
857
0
230
0
229
0
256
0
297
0
291
0
297
0
279
0
1474
29
320
9
512
13
466
12
299
10
330
7
351
6
380
9
2185
24
333
5
394
6
402
10
489
10
486
9
409
8
446
9
2185
245
333
0
394
0
402
0
489
0
486
0
409
0
446
0
1474
0
320
0
512
0
466
0
299
0
330
0
351
0
380
0
1695
8
638
6
637
9
736
12
781
11
833
10
853
12
826
16
1712
17
552
9
700
17
751
21
758
21
882
28
759
29
863
24
1712
228
552
0
700
0
751
0
758
0
882
0
759
0
863
0
1695
0
638
0
637
0
736
0
781
0
833
0
853
0
826
0
1993
77
266
14
542
23
451
14
461
15
485
15
621
32
822
47
2290
58
547
26
443
23
609
32
790
33
528
21
641
32
750
40
2290
184
547
0
443
0
609
0
790
0
528
0
641
0
750
0
1993
0
266
0
542
0
451
0
461
0
485
0
621
0
822
0
1787
7
525
2
843
3
914
5
884
2
864
4
727
2
845
2
1333
3
563
2
693
14
725
9
686
3
688
3
877
3
896
4
1333
74
563
0
693
0
725
0
686
0
688
0
877
0
896
0
1787
0
525
0
843
0
914
0
884
0
864
0
727
0
845
0
2490
43
565
3
546
7
610
14
686
17
744
18
733
24
745
25
1831
12
721
7
543
2
728
20
840
22
752
17
820
14
942
40
1831
510
721
0
543
0
728
0
840
0
752
0
820
0
942
0
2490
0
565
0
546
0
610
0
686
0
744
0
733
0
745
0
2124
10
761
3
810
14
620
7
707
3
655
4
768
7
895
20
2125
7
898
2
675
4
764
5
636
7
787
8
616
10
588
10
2125
138
898
0
675
0
764
0
636
0
787
0
616
0
588
0
2124
0
761
0
810
0
620
0
707
0
655
0
768
0
895
0
0
0
0
0
0
0
0
0
0
0
0
0
0
0
0
0
0
0
0
0
0
0
0
0
0
0
0
0
0
0
0
0
0
0
0
0
0
0
0
0
0
0
0
0
0
0
0
0
0
0
0
0
0
0
0
0
0
0
0
0
0
0
0
0
0
0
0
0
0
0
0
0
0
0
0
0
0
0
0
0
0
0
0
0
0
0
0
0
0
0
0
0
0
0
0
0
0
0
0
0
0
0
0
0
0
0
0
0
0
0
0
0
0
0
0
0
0
0
0
0
0
0
0
0
0
0
0
0
0
0
0
0
0
0
0
0
0
0
0
0
0
0
0
0
0
0
0
0
0
0
0
0
0
0
0
0
0
0
0
0
0
0
0
0
0
0
0
0
0
0
0
0
0
0
0
0
0
0
0
0
0
0
0
0
0
0
0
0
0
0
0
0
0
0
0
0
0
0
0
0
0
0
0
0
0
0
0
0
0
0
0
0
0
0
0
0
0
0
0
0
0
0
0
0
0
0
0
0
0
0
0
0
0
0
0
0
0
0
0
0
0
0
0
0
0
0
0
0
0
0
0
0
0
0
0
0
0
0
0
0
0
0
0
0
0
0
0
0
0
0
0
0
0
0
0
0
0
0
0
0
0
0
0
0
0
0
0
0
0
0
0
0
0
0
0
0
0
0
0
0
0
0
0
0
0
0
0
0
0
0
0
0
0
0
0
0
0
0
0
0
0
0
0
0
0
0
0
0
0
0
0
0
0
0
0
0
0
0
0
0
0
0
0
0
0
0
0
0
0
0
0
0
0
0
0
0
0
0
0
0
0
0
0
0
0
0
0
0
0
0
0
0
0
0
0
0
0
0
0
0
0
0
0
0
0
0
0
0
0
0
0
0
0
0
0
0
0
0
0
0
0
0
0
0
0
0
0
0
0
0
0
0
0
0
0
0
0
0
0
0
0
0
0
0
0
0
0
0
0
0
0
0
0
0
0
0
0
0
0
0
0
0
0
0
0
0
0
0
0
0
0
0
0
0
0
0
0
0
0
0
0
0
0
0
0
0
0
0
0
0
0
0
0
0
0
0
0
0
0
0
0
0
0
0
0
0
0
0
0
0
0
0
0
0
0
0
0
0
0
0
0
0
0
0
0
0
0
0
0
0
0
0
0
0
0
0
0
0
0
0
0
0
0
0
0
0
0
0
0
0
0
0
0
0
0
0
0
0
0
0
0
0
0
0
0
0
0
0
0
0
0
0
0
0
0
0
0
0
0
0
0
0
0
0
0
0
0
0
0
0
0
0
0
0
0
0
528
76
124
39
135
28
138
23
275
32
180
21
225
36
208
33
471
54
157
25
167
30
307
34
197
30
225
32
196
32
263
37
471
996
157
0
167
0
307
0
197
0
225
0
196
0
263
0
528
0
124
0
135
0
138
0
275
0
180
0
225
0
208
0
355
62
98
25
97
29
98
31
110
36
115
36
114
37
121
38
370
75
190
36
89
26
143
33
152
30
106
34
147
37
201
34
370
626
190
0
89
0
143
0
152
0
106
0
147
0
201
0
355
0
98
0
97
0
115
0
110
0
115
0
114
0
121
0
573
68
323
35
216
36
251
36
340
46
327
37
320
43
275
42
527
63
291
35
191
30
277
34
283
33
316
38
337
41
288
41
527
2729
291
0
191
0
277
0
283
0
316
0
337
0
288
0
573
0
323
0
216
0
251
0
340
0
327
0
320
0
275
0
523
56
149
22
146
21
146
23
168
28
198
27
161
26
192
27
587
59
187
23
220
26
184
24
147
23
141
18
163
25
168
26
587
178
187
0
220
0
184
0
147
0
141
0
163
0
168
0
523
0
149
0
146
0
146
0
168
0
198
0
161
0
192
0
954
65
130
12
192
19
232
22
162
18
227
22
263
22
211
13
522
30
162
11
176
13
190
12
176
10
247
20
208
15
164
15
522
428
162
0
176
0
190
0
176
0
247
0
208
0
164
0
954
0
130
0
192
0
232
0
162
0
227
0
263
0
211
0
1078
83
297
36
253
24
255
21
184
16
264
18
287
23
319
26
1564
83
304
30
257
26
266
22
251
25
268
25
298
29
422
41
1564
1737
304
0
257
0
266
0
251
0
268
0
298
0
422
0
1168
0
297
0
253
0
255
0
184
0
264
0
287
0
319
0
2301
107
625
34
440
32
570
26
643
29
706
27
700
32
706
46
1932
81
489
15
351
12
677
20
592
17
693
20
602
21
631
43
1932
814
489
0
351
0
677
0
592
0
693
0
602
0
631
0
2301
0
625
0
440
0
570
0
643
0
706
0
700
0
768
0
1947
125
146
20
126
17
113
15
205
37
190
39
146
31
220
50
1945
271
222
49
161
37
198
42
229
59
284
69
272
71
145
37
1945
2096
222
0
161
0
198
0
229
0
284
0
272
0
145
0
1947
0
146
0
126
0
113
0
205
0
190
0
146
0
220
0
1475
204
120
26
269
80
322
88
186
48
343
97
305
94
424
120
1835
374
310
94
387
110
418
130
316
89
467
139
386
130
286
112
1835
711
310
0
387
0
418
0
316
0
467
0
386
0
286
0
1475
0
120
0
269
0
322
0
186
0
343
0
305
0
424
0
2993
26
234
3
281
2
392
5
321
5
412
4
432
5
546
3
2079
17
250
4
194
2
398
3
478
5
558
4
413
4
352
4
2079
48
250
0
194
0
398
0
478
0
558
0
413
0
352
0
2993
0
234
0
281
0
392
0
321
0
412
0
432
0
546
0
3036
51
257
2
341
2
376
3
115
0
307
1
338
2
445
4
3204
130
205
6
403
7
266
2
543
5
747
5
625
7
643
3
3204
1117
205
0
403
0
266
0
543
0
747
0
625
0
643
0
3036
0
257
0
341
0
376
0
115
0
307
0
338
0
445
0
0
0
0
0
0
0
0
0
0
0
0
0
0
0
0
0
0
0
0
0
0
0
0
0
0
0
0
0
0
0
0
0
0
0
0
0
0
0
0
0
0
0
0
0
0
0
0
0
0
0
0
0
0
0
0
0
0
0
0
0
0
0
0
0
0
0
0
0
0
0
0
0
0
0
0
0
0
0
0
0
0
0
0
0
0
0
0
0
0
0
0
0
0
0
0
0
0
0
0
0
0
0
0
0
0
0
0
0
0
0
0
0
0
0
0
0
0
0
0
0
0
0
0
0
0
0
0
0
0
0
0
0
0
0
0
0
0
0
0
0
0
0
0
0
0
0
0
0
0
0
0
0
0
0
0
0
0
0
0
0
0
0
0
0
0
0
0
0
0
0
0
0
0
0
0
0
0
0
0
0
0
0
0
0
0
0
0
0
0
0
0
0
0
0
0
0
0
0
0
0
0
0
0
0
0
0
0
0
0
0
0
0
0
0
0
0
0
0
0
0
0
0
0
0
0
0
0
0
0
0
0
0
0
0
0
0
0
0
0
0
0
0
0
0
0
0
0
0
0
0
0
0
0
0
0
0
0
0
0
0
0
0
0
0
0
0
0
0
0
0
0
0
0
0
0
0
0
0
0
0
0
0
0
0
0
0
0
0
0
0
0
0
0
0
0
0
0
0
0
0
0
0
0
0
0
0
0
0
0
0
0
0
0
0
0
0
0
0
0
0
0
0
0
0
0
0
0
0
0
0
0
0
0
0
0
0
0
0
0
0
0
0
0
0
0
0
0
0
0
0
0
0
0
0
0
0
0
0
0
0
0
0
0
0
0
0
0
0
0
0
0
0
0
0
0
0
0
0
0
0
0
0
0
0
0
0
0
0
0
0
0
0
0
0
0
0
0
0
0
0
0
0
0
0
0
0
0
0
0
0
0
0
0
0
0
0
0
0
0
0
0
0
0
0
0
0
0
0
0
0
0
0
0
0
0
0
0
0
0
0
0
0
0
0
0
0
0
0
0
0
0
0
0
0
0
0
0
0
0
0
0
0
0
0
0
0
0
0
0
0
0
0
0
0
0
0
0
0
0
0
0
0
0
0
0
0
0
0
0
0
0
0
0
0
0
0
0
0
0
0
0
0
0
0
0
0
0
0
0
0
0
0
0
0
0
0
0
0
0
0
0
0
0
0
0
0
0
0
0
0
0
0
0
0
0
0
0
0
0
0
0
0
0
0
0
0
0
0
0
0
0
0
0
0
0
0
0
0
0
0
0
0
0
0
0
0
0
0
0
0
0
0
0
0
0
0
20
20
20
20
20
20
20
20
20
20
20
20
20
20
20
20
20
20
20
20
20
20
20
20
20
20
20
20
20
20
20
20
20
20
20
20
20
20
20
20
20
20
20
20
20
20
20
20
20
20
20
20
20
20
20
20
20
20
20
20
20
20
20
20
46
46
46
46
46
46
46
46
46
46
46
46
46
46
46
46
46
46
46
46
46
46
46
46
46
46
46
46
46
46
46
46
46
46
46
46
46
46
46
46
46
46
46
46
46
46
46
46
46
46
46
46
46
46
46
46
46
46
46
46
46
46
46
46
46
46
46
46
46
46
46
46
46
46
46
46
46
46
46
46
46
46
46
46
46
46
46
46
46
46
46
46
46
46
46
46
46
46
46
46
46
46
46
46
46
46
46
46
46
46
46
46
46
46
46
46
46
46
46
46
46
46
46
46
46
46
46
46
46
46
46
46
46
46
46
46
46
46
46
46
46
46
46
46
46
46
46
46
46
46
46
46
46
46
46
46
46
46
46
46
46
46
46
46
46
46
46
46
46
46
46
46
46
46
46
46
46
46
46
46
46
46
46
46
46
46
46
46
46
46
46
46
46
46
46
46
46
46
46
46
46
46
46
46
46
46
46
46
46
46
46
46
46
46
46
46
46
46
46
46
46
46
46
46
46
46
46
46
46
46
46
46
46
46
46
46
46
46
46
46
46
46
46
46
46
46
46
46
46
46
46
46
46
46
46
46
46
46
46
46
46
46
46
46
46
46
46
46
46
46
46
46
46
46
46
46
46
46
46
46
46
46
46
46
46
46
46
46
46
46
46
46
46
46
46
46
46
46
46
46
46
46
46
46
46
46
46
46
46
46
46
46
46
46
46
46
46
46
46
46
46
46
46
46
46
46
46
46
46
46
46
46
46
46
46
46
46
46
46
46
46
46
46
46
46
46
46
46
46
46
46
46
46
46
46
46
46
46
46
46
46
46
46
46
46
46
46
46
46
46
46
46
46
46
46
46
46
46
46
46
46
46
46
46
46
46
46
46
46
46
46
46
46
46
46
46
46
46
46
46
46
46
46
46
46
46
46
46
46
46
46
46
46
46
46
46
46
46
46
46
46
46
46
46
46
46
46
46
46
46
46
46
46
46
46
46
46
46
46
46
46
46
46
46
46
46
46
46
46
46
46
46
46
46
46
46
46
46
46
46
46
46
46
46
46
46
46
46
46
46
46
46
46
46
46
46
46
46
46
46
46
46
46
46
46
46
46
46
46
46
46
46
46
46
46
46
46
46
46
46
46
46
46
46
46
46
46
46
46
46
46
46
46
46
46
46
46
46
46
46
46
46
46
46
46
46
46
46
46
46
46
46
46
46
46
46
46
46
46
46
46
46
46
46
46
46
46
46
46
46
46
46
46
46
46
46
46
46
46
46
46
46
46
46
46
46
46
46
46
46
46
46
46
46
46
46
46
46
46
46
46
46
46
46
46
46
46
46
46
46
46
46
46
46
46
46
46
46
46
46
46
46
46
46
46
46
46
46
46
46
46
46
46
46
46
46
46
46
46
46
46
46
46
46
46
46
46
46
46
46
46
46
46
46
46
46
46
46
46
46
20
20
20
20
20
20
20
20
20
20
20
20
20
20
20
20
20
20
20
20
20
20
20
20
20
20
20
20
20
20
20
20
46
46
46
46
46
46
46
46
46
46
46
46
46
46
46
46
46
46
46
46
46
46
46
46
46
46
46
46
46
46
46
46
46
46
46
46
46
46
46
46
46
46
46
46
46
46
46
46
46
46
46
46
46
46
46
46
46
46
46
46
46
46
46
46
46
46
46
46
46
46
46
46
46
46
46
46
46
46
46
46
46
46
46
46
46
46
46
46
46
46
46
46
46
46
46
46
46
46
46
46
46
46
46
46
46
46
46
46
46
46
46
46
46
46
46
46
46
46
46
46
46
46
46
46
46
46
46
46
46
46
46
46
46
46
46
46
46
46
46
46
46
46
46
46
46
46
46
46
46
46
46
46
46
46
46
46
46
46
46
46
46
46
46
46
46
46
46
46
46
46
46
46
46
46
46
46
46
46
46
46
46
46
46
46
46
46
46
46
46
46
46
46
46
46
46
46
46
46
46
46
46
46
46
46
46
46
46
46
46
46
46
46
46
46
46
46
46
46
46
46
46
46
46
46
46
46
46
46
46
46
46
46
46
46
46
46
46
46
46
46
46
46
46
46
46
46
46
46
46
46
46
46
46
46
46
46
46
46
46
46
46
46
46
46
46
46
46
46
46
46
46
46
46
46
46
46
46
46
46
46
46
46
46
46
46
46
46
46
46
46
46
46
46
46
46
46
46
46
46
46
46
46
46
46
46
46
46
46
46
46
46
46
46
46
46
46
46
46
46
46
46
46
46
46
46
46
46
46
46
46
46
46
46
46
46
46
46
46
46
46
46
46
46
46
46
46
46
46
46
46
46
46
46
46
46
46
46
46
46
46
46
46
46
46
46
46
46
46
46
46
46
46
46
46
46
46
46
46
46
46
46
46
46
46
46
46
46
46
46
46
46
46
46
46
46
46
46
46
46
46
46
46
46
46
46
46
46
46
46
46
46
46
46
46
46
46
46
46
46
46
46
46
46
46
46
46
46
46
46
46
46
46
46
46
46
46
46
46
46
46
46
46
46
46
46
46
46
46
46
46
46
46
46
46
46
46
46
46
46
46
46
46
46
46
46
46
46
46
46
46
46
46
46
46
46
46
46
46
46
46
46
46
46
46
46
46
46
46
46
46
46
46
46
46
46
46
46
46
46
46
46
46
46
46
46
46
46
46
46
46
46
46
46
46
46
46
46
46
46
46
46
46
46
46
46
46
46
46
46
46
46
46
46
46
46
46
46
46
46
46
46
46
46
46
46
46
46
46
46
46
46
46
46
46
46
46
46
46
46
46
46
46
46
46
46
46
46
46
46
46
46
46
46
46
46
46
46
46
46
46
46
46
46
46
46
46
46
46
46
46
46
46
46
46
46
46
46
46
46
46
46
46
46
46
46
46
46
46
46
46
46
46
46
46
46
46
46
46
46
46
46
46
46
46
46
46
46
46
46
46
46
46
46
46
46
46
46
46
46
46
20
20
20
20
20
20
20
20
20
20
20
20
20
20
20
20
20
20
20
20
20
20
20
20
20
20
20
20
20
20
20
20
20
20
20
20
20
20
20
20
20
20
20
20
20
20
20
20
20
20
20
20
20
20
20
20
20
20
20
20
20
20
20
20
46
46
46
46
46
46
46
46
46
46
46
46
46
46
46
46
46
46
46
46
46
46
46
46
46
46
46
46
46
46
46
46
46
46
46
46
46
46
46
46
46
46
46
46
46
46
46
46
46
46
46
46
46
46
46
46
46
46
46
46
46
46
46
46
46
46
46
46
46
46
46
46
46
46
46
46
46
46
46
46
46
46
46
46
46
46
46
46
46
46
46
46
46
46
46
46
46
46
46
46
46
46
46
46
46
46
46
46
46
46
46
46
46
46
46
46
46
46
46
46
46
46
46
46
46
46
46
46
46
46
46
46
46
46
46
46
46
46
46
46
46
46
46
46
46
46
46
46
46
46
46
46
46
46
46
46
46
46
46
46
46
46
46
46
46
46
46
46
46
46
46
46
46
46
46
46
46
46
46
46
46
46
46
46
46
46
46
46
46
46
46
46
46
46
46
46
46
46
46
46
46
46
46
46
46
46
46
46
46
46
46
46
46
46
46
46
46
46
46
46
46
46
46
46
46
46
46
46
46
46
46
46
46
46
46
46
46
46
46
46
46
46
46
46
46
46
46
46
46
46
46
46
46
46
46
46
46
46
46
46
46
46
46
46
46
46
46
46
46
46
46
46
46
46
46
46
46
46
46
46
46
46
46
46
46
46
46
46
46
46
46
46
46
46
46
46
46
46
46
46
46
46
46
46
46
46
46
46
46
46
46
46
46
46
46
46
46
46
46
46
46
46
46
46
46
46
46
46
46
46
46
46
46
46
46
46
46
46
46
46
46
46
46
46
46
46
46
46
46
46
46
46
46
46
46
46
46
46
46
46
46
46
46
46
46
46
46
46
46
46
46
46
46
46
46
46
46
46
46
46
46
46
46
46
46
46
46
46
46
46
46
46
46
46
46
46
46
46
46
46
46
46
46
46
46
46
46
46
46
46
46
46
46
46
46
46
46
46
46
46
46
46
46
46
46
46
46
46
46
46
46
46
46
46
46
46
46
46
46
46
46
46
46
46
46
46
46
46
46
46
46
46
46
46
46
46
46
46
46
46
46
46
46
46
46
46
46
46
46
46
46
46
46
46
46
46
46
46
46
46
46
46
46
46
46
46
46
46
46
46
46
46
46
46
46
46
46
46
46
46
46
46
46
46
46
46
46
46
46
46
46
46
46
46
46
46
46
46
46
46
46
46
46
46
46
46
46
46
46
46
46
46
46
46
46
46
46
46
46
46
46
46
46
46
46
46
46
46
46
46
46
46
46
46
46
46
46
46
46
46
46
46
46
46
46
46
46
46
46
46
46
46
46
46
46
46
46
46
46
46
46
46
46
46
46
46
46
46
46
46
46
46
46
46
46
46
46
46
46
46
46
46
46
46
46
46
46
46
46
46
46
46
46
46
46
46
46
46
46
46
46
46
46
46
46
46
46
46
46
46
46
46
46
46
46
46
46
46
46
46
20
20
20
20
20
20
20
20
20
20
20
20
20
20
20
20
20
20
20
20
20
20
20
20
20
20
20
20
20
20
20
20
20
20
20
20
20
20
20
20
20
20
20
20
20
20
20
20
20
20
20
20
20
20
20
20
20
20
20
20
20
20
20
20
46
46
46
46
46
46
46
46
46
46
46
46
46
46
46
46
46
46
46
46
46
46
46
46
46
46
46
46
46
46
46
46
46
46
46
46
46
46
46
46
46
46
46
46
46
46
46
46
46
46
46
46
46
46
46
46
46
46
46
46
46
46
46
46
46
46
46
46
46
46
46
46
46
46
46
46
46
46
46
46
46
46
46
46
46
46
46
46
46
46
46
46
46
46
46
46
46
46
46
46
46
46
46
46
46
46
46
46
46
46
46
46
46
46
46
46
46
46
46
46
46
46
46
46
46
46
46
46
46
46
46
46
46
46
46
46
46
46
46
46
46
46
46
46
46
46
46
46
46
46
46
46
46
46
46
46
46
46
46
46
46
46
46
46
46
46
46
46
46
46
46
46
46
46
46
46
46
46
46
46
46
46
46
46
46
46
46
46
46
46
46
46
46
46
46
46
46
46
46
46
46
46
46
46
46
46
46
46
46
46
46
46
46
46
46
46
46
46
46
46
46
46
46
46
46
46
46
46
46
46
46
46
46
46
46
46
46
46
46
46
46
46
46
46
46
46
46
46
46
46
46
46
46
46
46
46
46
46
46
46
46
46
46
46
46
46
46
46
46
46
46
46
46
46
46
46
46
46
46
46
46
46
46
46
46
46
46
46
46
46
46
46
46
46
46
46
46
46
46
46
46
46
46
46
46
46
46
46
46
46
46
46
46
46
46
46
46
46
46
46
46
46
46
46
46
46
46
46
46
46
46
46
46
46
46
46
46
46
46
46
46
46
46
46
46
46
46
46
46
46
46
46
46
46
46
46
46
46
46
46
46
46
46
46
46
46
46
46
46
46
46
46
46
46
46
46
46
46
46
46
46
46
46
46
46
46
46
46
46
46
46
46
46
46
46
46
46
46
46
46
46
46
46
46
46
46
46
46
46
46
46
46
46
46
46
46
46
46
46
46
46
46
46
46
46
46
46
46
46
46
46
46
46
46
46
46
46
46
46
46
46
46
46
46
46
46
46
46
46
46
46
46
46
46
46
46
46
46
46
46
46
46
46
46
46
46
46
46
46
46
46
46
46
46
46
46
46
46
46
46
46
46
46
46
46
46
46
46
46
46
46
46
46
46
46
46
46
46
46
46
46
46
46
46
46
46
46
46
46
46
46
46
46
46
46
46
46
46
46
46
46
46
46
46
46
46
46
46
46
46
46
46
46
46
46
46
46
46
46
46
46
46
46
46
46
46
46
46
46
46
46
46
46
46
46
46
46
46
46
46
46
46
46
46
46
46
46
46
46
46
46
46
46
46
46
46
46
46
46
46
46
46
46
46
46
46
46
46
46
46
46
46
46
46
46
46
46
46
46
46
46
46
46
46
46
46
46
46
46
46
46
46
46
46
46
46
46
46
46
46
46
46
46
46
46
46
46
46
46
46
46
46
46
46
46
46
46
46
46
46
20
20
20
20
20
20
20
20
20
20
20
20
20
20
20
20
20
20
20
20
20
20
20
20
20
20
20
20
20
20
20
20
20
20
20
20
20
20
20
20
20
20
20
20
20
20
20
20
20
20
20
20
20
20
20
20
20
20
20
20
20
20
20
20
46
46
46
46
46
46
46
46
46
46
46
46
46
46
46
46
46
46
46
46
46
46
46
46
46
46
46
46
46
46
46
46
46
46
46
46
46
46
46
46
46
46
46
46
46
46
46
46
46
46
46
46
46
46
46
46
46
46
46
46
46
46
46
46
46
46
46
46
46
46
46
46
46
46
46
46
46
46
46
46
46
46
46
46
46
46
46
46
46
46
46
46
46
46
46
46
46
46
46
46
46
46
46
46
46
46
46
46
46
46
46
46
46
46
46
46
46
46
46
46
46
46
46
46
46
46
46
46
46
46
46
46
46
46
46
46
46
46
46
46
46
46
46
46
46
46
46
46
46
46
46
46
46
46
46
46
46
46
46
46
46
46
46
46
46
46
46
46
46
46
46
46
46
46
46
46
46
46
46
46
46
46
46
46
46
46
46
46
46
46
46
46
46
46
46
46
46
46
46
46
46
46
46
46
46
46
46
46
46
46
46
46
46
46
46
46
46
46
46
46
46
46
46
46
46
46
46
46
46
46
46
46
46
46
46
46
46
46
46
46
46
46
46
46
46
46
46
46
46
46
46
46
46
46
46
46
46
46
46
46
46
46
46
46
46
46
46
46
46
46
46
46
46
46
46
46
46
46
46
46
46
46
46
46
46
46
46
46
46
46
46
46
46
46
46
46
46
46
46
46
46
46
46
46
46
46
46
46
46
46
46
46
46
46
46
46
46
46
46
46
46
46
46
46
46
46
46
46
46
46
46
46
46
46
46
46
46
46
46
46
46
46
46
46
46
46
46
46
46
46
46
46
46
46
46
46
46
46
46
46
46
46
46
46
46
46
46
46
46
46
46
46
46
46
46
46
46
46
46
46
46
46
46
46
46
46
46
46
46
46
46
46
46
46
46
46
46
46
46
46
46
46
46
46
46
46
46
46
46
46
46
46
46
46
46
46
46
46
46
46
46
46
46
46
46
46
46
46
46
46
46
46
46
46
46
46
46
46
46
46
46
46
46
46
46
46
46
46
46
46
46
46
46
46
46
46
46
46
46
46
46
46
46
46
46
46
46
46
46
46
46
46
46
46
46
46
46
46
46
46
46
46
46
46
46
46
46
46
46
46
46
46
46
46
46
46
46
46
46
46
46
46
46
46
46
46
46
46
46
46
46
46
46
46
46
46
46
46
46
46
46
46
46
46
46
46
46
46
46
46
46
46
46
46
46
46
46
46
46
46
46
46
46
46
46
46
46
46
46
46
46
46
46
46
46
46
46
46
46
46
46
46
46
46
46
46
46
46
46
46
46
46
46
46
46
46
46
46
46
46
46
46
46
46
46
46
46
46
46
46
46
46
46
46
46
46
46
46
46
46
46
46
46
46
46
46
46
46
46
46
46
46
46
46
46
46
46
46
46
46
46
46
46
46
46
46
46
46
46
46
46
46
46
46
46
46
46
46
46
46
20
20
20
20
20
20
20
20
20
20
20
20
20
20
20
20
20
20
20
20
20
20
20
20
20
20
20
20
20
20
20
20
20
20
20
20
20
20
20
20
20
20
20
20
20
20
20
20
20
20
20
20
20
20
20
20
20
20
20
20
20
20
20
20
46
46
46
46
46
46
46
46
46
46
46
46
46
46
46
46
46
46
46
46
46
46
46
46
46
46
46
46
46
46
46
46
46
46
46
46
46
46
46
46
46
46
46
46
46
46
46
46
46
46
46
46
46
46
46
46
46
46
46
46
46
46
46
46
46
46
46
46
46
46
46
46
46
46
46
46
46
46
46
46
46
46
46
46
46
46
46
46
46
46
46
46
46
46
46
46
46
46
46
46
46
46
46
46
46
46
46
46
46
46
46
46
46
46
46
46
46
46
46
46
46
46
46
46
46
46
46
46
46
46
46
46
46
46
46
46
46
46
46
46
46
46
46
46
46
46
46
46
46
46
46
46
46
46
46
46
46
46
46
46
46
46
46
46
46
46
46
46
46
46
46
46
46
46
46
46
46
46
46
46
46
46
46
46
46
46
46
46
46
46
46
46
46
46
46
46
46
46
46
46
46
46
46
46
46
46
46
46
46
46
46
46
46
46
46
46
46
46
46
46
46
46
46
46
46
46
46
46
46
46
46
46
46
46
46
46
46
46
46
46
46
46
46
46
46
46
46
46
46
46
46
46
46
46
46
46
46
46
46
46
46
46
46
46
46
46
46
46
46
46
46
46
46
46
46
46
46
46
46
46
46
46
46
46
46
46
46
46
0
0
0
0
0
0
0
0
0
0
0
0
0
0
0
0
0
0
0
0
0
0
0
0
0
0
0
0
0
0
0
0
0
0
0
0
0
0
0
0
0
0
0
0
0
0
0
0
0
0
0
0
0
0
0
0
0
0
0
0
0
0
0
0
1
0
0
0
0
0
0
0
0
0
0
0
0
0
0
0
1
0
0
0
0
0
0
0
0
0
0
0
0
0
0
0
2
2
2
2
2
2
2
2
2
2
2
2
2
2
2
2
2
2
2
2
2
2
2
2
2
2
2
2
2
2
2
2
0
0
0
0
0
0
0
0
0
0
0
0
0
0
0
0
0
0
0
0
0
0
0
0
0
0
0
0
0
0
0
0
0
0
0
0
0
0
0
0
0
0
0
0
0
0
0
0
0
0
0
0
0
0
0
0
0
0
0
0
0
0
0
0
0
0
0
0
0
0
0
0
0
0
0
0
0
0
0
0
0
0
0
0
0
0
0
0
0
0
0
0
0
0
0
0
0
0
0
0
0
0
0
0
0
0
0
0
0
0
0
0
0
0
0
0
0
0
0
0
0
0
0
0
0
0
0
0
0
0
4
0
4
0
4
0
4
0
4
0
4
0
4
0
0
0
4
0
4
0
4
0
4
0
4
0
4
0
4
0
0
0
0
0
0
0
0
0
0
0
0
0
0
0
0
0
0
0
0
0
0
0
0
0
0
0
0
0
0
0
0
0
0
0
0
0
0
0
0
0
0
0
0
0
0
0
0
0
0
0
0
0
0
0
0
0
0
0
0
0
0
0
0
0
0
0
0
0
0
0
0
0
0
0
0
0
0
0
0
0
0
0
0
0
0
0
0
0
0
0
0
0
0
0
0
0
0
0
0
0
0
0
0
0
0
0
0
0
0
0
0
0
0
0
0
0
0
0
0
0
0
0
0
0
0
0
0
0
-1
-1
-1
-1
-1
-1
-1
-1
-1
-1
-1
-1
-1
-1
-1
-1
-1
-1
-1
-1
-1
-1
-1
-1
-1
-1
-1
-1
-1
-1
-1
-1
0
0
0
0
0
0
0
0
0
0
0
0
0
0
0
0
0
0
0
0
0
0
0
0
0
0
0
0
0
0
0
0
0
0
0
0
0
0
0
0
0
0
0
0
0
0
0
0
0
0
0
0
0
0
0
0
0
0
0
0
0
0
0
0
0
0
0
0
0
0
0
0
0
0
0
0
0
0
0
0
0
0
0
0
0
0
0
0
0
0
0
0
0
0
0
0
0
0
0
0
0
0
0
0
0
0
0
0
0
0
0
0
0
0
0
0
0
0
0
0
0
0
0
0
0
0
0
0
0
0
0
0
0
0
0
0
0
0
0
0
0
0
0
0
0
0
0
0
0
0
0
0
0
0
0
0
0
0
0
0
0
0
0
0
0
0
0
0
0
0
0
0
0
0
0
0
0
0
0
0
0
0
0
0
0
0
0
0
0
0
0
0
0
0
0
0
0
0
0
0
0
0
0
0
0
0
0
0
0
0
0
0
0
0
0
0
0
0
0
0
0
0
0
0
0
0
0
0
0
0
0
0
0
0
0
0
0
0
0
0
0
0
0
0
0
0
0
0
0
0
0
0
0
0
0
0
0
0
0
0
0
0
0
0
0
0
0
0
0
0
0
0
0
0
0
0
0
0
0
0
0
0
0
0
0
0
0
0
0
0
0
0
0
0
0
0
0
0
0
0
0
0
0
0
0
0
0
0
0
0
0
0
0
0
0
0
0
0
0
0
0
0
0
0
0
0
0
0
0
0
0
0
0
0
0
0
0
0
0
0
0
0
0
0
0
0
0
0
0
0
0
0
0
0
0
0
0
0
0
0
0
0
0
0
0
0
0
0
0
0
0
0
0
0
0
0
0
0
0
0
0
0
0
0
6
6
6
6
6
6
6
6
6
6
6
6
6
6
6
6
6
6
6
6
6
6
6
6
6
6
6
6
6
6
6
6
0
0
0
0
0
0
0
0
0
0
0
0
0
0
0
0
0
0
0
0
0
0
0
0
0
0
0
0
0
0
0
0
6
6
6
6
6
6
6
6
6
6
6
6
6
6
6
6
6
6
6
6
6
6
6
6
6
6
6
6
6
6
6
6
0
0
0
0
0
0
0
0
0
0
0
0
0
0
0
0
0
0
0
0
0
0
0
0
0
0
0
0
0
0
0
0
6
6
6
6
6
6
6
6
6
6
6
6
6
6
6
6
6
6
6
6
6
6
6
6
6
6
6
6
6
6
6
6
0
0
0
0
0
0
0
0
0
0
0
0
0
0
0
0
0
0
0
0
0
0
0
0
0
0
0
0
0
0
0
0
6
6
6
6
6
6
6
6
6
6
6
6
6
6
6
6
6
6
6
6
6
6
6
6
6
6
6
6
6
6
6
6
0
0
0
0
0
0
0
0
0
0
0
0
0
0
0
0
0
0
0
0
0
0
0
0
0
0
0
0
0
0
0
0
6
6
6
6
6
6
6
6
6
6
6
6
6
6
6
6
6
6
6
6
6
6
6
6
6
6
6
6
6
6
6
6
0
0
0
0
0
0
0
0
0
0
0
0
0
0
0
0
0
0
0
0
0
0
0
0
0
0
0
0
0
0
0
0
6
6
6
6
6
6
6
6
6
6
6
6
6
6
6
6
6
6
6
6
6
6
6
6
6
6
6
6
6
6
6
6
0
0
0
0
0
0
0
0
0
0
0
0
0
0
0
0
0
0
0
0
0
0
0
0
0
0
0
0
0
0
0
0
0
0
0
0
0
0
0
0
0
0
0
0
0
0
0
0
0
0
0
0
0
0
0
0
0
0
0
0
0
0
0
0
0
0
0
0
0
0
0
0
0
0
0
0
0
0
0
0
0
0
0
0
0
0
0
0
0
0
0
0
0
0
0
0
6
6
6
6
6
6
6
6
6
6
6
6
6
6
6
6
6
6
6
6
6
6
6
6
6
6
6
6
6
6
6
6
0
0
0
0
0
0
0
0
0
0
0
0
0
0
0
0
0
0
0
0
0
0
0
0
0
0
0
0
0
0
0
0
6
6
6
6
6
6
6
6
6
6
6
6
6
6
6
6
6
6
6
6
6
6
6
6
6
6
6
6
6
6
6
6
0
0
0
0
0
0
0
0
0
0
0
0
0
0
0
0
0
0
0
0
0
0
0
0
0
0
0
0
0
0
0
0
6
6
6
6
6
6
6
6
6
6
6
6
6
6
6
6
6
6
6
6
6
6
6
6
6
6
6
6
6
6
6
6
0
0
0
0
0
0
0
0
0
0
0
0
0
0
0
0
0
0
0
0
0
0
0
0
0
0
0
0
0
0
0
0
6
6
6
6
6
6
6
6
6
6
6
6
6
6
6
6
6
6
6
6
6
6
6
6
6
6
6
6
6
6
6
6
0
0
0
0
0
0
0
0
0
0
0
0
0
0
0
0
0
0
0
0
0
0
0
0
0
0
0
0
0
0
0
0
6
6
6
6
6
6
6
6
6
6
6
6
6
6
6
6
6
6
6
6
6
6
6
6
6
6
6
6
6
6
6
6
0
0
0
0
0
0
0
0
0
0
0
0
0
0
0
0
0
0
0
0
0
0
0
0
0
0
0
0
0
0
0
0
6
6
6
6
6
6
6
6
6
6
6
6
6
6
6
6
6
6
6
6
6
6
6
6
6
6
6
6
6
6
6
6
0
0
0
0
0
0
0
0
0
0
0
0
0
0
0
0
0
0
0
0
0
0
0
0
0
0
0
0
0
0
0
0
0
0
0
0
0
0
0
0
0
0
0
0
0
0
0
0
0
0
0
0
0
0
0
0
0
0
0
0
0
0
0
0
0
0
0
0
0
0
0
0
0
0
0
0
0
0
0
0
0
0
0
0
0
0
0
0
0
0
0
0
0
0
0
0
