%pattern_data
4
4
4
0
1
32
-43
0
52
68
0
1
0
0
0
0
10
99
0
0
0
0
0
0
0
0
0
56
-1
-1
0
0
0
50
0
0
25
105
54
0
0
1
0
1
0
0
0
0
0
0
0
0
0
1
1
0
0
0
0
2
1
1
1
1
106
0
1
1
1
1
106
0
1
1
106
0
1
1
1
1
106
0
1
1
1
1
106
0
1
1
106
0
1
1
1
1
106
0
1
1
1
1
106
0
1
1
106
0
1
1
1
1
106
0
1
1
1
1
106
0
1
1
106
0
-50
-43
-43
-43
0
-43
-50
-43
-43
-43
0
-43
-50
-43
0
-43
-50
-43
-43
-43
0
-43
-50
-43
-43
-43
0
-43
-50
-43
0
-43
296395
584535
863741
1140907
1442313
1730771
2034490
2311474
2601361
2902971
3173084
3461542
3758435
4052381
4326916
4615374
4906984
5206576
5505283
5788050
6057687
6346145
6651156
6940930
7211995
7501859
7788458
8076916
8383175
8680385
8942313
9230771
4906984
5206576
5505283
5788050
6057687
6346145
6651156
6940930
7211995
7501859
7788458
8076916
8383175
8680385
8942313
9230771
296395
584535
863741
1140907
1442313
1730771
2034490
2311474
2601361
2902971
3173084
3461542
3758435
4052381
4326916
4615374
323469
621179
911927
1201429
1442313
1730771
2036440
2332426
2632880
2916735
3173084
3461542
3784036
4076576
4326916
4615374
4918481
5226848
5505306
5786984
4326916
6346145
6652336
6942245
7226621
7522789
7788458
8076916
8384354
8666236
8942313
9230771
4918481
5226848
5505306
5786984
7809393
6346145
6652336
6942245
7226621
7522789
7788458
8076916
8384354
8666236
8942313
9230771
323469
621179
911927
1201429
1442313
1730771
2036440
2332426
2632880
2916735
3173084
3461542
3784036
4076576
4326916
4615374
299705
620771
884807
1182336
1442313
1730771
2045125
2322993
2621950
2937302
3173084
3461542
3770045
4080408
4326916
4615374
4930045
5244014
5529615
5826372
6057687
6346145
6655170
6940816
7227120
7555420
7788458
8076916
8405918
8689660
8942313
9230771
4930045
5244014
5529615
5826372
6057687
6346145
6655170
6940816
7227120
7555420
7788458
8076916
8405918
8689660
8942313
9230771
299705
620771
884807
1182336
1442313
1730771
2045125
2322993
2621950
2937302
3173084
3461542
3770045
4080408
4326916
4615374
300113
620000
892766
1188549
1442313
1730771
2036689
2339637
2627007
2915896
3173084
3461542
3762562
4082540
4326916
4615374
4908141
5225760
5510385
5784263
6057687
6346145
6665986
6939637
7226349
7524490
7788458
8076916
8364535
8673039
8942313
9230771
4908141
5225760
5510385
5784263
6057687
6346145
6665986
6939637
7226349
7524490
7788458
8076916
8364535
8673039
8942313
9230771
300113
620000
892766
1188549
1442313
1730771
2036689
2339637
2627007
2915896
3173084
3461542
3762562
4082540
4326916
4615374
289342
593129
879229
1180930
1442313
1730771
2057460
2354649
2628322
2926327
3173084
3461542
3761224
4067392
4326916
4615374
4925170
5228095
5493356
5783651
6057687
6346145
6657755
6955374
7231701
7534399
7788458
8076916
8385420
8684535
8942313
9230771
4925170
5228095
5493356
5783651
6057687
6346145
6657755
6955374
7231701
7534399
7788458
8076916
8385420
8684535
8942313
9230771
289342
593129
879229
1180930
1442313
1730771
2057460
2354649
2628322
2926327
3173084
3461542
3761224
4067392
4326916
4615374
317256
604603
902585
1184082
1442313
1730771
2054195
2341995
2622971
2914263
3173084
3461542
3765782
4062993
4326916
4615374
4913401
5209887
5503016
5797166
6057687
6346145
6661905
6950000
7239615
7527528
7788458
8076916
8384535
8676531
8942313
9230771
4913401
5209887
5503016
5797166
6057687
6346145
6661905
6950000
7239615
7527528
7788458
8076916
8384535
8676531
8942313
9230771
317256
604603
902585
1184082
1442313
1730771
2054195
2341995
2622971
2914263
3173084
3461542
3765782
4062993
4326916
4615374
292381
594830
871542
1172812
1442313
1730771
2029705
2316372
2610023
2898050
3173084
3461542
3754150
4046440
4326916
4615374
4922132
5210091
5498095
5785601
6057687
6346145
6650748
6927370
7222676
7497959
7788458
8076916
8387438
8666259
8942313
9230771
4922132
5210091
5498095
5785601
6057687
6346145
6650748
6927370
7222676
7497959
7788458
8076916
8387438
8666259
8942313
9230771
292381
594830
871542
1172812
1442313
1730771
2029705
2316372
2610023
2898050
3173084
3461542
3754150
4046440
4326916
4615374
302608
587642
878095
1170204
1442313
1730771
2048118
2314807
2599002
2894490
3173084
3461542
3761814
4054875
4326916
4615374
4917732
5193696
5488753
5783968
6057687
6346145
6638571
6931474
7214263
7518639
7788458
8076916
8384603
8667188
8942313
9230771
4917732
5193696
5488753
5783968
6057687
6346145
6638571
6931474
7214263
7518639
7788458
8076916
8384603
8667188
8942313
9230771
302608
587642
878095
1170204
1442313
1730771
2048118
2314807
2599002
2894490
3173084
3461542
3761814
4054875
4326916
4615374
296485
588390
866372
1162358
1442313
1730771
2037029
2323515
2609365
2902562
3173084
3461542
3771882
4059660
4326916
4615374
4920884
5204785
5490658
5799592
6057687
6346145
6656077
6942063
7233424
7517800
7788458
8076916
8376440
8656349
8942313
9230771
4920884
5204785
5490658
5799592
6057687
6346145
6656077
6942063
7233424
7517800
7788458
8076916
8376440
8656349
8942313
9230771
296485
588390
866372
1162358
1442313
1730771
2037029
2323515
2609365
2902562
3173084
3461542
3771882
4059660
4326916
4615374
317052
595556
894626
1192812
1442313
1730771
2035283
2332200
2612562
2912562
3173084
3461542
3772857
4062789
4326916
4615374
4923764
5209478
5502744
5801655
6057687
6346145
6660363
6940431
7234286
7536417
7788458
8076916
8383628
8668912
8942313
9230771
4923764
5209478
5502744
5801655
6057687
6346145
6660363
6940431
7234286
7536417
7788458
8076916
8383628
8668912
8942313
9230771
317052
595556
894626
1192812
1442313
1730771
2035283
2332200
2612562
2912562
3173084
3461542
3772857
4062789
4326916
4615374
336009
612698
907642
1188912
1442313
1730771
2031814
2321474
2601723
2904104
3173084
3461542
3765329
4055556
4326916
4615374
4923900
5206961
5494036
5792857
6057687
6346145
6654127
6940249
7225374
7527846
7788458
8076916
8374354
8671746
8942313
9230771
4923900
5206961
5494036
5792857
6057687
6346145
6654127
6940249
7225374
7527846
7788458
8076916
8374354
8671746
8942313
9230771
336009
612698
907642
1188912
1442313
1730771
2031814
2321474
2601723
2904104
3173084
3461542
3765329
4055556
4326916
4615374
0
0
0
0
0
0
0
0
0
0
0
0
0
0
0
0
0
0
0
0
0
0
0
0
0
0
0
0
0
0
0
0
0
0
0
0
0
0
0
0
0
0
0
0
0
0
0
0
0
0
0
0
0
0
0
0
0
0
0
0
0
0
0
0
0
0
0
0
0
0
0
0
0
0
0
0
0
0
0
0
0
0
0
0
0
0
0
0
0
0
0
0
0
0
0
0
0
0
0
0
0
0
0
0
0
0
0
0
0
0
0
0
0
0
0
0
0
0
0
0
0
0
0
0
0
0
0
0
0
0
0
0
0
0
0
0
0
0
0
0
0
0
0
0
0
0
0
0
0
0
0
0
0
0
0
0
0
0
0
0
0
0
0
0
0
0
0
0
0
0
0
0
0
0
0
0
0
0
0
0
0
0
0
0
0
0
0
0
0
0
0
0
0
0
0
0
0
0
0
0
0
0
0
0
0
0
0
0
0
0
0
0
0
0
0
0
0
0
0
0
0
0
0
0
0
0
0
0
0
0
0
0
0
0
0
0
0
0
0
0
0
0
0
0
0
0
0
0
0
0
0
0
0
0
0
0
0
0
0
0
0
0
0
0
0
0
0
0
0
0
0
0
0
0
0
0
0
0
0
0
0
0
0
0
0
0
0
0
0
0
0
0
0
0
0
0
0
0
0
0
0
0
0
0
0
0
0
0
0
0
0
0
0
0
0
0
0
0
0
0
0
0
0
0
0
0
0
0
0
0
0
0
0
0
0
0
0
0
0
0
0
0
0
0
0
0
0
0
0
0
0
0
0
0
0
0
0
0
0
0
0
0
0
0
0
0
0
0
0
0
0
0
0
0
0
0
0
0
0
0
0
0
0
0
0
0
0
0
0
0
0
0
0
0
0
0
0
0
0
0
0
0
0
0
0
0
0
0
0
0
0
0
0
0
0
0
0
0
0
0
0
0
0
0
0
0
0
0
0
0
0
0
0
0
0
0
0
0
0
0
0
0
0
0
0
0
0
0
0
0
0
0
0
0
0
0
0
0
0
0
0
0
0
0
0
0
0
0
0
0
0
0
0
0
0
0
0
0
0
0
0
0
0
0
0
0
0
0
0
0
0
0
0
0
0
0
0
0
0
0
0
0
0
0
0
0
0
0
0
0
0
0
0
0
0
0
0
0
0
0
0
0
0
0
0
0
0
0
0
0
0
0
0
0
0
0
0
0
0
0
0
0
0
0
0
0
0
0
0
0
0
0
0
0
0
0
0
0
0
0
0
0
0
0
0
0
0
0
0
0
0
0
0
0
0
0
237732
470748
688367
906077
1102948
1323537
1577732
1789955
2020249
2228209
2426463
2647052
2886916
3126281
3308821
3529410
3773447
3994853
4217007
4423560
4632358
4852948
5123265
5331383
5546100
5762109
5955873
6176463
6406349
6638095
6838231
7058821
3773447
3994853
4217007
4423560
4632358
4852948
5123265
5331383
5546100
5762109
5955873
6176463
6406349
6638095
6838231
7058821
237732
470748
688367
906077
1102948
1323537
1577732
1789955
2020249
2228209
2426463
2647052
2886916
3126281
3308821
3529410
208526
435986
664354
908322
2426463
1323537
1591315
1825488
2054943
2266190
2426463
2647052
2895351
3122766
3308821
3529410
3787052
4011769
4233810
4445102
4632358
4852948
5110000
5330408
5543469
5772404
5955873
6176463
6418095
6647075
6880496
7058821
3787052
4011769
4233810
4445102
4632358
4852948
5110000
5330408
5543469
5772404
5955873
6176463
6418095
6647075
6895506
7058821
208526
435986
664354
908322
2444633
1323537
1591315
1825488
2054943
2266190
2426463
2647052
2895351
3122766
3308821
3529410
246327
469841
677143
914286
1102948
1323537
1573152
1793311
1992063
2231134
2426463
2647052
2902200
3135215
3308821
3529410
3789660
4020567
4226259
4456054
4632358
4852948
5115601
5326667
5539206
5759252
5955873
6176463
6410499
6646848
6838231
7058821
3789660
4020567
4226259
4456054
4632358
4852948
5115601
5326667
5539206
5759252
5955873
6176463
6410499
6646848
6838231
7058821
246327
469841
677143
914286
1102948
1323537
1573152
1793311
1992063
2231134
2426463
2647052
2902200
3135215
3308821
3529410
239433
476576
681769
905079
1102948
1323537
1570454
1795034
2008776
2235034
2426463
2647052
2901270
3142880
3308821
3529410
3771587
4012948
4228503
4439955
4632358
4852948
5099161
5320703
5537234
5763401
5955873
6176463
6408254
6632766
6838231
7058821
3771587
4012948
4228503
4439955
4632358
4852948
5099161
5320703
5537234
5763401
5955873
6176463
6408254
6632766
6838231
7058821
239433
476576
681769
905079
1102948
1323537
1570454
1795034
2008776
2235034
2426463
2647052
2901270
3142880
3308821
3529410
231633
454059
678458
2222063
1102948
1323537
1562562
1782880
2005397
2222063
2426463
2647052
2888844
3108730
3308821
3529410
6401361
3989184
4203447
4423855
4632358
4852948
6401361
5310862
5537619
5755510
5955873
6176463
6401361
6630317
6838231
7058821
4203447
5537619
4203447
4423855
4632358
4852948
6401361
5310862
5537619
6401361
5955873
6176463
6401361
6630317
6838231
7058821
231633
454059
2005397
3108730
1102948
1323537
1562562
1782880
2005397
2222063
2426463
2647052
2888844
3108730
3308821
3529410
230816
466100
689751
917982
1102948
1323537
1571565
1795850
2020612
2239977
2426463
2647052
2898957
3127166
3308821
3529410
3793084
4015533
4232721
4449002
4632358
4852948
5120385
5345397
5560204
5779932
5955873
6176463
6416576
6640726
6838231
7058821
3793084
4015533
4232721
4449002
4632358
4852948
5120385
5345397
5560204
5779932
5955873
6176463
6416576
6640726
6838231
7058821
230816
466100
689751
917982
1102948
1323537
1571565
1795850
2020612
2239977
2426463
2647052
2898957
3127166
3308821
3529410
245079
470544
701224
933129
1102948
1323537
1573628
1803968
2042426
2268005
2426463
2647052
2897868
3128957
3308821
3529410
3749274
3979456
4211156
4453333
4632358
4852948
5120544
5342721
5571111
5790227
5955873
6176463
6417120
6652177
6838231
7058821
3749274
3979456
4211156
4453333
4632358
4852948
5120544
5342721
5571111
5790227
5955873
6176463
6417120
6652177
6838231
7058821
245079
470544
701224
933129
1102948
1323537
1573628
1803968
2042426
2268005
2426463
2647052
2897868
3128957
3308821
3529410
232744
446077
674989
910136
1102948
1323537
1593583
1809819
2032812
2254921
1102948
2647052
2904263
3111429
3308821
3529410
3777551
3984104
4206122
4424785
4632358
4852948
5102993
5327483
5553356
5777234
5955873
6176463
6416372
6636576
6838231
7058821
3777551
3984104
4206122
4424785
4632358
4852948
5102993
5327483
5553356
5777234
5955873
6176463
6416372
6636576
6838231
7058821
232744
446077
674989
910136
1102948
1323537
1593583
1809819
2032812
2254921
1102948
2647052
2904263
3111429
3308821
3529410
244943
463492
682925
916054
1102948
1323537
1587211
1811315
2026145
2249388
2426463
2647052
2882018
3116281
3308821
3529410
3774354
3990862
4221338
4439705
4632358
4852948
5116667
5327483
5549683
5767302
5955873
6176463
6432880
6648980
6838231
7058821
3774354
3990862
4221338
4439705
4632358
4852948
5116667
5327483
5549683
5767302
5955873
6176463
6432880
6648980
6838231
7058821
244943
463492
682925
916054
1102948
1323537
1587211
1811315
2026145
2249388
2426463
2647052
2882018
3116281
3308821
3529410
229342
464399
681270
916145
1102948
1323537
1591156
1811905
2043605
2266621
2426463
2647052
2880658
3111474
3308821
3529410
3784059
4013356
4227868
4459252
4632358
4852948
5122132
5333628
5563492
5790635
5955873
6176463
6411134
6652517
6838231
7058821
3784059
4013356
4227868
4459252
4632358
4852948
5122132
5333628
5563492
5790635
5955873
6176463
6411134
6652517
6838231
7058821
229342
464399
681270
916145
1102948
1323537
1591156
1811905
2043605
2266621
2426463
2647052
2880658
3111474
3308821
3529410
233492
470816
689320
910998
1102948
1323537
1563061
1795442
2005873
2243197
2426463
2647052
2877392
3113039
3308821
3529410
3741927
3987732
4200862
4425578
4632358
4852948
5087506
5321633
5550907
5775556
5955873
6176463
6423787
6662653
6838231
7058821
3741927
3987732
4200862
4425578
4632358
4852948
5087506
5321633
5550907
5775556
5955873
6176463
6423787
6662653
6838231
7058821
233492
470816
689320
910998
1102948
1323537
1563061
1795442
2005873
2243197
2426463
2647052
2877392
3113039
3308821
3529410
0
0
0
0
0
0
0
0
0
0
0
0
0
0
0
0
0
0
0
0
0
0
0
0
0
0
0
0
0
0
0
0
0
0
0
0
0
0
0
0
0
0
0
0
0
0
0
0
0
0
0
0
0
0
0
0
0
0
0
0
0
0
0
0
0
0
0
0
0
0
0
0
0
0
0
0
0
0
0
0
0
0
0
0
0
0
0
0
0
0
0
0
0
0
0
0
0
0
0
0
0
0
0
0
0
0
0
0
0
0
0
0
0
0
0
0
0
0
0
0
0
0
0
0
0
0
0
0
0
0
0
0
0
0
0
0
0
0
0
0
0
0
0
0
0
0
0
0
0
0
0
0
0
0
0
0
0
0
0
0
0
0
0
0
0
0
0
0
0
0
0
0
0
0
0
0
0
0
0
0
0
0
0
0
0
0
0
0
0
0
0
0
0
0
0
0
0
0
0
0
0
0
0
0
0
0
0
0
0
0
0
0
0
0
0
0
0
0
0
0
0
0
0
0
0
0
0
0
0
0
0
0
0
0
0
0
0
0
0
0
0
0
0
0
0
0
0
0
0
0
0
0
0
0
0
0
0
0
0
0
0
0
0
0
0
0
0
0
0
0
0
0
0
0
0
0
0
0
0
0
0
0
0
0
0
0
0
0
0
0
0
0
0
0
0
0
0
0
0
0
0
0
0
0
0
0
0
0
0
0
0
0
0
0
0
0
0
0
0
0
0
0
0
0
0
0
0
0
0
0
0
0
0
0
0
0
0
0
0
0
0
0
0
0
0
0
0
0
0
0
0
0
0
0
0
0
0
0
0
0
0
0
0
0
0
0
0
0
0
0
0
0
0
0
0
0
0
0
0
0
0
0
0
0
0
0
0
0
0
0
0
0
0
0
0
0
0
0
0
0
0
0
0
0
0
0
0
0
0
0
0
0
0
0
0
0
0
0
0
0
0
0
0
0
0
0
0
0
0
0
0
0
0
0
0
0
0
0
0
0
0
0
0
0
0
0
0
0
0
0
0
0
0
0
0
0
0
0
0
0
0
0
0
0
0
0
0
0
0
0
0
0
0
0
0
0
0
0
0
0
0
0
0
0
0
0
0
0
0
0
0
0
0
0
0
0
0
0
0
0
0
0
0
0
0
0
0
0
0
0
0
0
0
0
0
0
0
0
0
0
0
0
0
0
0
0
0
0
0
0
0
0
0
0
0
0
0
0
0
0
0
0
0
0
0
0
0
0
0
0
0
0
0
0
0
0
0
0
0
0
0
0
0
0
0
0
0
0
0
0
0
0
0
0
0
0
318
211
262
252
17
1
216
241
164
262
18
1
255
283
6
1
333
232
256
266
38
1
261
273
238
289
27
1
275
240
34
0
333
232
256
266
0
0
261
273
238
289
0
0
275
240
0
0
318
211
262
252
0
0
216
241
164
262
0
0
255
283
0
0
208
179
193
229
10
1
223
193
177
227
12
0
214
238
10
0
212
228
183
224
14
1
216
206
238
239
21
1
168
280
14
0
212
228
183
224
0
0
216
206
238
239
0
0
168
280
0
0
208
179
193
229
0
0
223
193
177
227
0
0
214
238
0
0
245
171
166
185
20
0
256
170
226
197
21
1
287
179
6
0
286
148
210
180
7
1
383
129
211
203
14
1
296
167
7
0
286
148
210
180
0
0
383
129
211
203
0
0
296
167
0
0
245
171
166
185
0
0
256
170
226
197
0
0
287
179
0
0
350
267
213
234
58
1
314
208
219
247
35
1
263
248
53
1
301
242
253
241
44
1
251
237
242
271
40
1
273
228
22
1
301
242
253
241
0
0
251
237
242
271
0
0
273
228
0
0
350
267
213
234
0
0
314
208
219
247
0
0
263
248
0
0
446
216
274
333
17
1
395
257
293
358
27
1
525
378
15
1
352
301
261
281
19
1
404
272
262
347
21
1
425
355
30
1
352
301
261
281
0
0
404
272
262
347
0
0
425
355
0
0
446
216
274
333
0
0
395
257
293
358
0
0
525
378
0
0
717
724
614
725
15
1
790
819
726
745
9
1
781
853
6
1
832
864
780
816
20
1
802
799
786
848
9
1
808
854
33
1
832
864
780
816
0
0
802
799
786
848
0
0
808
854
0
0
717
724
614
725
0
0
790
819
726
745
0
0
781
853
0
0
1090
978
989
1094
3
1
1036
1008
914
937
2
0
977
1109
9
1
983
928
1008
906
2
0
995
862
871
889
1
1
1093
860
13
1
983
928
1008
906
0
0
995
862
871
889
0
0
1093
860
0
0
1090
978
989
1094
0
0
1036
1008
914
937
0
0
977
1109
0
0
1277
1102
986
1421
1
0
1089
1084
1116
1113
1
0
1184
1512
1
0
964
1057
1148
1167
1
0
1294
1249
1288
1332
1
0
1152
1297
1
0
964
1057
1148
1167
0
0
1294
1249
1288
1332
0
0
1152
1297
0
0
1277
1102
986
1421
0
0
1089
1084
1116
1113
0
0
1184
1512
0
0
907
698
1082
1103
1
0
1103
1050
1004
1292
1
0
1171
1467
1
0
945
1053
953
1321
1
0
955
985
1067
1356
1
0
1223
1443
1
0
945
1053
953
1321
0
0
955
985
1067
1356
0
0
1223
1443
0
0
907
698
1082
1103
0
0
1103
1050
1004
1292
0
0
1171
1467
0
0
1113
1455
1608
1549
7
0
2141
1263
1642
1667
6
0
1807
2290
11
0
1297
1447
1397
1494
20
0
1625
1547
1625
1984
18
0
1455
1677
39
0
1297
1447
1397
1494
0
0
1625
1547
1625
1984
0
0
1455
1677
0
0
1113
1455
1608
1549
0
0
2141
1263
1642
1667
0
0
1807
2290
0
0
645
693
730
1435
1
0
645
661
886
1178
1
0
713
1375
3
0
1198
1110
1117
873
1
0
971
988
979
939
1
0
978
1216
1
0
1198
1110
1117
873
0
0
971
988
979
939
0
0
978
1216
0
0
645
693
730
1435
0
0
645
661
886
1178
0
0
713
1375
0
0
0
0
0
0
0
0
0
0
0
0
0
0
0
0
0
0
0
0
0
0
0
0
0
0
0
0
0
0
0
0
0
0
0
0
0
0
0
0
0
0
0
0
0
0
0
0
0
0
0
0
0
0
0
0
0
0
0
0
0
0
0
0
0
0
0
0
0
0
0
0
0
0
0
0
0
0
0
0
0
0
0
0
0
0
0
0
0
0
0
0
0
0
0
0
0
0
0
0
0
0
0
0
0
0
0
0
0
0
0
0
0
0
0
0
0
0
0
0
0
0
0
0
0
0
0
0
0
0
0
0
0
0
0
0
0
0
0
0
0
0
0
0
0
0
0
0
0
0
0
0
0
0
0
0
0
0
0
0
0
0
0
0
0
0
0
0
0
0
0
0
0
0
0
0
0
0
0
0
0
0
0
0
0
0
0
0
0
0
0
0
0
0
0
0
0
0
0
0
0
0
0
0
0
0
0
0
0
0
0
0
0
0
0
0
0
0
0
0
0
0
0
0
0
0
0
0
0
0
0
0
0
0
0
0
0
0
0
0
0
0
0
0
0
0
0
0
0
0
0
0
0
0
0
0
0
0
0
0
0
0
0
0
0
0
0
0
0
0
0
0
0
0
0
0
0
0
0
0
0
0
0
0
0
0
0
0
0
0
0
0
0
0
0
0
0
0
0
0
0
0
0
0
0
0
0
0
0
0
0
0
0
0
0
0
0
0
0
0
0
0
0
0
0
0
0
0
0
0
0
0
0
0
0
0
0
0
0
0
0
0
0
0
0
0
0
0
0
0
0
0
0
0
0
0
0
0
0
0
0
0
0
0
0
0
0
0
0
0
0
0
0
0
0
0
0
0
0
0
0
0
0
0
0
0
0
0
0
0
0
0
0
0
0
0
0
0
0
0
0
0
0
0
0
0
0
0
0
0
0
0
0
0
0
0
0
0
0
0
0
0
0
0
0
0
0
0
0
0
0
0
0
0
0
0
0
0
0
0
0
0
0
0
0
0
0
0
0
0
0
0
0
0
0
0
0
0
0
0
0
0
0
0
0
0
0
0
0
0
0
0
0
0
0
0
0
0
0
0
0
0
0
0
0
0
0
0
0
0
0
0
0
0
0
0
0
0
0
0
0
0
0
0
0
0
0
0
0
0
0
0
0
0
0
0
0
0
0
0
0
0
0
0
0
0
0
0
0
0
0
0
0
0
0
0
0
0
0
0
0
0
0
0
0
0
0
0
0
0
0
0
0
0
0
0
0
0
0
0
0
0
0
0
0
0
0
0
0
0
0
0
0
0
0
0
0
0
388
331
245
332
37
1
348
352
322
384
12
1
376
377
32
1
256
313
293
342
4
1
247
316
289
335
6
1
346
323
7
1
256
313
293
342
0
0
247
316
289
335
0
0
346
323
0
0
388
331
245
332
0
0
348
352
322
384
0
0
376
377
0
0
304
143
136
311
31
1
211
231
198
207
33
1
216
276
34
1
254
282
188
394
19
1
257
191
186
329
27
1
408
333
24
1
254
282
188
394
0
0
257
191
186
329
0
0
408
333
0
0
304
143
136
311
0
0
211
231
198
207
0
0
216
276
0
0
382
193
225
281
13
1
368
203
217
233
12
1
362
288
13
1
388
276
217
273
20
1
300
194
258
206
12
1
335
302
14
1
388
276
217
273
0
0
300
194
258
206
0
0
335
302
0
0
382
193
225
281
0
0
368
203
217
233
0
0
362
288
0
0
466
233
245
209
17
1
359
176
221
213
11
1
401
251
20
0
469
235
158
256
18
1
338
165
200
200
21
1
370
206
10
1
469
235
158
256
0
0
338
165
200
200
0
0
370
206
0
0
466
233
245
209
0
0
359
176
221
213
0
0
401
251
0
0
380
171
188
310
33
2
417
231
179
310
16
1
366
230
15
1
400
167
205
337
14
1
400
283
227
376
13
1
400
314
18
2
205
227
205
337
0
0
400
283
227
400
0
0
400
314
0
0
380
171
179
230
0
0
417
231
179
310
0
0
366
230
0
0
553
378
477
486
18
1
552
367
428
424
26
1
605
377
18
1
547
476
464
436
18
1
701
422
514
353
20
1
690
544
30
0
547
476
464
436
0
0
701
422
514
353
0
0
690
544
0
0
553
378
477
486
0
0
552
367
428
424
0
0
605
377
0
0
755
472
553
517
10
0
678
538
372
710
7
1
772
641
4
1
779
646
564
642
8
1
686
565
566
734
14
1
696
634
9
0
779
646
564
642
0
0
686
565
566
734
0
0
696
634
0
0
755
472
553
517
0
0
678
538
372
710
0
0
772
641
0
0
626
755
736
933
4
0
756
698
643
745
3
0
555
787
10
1
604
792
774
1028
2
0
590
799
781
1083
2
1
869
979
3
0
604
792
774
1028
0
0
590
799
781
1083
0
0
869
979
0
0
626
755
736
933
0
0
756
698
643
745
0
0
555
787
0
0
984
993
1148
1408
11
0
1083
997
1056
1502
8
1
1435
1317
1
0
1122
1132
1046
1443
1
0
1152
1024
1269
1336
2
0
1264
1490
17
1
1122
1132
1046
1443
0
0
1152
1024
1269
1336
0
0
1264
1490
0
0
984
993
1148
1408
0
0
1083
997
1056
1502
0
0
1435
1317
0
0
833
628
814
999
1
0
1141
1045
834
1244
4
0
1263
1019
1
0
1310
850
906
1285
5
0
1135
946
1036
1223
4
0
1133
1395
3
0
1310
850
906
1285
0
0
1135
946
1036
1223
0
0
1133
1395
0
0
833
628
814
999
0
0
1141
1045
834
1244
0
0
1263
1019
0
0
1458
728
1325
1364
29
0
1442
804
1208
1144
8
0
1474
1439
18
0
1598
883
1830
1157
3
0
1563
979
1650
1344
21
0
1447
1342
57
1
1598
883
1830
1157
0
0
1563
979
1650
1344
0
0
1447
1342
0
0
1458
728
1325
1364
0
0
1442
804
1208
1144
0
0
1474
1439
0
0
0
0
0
0
0
0
0
0
0
0
0
0
0
0
0
0
0
0
0
0
0
0
0
0
0
0
0
0
0
0
0
0
0
0
0
0
0
0
0
0
0
0
0
0
0
0
0
0
0
0
0
0
0
0
0
0
0
0
0
0
0
0
0
0
0
0
0
0
0
0
0
0
0
0
0
0
0
0
0
0
0
0
0
0
0
0
0
0
0
0
0
0
0
0
0
0
0
0
0
0
0
0
0
0
0
0
0
0
0
0
0
0
0
0
0
0
0
0
0
0
0
0
0
0
0
0
0
0
0
0
0
0
0
0
0
0
0
0
0
0
0
0
0
0
0
0
0
0
0
0
0
0
0
0
0
0
0
0
0
0
0
0
0
0
0
0
0
0
0
0
0
0
0
0
0
0
0
0
0
0
0
0
0
0
0
0
0
0
0
0
0
0
0
0
0
0
0
0
0
0
0
0
0
0
0
0
0
0
0
0
0
0
0
0
0
0
0
0
0
0
0
0
0
0
0
0
0
0
0
0
0
0
0
0
0
0
0
0
0
0
0
0
0
0
0
0
0
0
0
0
0
0
0
0
0
0
0
0
0
0
0
0
0
0
0
0
0
0
0
0
0
0
0
0
0
0
0
0
0
0
0
0
0
0
0
0
0
0
0
0
0
0
0
0
0
0
0
0
0
0
0
0
0
0
0
0
0
0
0
0
0
0
0
0
0
0
0
0
0
0
0
0
0
0
0
0
0
0
0
0
0
0
0
0
0
0
0
0
0
0
0
0
0
0
0
0
0
0
0
0
0
0
0
0
0
0
0
0
0
0
0
0
0
0
0
0
0
0
0
0
0
0
0
0
0
0
0
0
0
0
0
0
0
0
0
0
0
0
0
0
0
0
0
0
0
0
0
0
0
0
0
0
0
0
0
0
0
0
0
0
0
0
0
0
0
0
0
0
0
0
0
0
0
0
0
0
0
0
0
0
0
0
0
0
0
0
0
0
0
0
0
0
0
0
0
0
0
0
0
0
0
0
0
0
0
0
0
0
0
0
0
0
0
0
0
0
0
0
0
0
0
0
0
0
0
0
0
0
0
0
0
0
0
0
0
0
0
0
0
0
0
0
0
0
0
0
0
0
0
0
0
0
0
0
0
0
0
0
0
0
0
0
0
0
0
0
0
0
0
0
0
0
0
0
0
0
0
0
0
0
0
0
0
0
0
0
0
0
0
0
0
0
0
0
0
0
0
0
0
0
0
0
0
0
0
0
0
0
0
0
0
0
0
0
0
0
0
0
0
0
0
0
0
0
0
0
20
20
20
20
46
20
20
20
20
20
46
20
20
20
46
20
20
20
20
20
46
20
20
20
20
20
46
20
20
20
46
20
20
20
20
20
46
20
20
20
20
20
46
20
20
20
46
20
20
20
20
20
46
20
20
20
20
20
46
20
20
20
46
20
46
46
46
46
46
46
46
46
46
46
46
46
46
46
46
46
46
46
46
46
46
46
46
46
46
46
46
46
46
46
46
46
46
46
46
46
46
46
46
46
46
46
46
46
46
46
46
46
46
46
46
46
46
46
46
46
46
46
46
46
46
46
46
46
46
46
46
46
46
46
46
46
46
46
46
46
46
46
46
46
46
46
46
46
46
46
46
46
46
46
46
46
46
46
46
46
46
46
46
46
46
46
46
46
46
46
46
46
46
46
46
46
46
46
46
46
46
46
46
46
46
46
46
46
46
46
46
46
46
46
46
46
46
46
46
46
46
46
46
46
46
46
46
46
46
46
46
46
46
46
46
46
46
46
46
46
46
46
46
46
46
46
46
46
46
46
46
46
46
46
46
46
46
46
46
46
46
46
46
46
46
46
46
46
46
46
46
46
46
46
46
46
46
46
46
46
46
46
46
46
46
46
46
46
46
46
46
46
46
46
46
46
46
46
46
46
46
46
46
46
46
46
46
46
46
46
46
46
46
46
46
46
46
46
46
46
46
46
46
46
46
46
46
46
46
46
46
46
46
46
46
46
46
46
46
46
46
46
46
46
46
46
46
46
46
46
46
46
46
46
46
46
46
46
46
46
46
46
46
46
46
46
46
46
46
46
46
46
46
46
46
46
46
46
46
46
46
46
46
46
46
46
46
46
46
46
46
46
46
46
46
46
46
46
46
46
46
46
46
46
46
46
46
46
46
46
46
46
46
46
46
46
46
46
46
46
46
46
46
46
46
46
46
46
46
46
46
46
46
46
46
46
46
46
46
46
46
46
46
46
46
46
46
46
46
46
46
46
46
46
46
46
46
46
46
46
46
46
46
46
46
46
46
46
46
46
46
46
46
46
46
46
46
46
46
46
46
46
46
46
46
46
46
46
46
46
46
46
46
46
46
46
46
46
46
46
46
46
46
46
46
46
46
46
46
46
46
46
46
46
46
46
46
46
46
46
46
46
46
46
46
46
46
46
46
46
46
46
46
46
46
46
46
46
46
46
46
46
46
46
46
46
46
46
46
46
46
46
46
46
46
46
46
46
46
46
46
46
46
46
46
46
46
46
46
46
46
46
46
46
46
46
46
46
46
46
46
46
46
46
46
46
46
46
46
46
46
46
46
46
46
46
46
46
46
46
46
46
46
46
46
46
46
46
46
46
46
46
46
46
46
46
46
46
46
46
46
46
46
46
46
46
46
46
46
46
46
46
46
46
46
46
46
46
46
46
46
46
46
46
46
46
46
46
46
46
46
46
46
46
46
46
46
46
46
46
46
46
46
46
46
46
46
46
46
46
46
46
46
46
46
46
46
46
46
46
46
46
46
46
46
46
46
46
46
46
46
46
46
46
46
46
46
46
46
46
46
46
46
46
46
46
46
46
46
46
46
46
46
46
46
46
46
46
46
46
46
46
46
46
20
20
20
20
46
20
20
20
20
20
46
20
20
20
46
20
20
20
20
20
46
20
20
20
20
20
46
20
20
20
46
20
46
46
46
46
46
46
46
46
46
46
46
46
46
46
46
46
46
46
46
46
46
46
46
46
46
46
46
46
46
46
46
46
46
46
46
46
46
46
46
46
46
46
46
46
46
46
46
46
46
46
46
46
46
46
46
46
46
46
46
46
46
46
46
46
46
46
46
46
46
46
46
46
46
46
46
46
46
46
46
46
46
46
46
46
46
46
46
46
46
46
46
46
46
46
46
46
46
46
46
46
46
46
46
46
46
46
46
46
46
46
46
46
46
46
46
46
46
46
46
46
46
46
46
46
46
46
46
46
46
46
46
46
46
46
46
46
46
46
46
46
46
46
46
46
46
46
46
46
46
46
46
46
46
46
46
46
46
46
46
46
46
46
46
46
46
46
46
46
46
46
46
46
46
46
46
46
46
46
46
46
46
46
46
46
46
46
46
46
46
46
46
46
46
46
46
46
46
46
46
46
46
46
46
46
46
46
46
46
46
46
46
46
46
46
46
46
46
46
46
46
46
46
46
46
46
46
46
46
46
46
46
46
46
46
46
46
46
46
46
46
46
46
46
46
46
46
46
46
46
46
46
46
46
46
46
46
46
46
46
46
46
46
46
46
46
46
46
46
46
46
46
46
46
46
46
46
46
46
46
46
46
46
46
46
46
46
46
46
46
46
46
46
46
46
46
46
46
46
46
46
46
46
46
46
46
46
46
46
46
46
46
46
46
46
46
46
46
46
46
46
46
46
46
46
46
46
46
46
46
46
46
46
46
46
46
46
46
46
46
46
46
46
46
46
46
46
46
46
46
46
46
46
46
46
46
46
46
46
46
46
46
46
46
46
46
46
46
46
46
46
46
46
46
46
46
46
46
46
46
46
46
46
46
46
46
46
46
46
46
46
46
46
46
46
46
46
46
46
46
46
46
46
46
46
46
46
46
46
46
46
46
46
46
46
46
46
46
46
46
46
46
46
46
46
46
46
46
46
46
46
46
46
46
46
46
46
46
46
46
46
46
46
46
46
46
46
46
46
46
46
46
46
46
46
46
46
46
46
46
46
46
46
46
46
46
46
46
46
46
46
46
46
46
46
46
46
46
46
46
46
46
46
46
46
46
46
46
46
46
46
46
46
46
46
46
46
46
46
46
46
46
46
46
46
46
46
46
46
46
46
46
46
46
46
46
46
46
46
46
46
46
46
46
46
46
46
46
46
46
46
46
46
46
46
46
46
46
46
46
46
46
46
46
46
46
46
46
46
46
46
46
46
46
46
46
46
46
46
46
46
46
46
46
46
46
46
46
46
46
46
46
46
46
46
46
46
46
46
46
46
46
46
46
46
46
46
46
46
46
46
46
46
46
46
46
46
46
46
46
46
46
46
46
46
46
46
46
46
46
46
46
46
46
46
46
46
46
46
46
46
46
46
46
46
46
46
46
46
46
46
46
46
46
46
46
46
46
46
46
46
20
20
20
20
46
20
20
20
20
20
46
20
20
20
46
20
20
20
20
20
46
20
20
20
20
20
46
20
20
20
46
20
20
20
20
20
46
20
20
20
20
20
46
20
20
20
46
20
20
20
20
20
46
20
20
20
20
20
46
20
20
20
46
20
46
46
46
46
46
46
46
46
46
46
46
46
46
46
46
46
46
46
46
46
46
46
46
46
46
46
46
46
46
46
46
46
46
46
46
46
46
46
46
46
46
46
46
46
46
46
46
46
46
46
46
46
46
46
46
46
46
46
46
46
46
46
46
46
46
46
46
46
46
46
46
46
46
46
46
46
46
46
46
46
46
46
46
46
46
46
46
46
46
46
46
46
46
46
46
46
46
46
46
46
46
46
46
46
46
46
46
46
46
46
46
46
46
46
46
46
46
46
46
46
46
46
46
46
46
46
46
46
46
46
46
46
46
46
46
46
46
46
46
46
46
46
46
46
46
46
46
46
46
46
46
46
46
46
46
46
46
46
46
46
46
46
46
46
46
46
46
46
46
46
46
46
46
46
46
46
46
46
46
46
46
46
46
46
46
46
46
46
46
46
46
46
46
46
46
46
46
46
46
46
46
46
46
46
46
46
46
46
46
46
46
46
46
46
46
46
46
46
46
46
46
46
46
46
46
46
46
46
46
46
46
46
46
46
46
46
46
46
46
46
46
46
46
46
46
46
46
46
46
46
46
46
46
46
46
46
46
46
46
46
46
46
46
46
46
46
46
46
46
46
46
46
46
46
46
46
46
46
46
46
46
46
46
46
46
46
46
46
46
46
46
46
46
46
46
46
46
46
46
46
46
46
46
46
46
46
46
46
46
46
46
46
46
46
46
46
46
46
46
46
46
46
46
46
46
46
46
46
46
46
46
46
46
46
46
46
46
46
46
46
46
46
46
46
46
46
46
46
46
46
46
46
46
46
46
46
46
46
46
46
46
46
46
46
46
46
46
46
46
46
46
46
46
46
46
46
46
46
46
46
46
46
46
46
46
46
46
46
46
46
46
46
46
46
46
46
46
46
46
46
46
46
46
46
46
46
46
46
46
46
46
46
46
46
46
46
46
46
46
46
46
46
46
46
46
46
46
46
46
46
46
46
46
46
46
46
46
46
46
46
46
46
46
46
46
46
46
46
46
46
46
46
46
46
46
46
46
46
46
46
46
46
46
46
46
46
46
46
46
46
46
46
46
46
46
46
46
46
46
46
46
46
46
46
46
46
46
46
46
46
46
46
46
46
46
46
46
46
46
46
46
46
46
46
46
46
46
46
46
46
46
46
46
46
46
46
46
46
46
46
46
46
46
46
46
46
46
46
46
46
46
46
46
46
46
46
46
46
46
46
46
46
46
46
46
46
46
46
46
46
46
46
46
46
46
46
46
46
46
46
46
46
46
46
46
46
46
46
46
46
46
46
46
46
46
46
46
46
46
46
46
46
46
46
46
46
46
46
46
46
46
46
46
46
46
46
46
46
46
46
46
46
46
46
46
46
46
46
46
46
46
46
46
46
46
46
46
46
46
46
46
46
46
46
46
46
46
46
46
46
46
46
46
46
46
46
46
46
46
46
20
20
20
20
46
20
20
20
20
20
46
20
20
20
46
20
20
20
20
20
46
20
20
20
20
20
46
20
20
20
46
20
20
20
20
20
46
20
20
20
20
20
46
20
20
20
46
20
20
20
20
20
46
20
20
20
20
20
46
20
20
20
46
20
46
46
46
46
46
46
46
46
46
46
46
46
46
46
46
46
46
46
46
46
46
46
46
46
46
46
46
46
46
46
46
46
46
46
46
46
46
46
46
46
46
46
46
46
46
46
46
46
46
46
46
46
46
46
46
46
46
46
46
46
46
46
46
46
46
46
46
46
46
46
46
46
46
46
46
46
46
46
46
46
46
46
46
46
46
46
46
46
46
46
46
46
46
46
46
46
46
46
46
46
46
46
46
46
46
46
46
46
46
46
46
46
46
46
46
46
46
46
46
46
46
46
46
46
46
46
46
46
46
46
46
46
46
46
46
46
46
46
46
46
46
46
46
46
46
46
46
46
46
46
46
46
46
46
46
46
46
46
46
46
46
46
46
46
46
46
46
46
46
46
46
46
46
46
46
46
46
46
46
46
46
46
46
46
46
46
46
46
46
46
46
46
46
46
46
46
46
46
46
46
46
46
46
46
46
46
46
46
46
46
46
46
46
46
46
46
46
46
46
46
46
46
46
46
46
46
46
46
46
46
46
46
46
46
46
46
46
46
46
46
46
46
46
46
46
46
46
46
46
46
46
46
46
46
46
46
46
46
46
46
46
46
46
46
46
46
46
46
46
46
46
46
46
46
46
46
46
46
46
46
46
46
46
46
46
46
46
46
46
46
46
46
46
46
46
46
46
46
46
46
46
46
46
46
46
46
46
46
46
46
46
46
46
46
46
46
46
46
46
46
46
46
46
46
46
46
46
46
46
46
46
46
46
46
46
46
46
46
46
46
46
46
46
46
46
46
46
46
46
46
46
46
46
46
46
46
46
46
46
46
46
46
46
46
46
46
46
46
46
46
46
46
46
46
46
46
46
46
46
46
46
46
46
46
46
46
46
46
46
46
46
46
46
46
46
46
46
46
46
46
46
46
46
46
46
46
46
46
46
46
46
46
46
46
46
46
46
46
46
46
46
46
46
46
46
46
46
46
46
46
46
46
46
46
46
46
46
46
46
46
46
46
46
46
46
46
46
46
46
46
46
46
46
46
46
46
46
46
46
46
46
46
46
46
46
46
46
46
46
46
46
46
46
46
46
46
46
46
46
46
46
46
46
46
46
46
46
46
46
46
46
46
46
46
46
46
46
46
46
46
46
46
46
46
46
46
46
46
46
46
46
46
46
46
46
46
46
46
46
46
46
46
46
46
46
46
46
46
46
46
46
46
46
46
46
46
46
46
46
46
46
46
46
46
46
46
46
46
46
46
46
46
46
46
46
46
46
46
46
46
46
46
46
46
46
46
46
46
46
46
46
46
46
46
46
46
46
46
46
46
46
46
46
46
46
46
46
46
46
46
46
46
46
46
46
46
46
46
46
46
46
46
46
46
46
46
46
46
46
46
46
46
46
46
46
46
46
46
46
46
46
46
46
46
46
46
46
46
46
46
46
46
46
46
46
46
46
46
46
46
20
20
20
20
46
20
20
20
20
20
46
20
20
20
46
20
20
20
20
20
46
20
20
20
20
20
46
20
20
20
46
20
20
20
20
20
46
20
20
20
20
20
46
20
20
20
46
20
20
20
20
20
46
20
20
20
20
20
46
20
20
20
46
20
46
46
46
46
46
46
46
46
46
46
46
46
46
46
46
46
46
46
46
46
46
46
46
46
46
46
46
46
46
46
46
46
46
46
46
46
46
46
46
46
46
46
46
46
46
46
46
46
46
46
46
46
46
46
46
46
46
46
46
46
46
46
46
46
46
46
46
46
46
46
46
46
46
46
46
46
46
46
46
46
46
46
46
46
46
46
46
46
46
46
46
46
46
46
46
46
46
46
46
46
46
46
46
46
46
46
46
46
46
46
46
46
46
46
46
46
46
46
46
46
46
46
46
46
46
46
46
46
46
46
46
46
46
46
46
46
46
46
46
46
46
46
46
46
46
46
46
46
46
46
46
46
46
46
46
46
46
46
46
46
46
46
46
46
46
46
46
46
46
46
46
46
46
46
46
46
46
46
46
46
46
46
46
46
46
46
46
46
46
46
46
46
46
46
46
46
46
46
46
46
46
46
46
46
46
46
46
46
46
46
46
46
46
46
46
46
46
46
46
46
46
46
46
46
46
46
46
46
46
46
46
46
46
46
46
46
46
46
46
46
46
46
46
46
46
46
46
46
46
46
46
46
46
46
46
46
46
46
46
46
46
46
46
46
46
46
46
46
46
46
46
46
46
46
46
46
46
46
46
46
46
46
46
46
46
46
46
46
46
46
46
46
46
46
46
46
46
46
46
46
46
46
46
46
46
46
46
46
46
46
46
46
46
46
46
46
46
46
46
46
46
46
46
46
46
46
46
46
46
46
46
46
46
46
46
46
46
46
46
46
46
46
46
46
46
46
46
46
46
46
46
46
46
46
46
46
46
46
46
46
46
46
46
46
46
46
46
46
46
46
46
46
46
46
46
46
46
46
46
46
46
46
46
46
46
46
46
46
46
46
46
46
46
46
46
46
46
46
46
46
46
46
46
46
46
46
46
46
46
46
46
46
46
46
46
46
46
46
46
46
46
46
46
46
46
46
46
46
46
46
46
46
46
46
46
46
46
46
46
46
46
46
46
46
46
46
46
46
46
46
46
46
46
46
46
46
46
46
46
46
46
46
46
46
46
46
46
46
46
46
46
46
46
46
46
46
46
46
46
46
46
46
46
46
46
46
46
46
46
46
46
46
46
46
46
46
46
46
46
46
46
46
46
46
46
46
46
46
46
46
46
46
46
46
46
46
46
46
46
46
46
46
46
46
46
46
46
46
46
46
46
46
46
46
46
46
46
46
46
46
46
46
46
46
46
46
46
46
46
46
46
46
46
46
46
46
46
46
46
46
46
46
46
46
46
46
46
46
46
46
46
46
46
46
46
46
46
46
46
46
46
46
46
46
46
46
46
46
46
46
46
46
46
46
46
46
46
46
46
46
46
46
46
46
46
46
46
46
46
46
46
46
46
46
46
46
46
46
46
46
46
46
46
46
46
46
46
46
46
46
46
46
46
46
46
46
46
46
46
46
20
20
20
20
46
20
20
20
20
20
46
20
20
20
46
20
20
20
20
20
46
20
20
20
20
20
46
20
20
20
46
20
20
20
20
20
46
20
20
20
20
20
46
20
20
20
46
20
20
20
20
20
46
20
20
20
20
20
46
20
20
20
46
20
46
46
46
46
46
46
46
46
46
46
46
46
46
46
46
46
46
46
46
46
46
46
46
46
46
46
46
46
46
46
46
46
46
46
46
46
46
46
46
46
46
46
46
46
46
46
46
46
46
46
46
46
46
46
46
46
46
46
46
46
46
46
46
46
46
46
46
46
46
46
46
46
46
46
46
46
46
46
46
46
46
46
46
46
46
46
46
46
46
46
46
46
46
46
46
46
46
46
46
46
46
46
46
46
46
46
46
46
46
46
46
46
46
46
46
46
46
46
46
46
46
46
46
46
46
46
46
46
46
46
46
46
46
46
46
46
46
46
46
46
46
46
46
46
46
46
46
46
46
46
46
46
46
46
46
46
46
46
46
46
46
46
46
46
46
46
46
46
46
46
46
46
46
46
46
46
46
46
46
46
46
46
46
46
46
46
46
46
46
46
46
46
46
46
46
46
46
46
46
46
46
46
46
46
46
46
46
46
46
46
46
46
46
46
46
46
46
46
46
46
46
46
46
46
46
46
46
46
46
46
46
46
46
46
46
46
46
46
46
46
46
46
46
46
46
46
46
46
46
46
46
46
46
46
46
46
46
46
46
46
46
46
46
46
46
46
46
46
46
46
46
46
46
46
46
46
46
46
46
46
46
46
46
46
46
46
46
46
0
0
0
0
0
0
0
0
0
0
0
0
0
0
0
0
0
0
0
0
0
0
0
0
0
0
0
0
0
0
0
0
0
0
0
0
0
0
0
0
0
0
0
0
0
0
0
0
0
0
0
0
0
0
0
0
0
0
0
0
0
0
0
0
0
0
0
0
0
0
0
0
0
0
0
0
0
0
0
0
0
0
0
0
0
0
0
0
0
0
0
0
0
0
0
0
2
2
2
2
29
2
2
2
2
2
29
2
2
2
29
2
2
2
2
2
29
2
2
2
2
2
29
2
2
2
29
2
0
0
0
0
-127
0
0
0
0
0
-127
0
0
0
-127
0
0
0
0
0
-127
0
0
0
0
0
-127
0
0
0
-127
0
0
0
0
0
0
0
0
0
0
0
0
0
0
0
0
0
0
0
0
0
0
0
0
0
0
0
0
0
0
0
0
0
0
0
0
0
0
0
0
0
0
0
0
0
0
0
0
0
0
0
0
0
0
0
0
0
0
0
0
0
0
0
0
0
0
0
0
0
0
0
0
0
0
0
0
0
0
0
0
0
0
0
0
0
0
0
0
0
0
0
0
0
0
0
0
0
6
7
6
7
6
7
6
7
6
7
6
7
6
7
6
7
6
7
6
7
6
7
6
7
6
7
6
7
6
7
6
7
0
0
0
0
0
0
0
0
0
0
0
0
0
0
0
0
0
0
0
0
0
0
0
0
0
0
0
0
0
0
0
0
0
0
0
0
0
0
0
0
0
0
0
0
0
0
0
0
0
0
0
0
0
0
0
0
0
0
0
0
0
0
0
0
0
0
0
0
0
0
0
0
0
0
0
0
0
0
0
0
0
0
0
0
0
0
0
0
0
0
0
0
0
0
0
0
0
0
0
0
-1
0
0
0
0
0
-1
0
0
0
-1
0
0
0
0
0
-1
0
0
0
0
0
-1
0
0
0
-1
0
-1
-1
-1
-1
-1
-1
-1
-1
-1
-1
-1
-1
-1
-1
-1
-1
-1
-1
-1
-1
-1
-1
-1
-1
-1
-1
-1
-1
-1
-1
-1
-1
0
0
0
0
0
0
0
0
0
0
0
0
0
0
0
0
0
0
0
0
0
0
0
0
0
0
0
0
0
0
0
0
0
0
0
0
0
0
0
0
0
0
0
0
0
0
0
0
0
0
0
0
0
0
0
0
0
0
0
0
0
0
0
0
0
0
0
0
0
0
0
0
0
0
0
0
0
0
0
0
0
0
0
0
0
0
0
0
0
0
0
0
0
0
0
0
0
0
0
0
0
0
0
0
0
0
0
0
0
0
0
0
0
0
0
0
0
0
0
0
0
0
0
0
0
0
0
0
0
0
0
0
0
0
0
0
0
0
0
0
0
0
0
0
0
0
0
0
0
0
0
0
0
0
0
0
0
0
0
0
0
0
0
0
0
0
0
0
0
0
0
0
0
0
0
0
0
0
0
0
0
0
0
0
0
0
0
0
0
0
0
0
0
0
0
0
0
0
0
0
0
0
0
0
0
0
0
0
0
0
0
0
0
0
0
0
0
0
0
0
0
0
0
0
0
0
0
0
0
0
0
0
0
0
0
0
0
0
0
0
0
0
0
0
0
0
0
0
0
0
0
0
0
0
0
0
0
0
0
0
0
0
0
0
0
0
0
0
0
0
0
0
0
0
0
0
0
0
0
0
0
0
0
0
0
0
0
0
0
0
0
0
0
0
0
0
0
0
0
0
0
0
0
0
0
0
0
0
0
0
0
0
0
0
0
0
0
0
0
0
0
0
0
0
0
0
0
0
0
0
0
0
0
0
0
0
0
0
0
0
0
0
0
0
0
0
0
0
0
0
0
0
0
0
0
0
0
0
0
0
0
0
0
0
0
0
0
0
0
0
0
0
0
0
0
0
0
0
0
0
0
0
0
0
6
6
6
6
6
6
6
6
6
6
6
6
6
6
6
6
6
6
6
6
6
6
6
6
6
6
6
6
6
6
6
6
0
0
0
0
0
0
0
0
0
0
0
0
0
0
0
0
0
0
0
0
0
0
0
0
0
0
0
0
0
0
0
0
6
6
6
6
6
6
6
6
6
6
6
6
6
6
6
6
6
6
6
6
6
6
6
6
6
6
6
6
6
6
6
6
0
0
0
0
0
0
0
0
0
0
0
0
0
0
0
0
0
0
0
0
0
0
0
0
0
0
0
0
0
0
0
0
6
6
6
6
6
6
6
6
6
6
6
6
6
6
6
6
6
6
6
6
6
6
6
6
6
6
6
6
6
6
6
6
0
0
0
0
0
0
0
0
0
0
0
0
0
0
0
0
0
0
0
0
0
0
0
0
0
0
0
0
0
0
0
0
6
6
6
6
6
6
6
6
6
6
6
6
6
6
6
6
6
6
6
6
6
6
6
6
6
6
6
6
6
6
6
6
0
0
0
0
0
0
0
0
0
0
0
0
0
0
0
0
0
0
0
0
0
0
0
0
0
0
0
0
0
0
0
0
6
6
6
6
6
6
6
6
6
6
6
6
6
6
6
6
6
6
6
6
6
6
6
6
6
6
6
6
6
6
6
6
0
0
0
0
0
0
0
0
0
0
0
0
0
0
0
0
0
0
0
0
0
0
0
0
0
0
0
0
0
0
0
0
6
6
6
6
6
6
6
6
6
6
6
6
6
6
6
6
6
6
6
6
6
6
6
6
6
6
6
6
6
6
6
6
0
0
0
0
0
0
0
0
0
0
0
0
0
0
0
0
0
0
0
0
0
0
0
0
0
0
0
0
0
0
0
0
0
0
0
0
0
0
0
0
0
0
0
0
0
0
0
0
0
0
0
0
0
0
0
0
0
0
0
0
0
0
0
0
0
0
0
0
0
0
0
0
0
0
0
0
0
0
0
0
0
0
0
0
0
0
0
0
0
0
0
0
0
0
0
0
6
6
6
6
6
6
6
6
6
6
6
6
6
6
6
6
6
6
6
6
6
6
6
6
6
6
6
6
6
6
6
6
0
0
0
0
0
0
0
0
0
0
0
0
0
0
0
0
0
0
0
0
0
0
0
0
0
0
0
0
0
0
0
0
6
6
6
6
6
6
6
6
6
6
6
6
6
6
6
6
6
6
6
6
6
6
6
6
6
6
6
6
6
6
6
6
0
0
0
0
0
0
0
0
0
0
0
0
0
0
0
0
0
0
0
0
0
0
0
0
0
0
0
0
0
0
0
0
6
6
6
6
6
6
6
6
6
6
6
6
6
6
6
6
6
6
6
6
6
6
6
6
6
6
6
6
6
6
6
6
0
0
0
0
0
0
0
0
0
0
0
0
0
0
0
0
0
0
0
0
0
0
0
0
0
0
0
0
0
0
0
0
6
6
6
6
6
6
6
6
6
6
6
6
6
6
6
6
6
6
6
6
6
6
6
6
6
6
6
6
6
6
6
6
0
0
0
0
0
0
0
0
0
0
0
0
0
0
0
0
0
0
0
0
0
0
0
0
0
0
0
0
0
0
0
0
6
6
6
6
6
6
6
6
6
6
6
6
6
6
6
6
6
6
6
6
6
6
6
6
6
6
6
6
6
6
6
6
0
0
0
0
0
0
0
0
0
0
0
0
0
0
0
0
0
0
0
0
0
0
0
0
0
0
0
0
0
0
0
0
6
6
6
6
6
6
6
6
6
6
6
6
6
6
6
6
6
6
6
6
6
6
6
6
6
6
6
6
6
6
6
6
0
0
0
0
0
0
0
0
0
0
0
0
0
0
0
0
0
0
0
0
0
0
0
0
0
0
0
0
0
0
0
0
0
0
0
0
0
0
0
0
0
0
0
0
0
0
0
0
0
0
0
0
0
0
0
0
0
0
0
0
0
0
0
0
0
0
0
0
0
0
0
0
0
0
0
0
0
0
0
0
0
0
0
0
0
0
0
0
0
0
0
0
0
0
0
0
