%pattern_data
4
4
4
0
0
32
-8
0
52
88
0
1
1
0
0
0
10
0
3
0
0
0
0
0
0
1
0
137
-1
-1
0
0
0
50
-360
0
40
127
30
0
0
1
0
1
0
0
0
0
0
0
0
0
0
0
0
0
9
0
0
43
1
0
1
0
1
0
1
0
1
0
1
0
1
0
1
0
1
0
1
0
1
0
1
0
1
0
1
0
1
0
1
0
1
0
1
0
1
0
1
0
1
0
1
0
1
0
1
0
1
0
1
0
1
0
1
0
1
0
1
0
1
0
1
0
-47
-47
-47
-47
-47
-47
-47
-47
-47
-47
-47
-47
-47
-47
-47
-47
-47
-47
-47
-47
-47
-47
-47
-47
-47
-47
-47
-47
-47
-47
-47
-47
312744
576916
2038753
1153855
1459932
1730771
2038753
2307687
2624014
2884626
3194785
3461542
3758957
4038458
4344694
4615374
4931406
5192313
5503447
5769229
6084422
6346145
6653810
6923084
7237982
7500000
6653810
8076916
8384014
8653855
8948095
9230771
9538367
9807687
10117324
10384626
10688889
10961542
11276553
11538458
11840952
12115374
12423673
12692313
13009819
13269229
13591882
13846145
14157846
14423084
14733288
15000000
15324785
15576916
15905805
16153855
16460431
16730771
17033878
17307687
17614399
17884626
18194240
18461542
296757
576916
857143
1153855
1451882
1730771
2044240
2307687
2642177
2884626
3185261
3461542
3752313
4038458
4329456
4615374
4902472
5192313
5486440
5769229
6064943
6346145
6664127
6923084
7211293
7500000
7786168
8076916
8381905
8653855
8950385
9230771
9508231
9807687
10110408
10384626
10684853
10961542
11270454
11538458
11859229
12115374
12421769
12692313
12989773
13269229
13583039
13846145
14151202
14423084
14727415
15000000
15308639
15576916
15881723
16153855
16461791
16730771
17046054
17307687
17622177
17884626
18192766
18461542
298662
576916
891202
1153855
1462766
1730771
2028639
2307687
2618254
2884626
3212540
3461542
3775805
4038458
4357937
4615374
4922336
5192313
5490975
5769229
6087166
6346145
6650590
6923084
7239274
7500000
7850159
8076916
8399751
8653855
8950794
9230771
9531519
9807687
10124082
10384626
10712245
10961542
11269025
11538458
11878617
12115374
12429864
12692313
12999025
13269229
13559524
13846145
14165782
14423084
14730748
15000000
15305873
15576916
15903220
16153855
16463696
16730771
17023968
17307687
17604354
17884626
18176463
18461542
2593016
576916
3173991
1153855
1475079
1730771
2021859
2307687
2593016
2884626
3173991
3461542
4908753
4038458
4345692
4615374
4908753
5192313
5506599
5769229
6085873
6346145
6655306
6923084
7228095
7500000
7804240
8076916
8388186
8653855
8953605
9230771
9527052
9807687
10114739
10384626
10688458
10961542
11259660
11538458
11857642
12115374
14730680
12692313
13016009
13269229
13564830
13846145
14159002
14423084
14730680
15000000
15314104
15576916
15872472
16153855
16447732
16730771
17048798
17307687
17625193
17884626
18191270
18461542
330952
576916
923968
1153855
1474104
1730771
2031088
2307687
2609773
2884626
3185465
3461542
3773356
4038458
4378367
4615374
4931179
5192313
5509410
5769229
6087755
6346145
6655556
6923084
7233810
7500000
7817551
8076916
8389116
8653855
8963787
9230771
9549864
9807687
10088571
10384626
10701859
10961542
11266122
11538458
11842313
12115374
12431723
12692313
13017619
13269229
13602449
13846145
14165147
14423084
14745079
15000000
15337755
15576916
17034104
16153855
16455351
16730771
17034104
17307687
17622971
17884626
18199433
18461542
297574
576916
890930
1153855
1456485
1730771
2044694
2307687
2635351
2884626
3221610
3461542
3817302
4038458
4371746
4615374
4937007
5192313
5495692
5769229
6077052
6346145
6675420
6923084
7241497
7500000
7810181
8076916
8399909
8653855
8997370
9230771
9553605
9807687
10130590
10384626
10716417
10961542
11304898
11538458
11856644
12115374
12433039
12692313
13005714
13269229
13595397
13846145
14160431
14423084
14722086
15000000
15298027
15576916
15902630
16153855
16483673
16730771
17056236
17307687
17615351
17884626
18192585
18461542
312404
576916
919342
1153855
1499660
1730771
2039184
2307687
2628798
2884626
3200884
3461542
3770839
4038458
4344807
4615374
4915374
5192313
5502336
5769229
6097982
6346145
6657959
6923084
7242857
7500000
7823447
8076916
8393628
8653855
8973651
9230771
9530839
9807687
10118345
10384626
10704626
10961542
11295624
11538458
11858889
12115374
12430159
12692313
13008957
13269229
13569138
13846145
14146621
14423084
14729501
15000000
15322472
15576916
15888753
16153855
16471927
16730771
17025374
17307687
17621315
17884626
18190658
18461542
296961
576916
880952
1153855
1464875
1730771
2030181
2307687
2612880
2884626
3211293
3461542
3770454
4038458
4337438
4615374
4915306
5192313
5516168
5769229
6090930
6346145
6656599
6923084
7218866
7500000
7821746
8076916
8394649
8653855
8983333
9230771
9558662
9807687
10130998
10384626
10706757
10961542
11281927
11538458
11845306
12115374
12413696
12692313
13003878
13269229
13576939
13846145
14164444
14423084
14741837
15000000
16449501
15576916
15880499
16153855
16449501
16730771
17035646
17307687
17615193
17884626
18201338
18461542
304989
576916
879660
1153855
1474943
1730771
2036984
2307687
2622948
2884626
3191678
3461542
3771474
4038458
4341859
4615374
4920181
5192313
5506440
5769229
6075737
6346145
6651587
6923084
7229206
7500000
7821950
8076916
8380975
8653855
8956780
9230771
9533946
9807687
10125306
10384626
10713923
10961542
11262041
11538458
13014399
12115374
12429819
12692313
13014399
13269229
13584535
13846145
14143946
14423084
14721905
15000000
15314989
15576916
15898662
16153855
16467370
16730771
17045351
17307687
17612676
17884626
18195986
18461542
314626
576916
876871
1153855
1460295
1730771
2049456
2307687
2616168
2884626
3188821
3461542
3766780
4038458
4349206
4615374
4929116
5192313
5507800
5769229
6077460
6346145
6666213
6923084
7245828
7500000
7827166
8076916
8393832
8653855
8951587
9230771
9525964
9807687
10117891
10384626
10688163
10961542
11275057
11538458
11863515
12115374
12409478
12692313
12998141
13269229
13571270
13846145
14155782
14423084
14736961
15000000
15299637
15576916
15879093
16153855
16458163
16730771
17023583
17307687
17616032
17884626
18218163
18461542
290680
576916
893469
1153855
1466054
1730771
2042041
2307687
2628027
2884626
3197188
3461542
3771293
4038458
4353061
4615374
4920658
5192313
5504512
5769229
6081519
6346145
6655646
6923084
7237460
7500000
7814104
8076916
8394739
8653855
8976077
9230771
9535329
9807687
10115011
10384626
10683560
10961542
11275306
11538458
11860317
12115374
12435601
12692313
13004082
13269229
13564263
13846145
14159864
14423084
12435601
15000000
15314195
15576916
15872744
16153855
16468141
16730771
17045669
17307687
17630771
17884626
18210635
18461542
303741
576916
897302
1153855
2599274
1730771
2040272
2307687
2599274
2884626
3193628
3461542
7216122
4038458
2040272
4615374
4909070
5192313
5500181
5769229
6067664
6346145
6664399
6923084
7216122
7500000
7794308
8076916
8382562
8653855
8951610
9230771
11842018
9807687
10109592
10384626
10689048
10961542
11270680
11538458
11842018
12115374
12433946
12692313
13022902
13269229
13567687
13846145
17612426
14423084
14726485
15000000
15313107
15576916
15889955
16153855
16463810
16730771
17041882
17307687
17612426
17884626
18191270
18461542
294444
576916
870000
1153855
1451474
1730771
2037483
2307687
2606463
2884626
3186190
3461542
3748617
4038458
4339637
4615374
4926871
5192313
5499660
5769229
6072200
6346145
6654059
6923084
7228118
7500000
7802313
8076916
8392063
8653855
8965011
9230771
9546485
9807687
10123991
10384626
10708685
10961542
11298095
11538458
11843333
12115374
12432993
12692313
12990975
13269229
13592517
13846145
14150726
14423084
14724762
15000000
15289683
15576916
15899864
16153855
16460884
16730771
17053107
17307687
17624014
17884626
18183061
18461542
311927
576916
894739
1153855
1477619
1730771
2039410
2307687
2624603
2884626
3195329
3461542
3765782
4038458
4340952
4615374
4910612
5192313
5493175
5769229
6075261
6346145
6653515
6923084
7243424
7500000
7817302
8076916
8385397
8653855
8966667
9230771
9547664
9807687
10141610
10384626
10711293
10961542
11271973
11538458
11839909
12115374
12414467
12692313
12999773
13269229
13576009
13846145
14162472
14423084
14737664
15000000
15293673
15576916
15887256
16153855
16466644
16730771
17044036
17307687
17624898
17884626
18221043
18461542
313787
576916
896032
1153855
1470884
1730771
2035828
2307687
2619206
2884626
3185215
3461542
3778526
4038458
4336984
4615374
4915737
5192313
5485714
5769229
6070748
6346145
6656621
6923084
7246304
7500000
7816304
8076916
8385261
8653855
8958231
9230771
9536372
9807687
10142971
10384626
10709025
10961542
11264739
11538458
11842585
12115374
12428753
12692313
12992200
13269229
13577460
13846145
14151791
14423084
14741020
15000000
15319796
15576916
15889569
16153855
16467937
16730771
17030930
17307687
17632721
17884626
18198549
18461542
0
0
0
0
0
0
0
0
0
0
0
0
0
0
0
0
0
0
0
0
0
0
0
0
0
0
0
0
0
0
0
0
0
0
0
0
0
0
0
0
0
0
0
0
0
0
0
0
0
0
0
0
0
0
0
0
0
0
0
0
0
0
0
0
0
0
0
0
0
0
0
0
0
0
0
0
0
0
0
0
0
0
0
0
0
0
0
0
0
0
0
0
0
0
0
0
0
0
0
0
0
0
0
0
0
0
0
0
0
0
0
0
0
0
0
0
0
0
0
0
0
0
0
0
0
0
0
0
0
0
0
0
0
0
0
0
0
0
0
0
0
0
0
0
0
0
0
0
0
0
0
0
0
0
0
0
0
0
0
0
0
0
0
0
0
0
0
0
0
0
0
0
0
0
0
0
0
0
0
0
0
0
0
0
0
0
0
0
0
0
0
0
0
0
0
0
0
0
0
0
0
0
0
0
0
0
0
0
0
0
0
0
0
0
0
0
0
0
0
0
0
0
0
0
0
0
0
0
0
0
0
0
0
0
0
0
0
0
0
0
0
0
0
0
0
0
0
0
0
0
0
0
0
0
0
0
0
0
0
0
0
0
0
0
0
0
0
0
0
0
0
0
0
0
0
0
0
0
0
0
0
0
0
0
0
0
0
0
0
0
0
0
0
0
0
0
0
0
0
0
0
0
0
0
0
0
0
0
0
0
0
0
0
0
0
0
0
0
0
0
190181
340907
545465
681814
882971
1022721
1210907
1363628
1544490
1704535
1884739
2045465
2215714
2386372
2560771
2727279
2904059
3068186
3249501
3409093
3589070
3750000
3928685
4090907
4269274
4431814
4619546
4772721
4946553
5113628
5291973
5454535
5620703
5795465
5971451
6136372
6309388
6477279
6663356
6818186
6992540
7159093
7337052
7500000
7672766
7840907
8026168
8181814
8363764
8522721
8705850
8863628
9054308
9204535
9386780
9545465
9720023
9886372
10058866
10227279
10402857
10568186
10743560
10909093
183583
340907
527596
681814
869206
1022721
1212766
1363628
1545646
1704535
1882750
2045465
2226961
2386372
2581406
2727279
2913039
3068186
3254874
3409093
3603741
3750000
3935714
4090907
4275941
4431814
4614989
4772721
4951497
5113628
5290363
5454535
5630272
5795465
5979410
6136372
6310522
6477279
6666281
6818186
6984082
7159093
7343152
7500000
7689297
7840907
8028095
8181814
9723333
8522721
8718322
8863628
9058458
9204535
9393651
9545465
9723333
9886372
10068231
10227279
10412200
10568186
10742245
10909093
181451
340907
520839
681814
872925
1022721
1223583
1363628
1556463
1704535
1894717
2045465
2226780
2386372
2555533
2727279
2905986
3068186
3251429
3409093
3590998
3750000
3947279
4090907
4290612
4431814
4627891
4772721
4971882
5113628
5304218
5454535
5643855
5795465
5983651
6136372
6318050
6477279
6654875
6818186
6992336
7159093
7333039
7500000
7672812
7840907
8027029
8181814
8360091
8522721
8704717
8863628
9053152
9204535
9391497
9545465
9727732
9886372
10066553
10227279
10401202
10568186
10752268
10909093
208458
340907
542993
681814
872744
1022721
1203878
1363628
1545488
1704535
1890590
2045465
2230295
2386372
2582744
2727279
2929116
3068186
3254580
3409093
3595397
3750000
3927438
4090907
4273197
4431814
4620136
4772721
4951088
5113628
5297574
5454535
5644603
5795465
5980522
6136372
6325669
6477279
6668889
6818186
6996939
7159093
7349342
7500000
7690000
7840907
8028231
8181814
8365011
8522721
8719546
8863628
9054671
9204535
9384807
9545465
9719229
9886372
10064104
10227279
10398209
10568186
10750385
10909093
186077
340907
550385
681814
884308
1022721
1217596
1363628
1571723
1704535
1896576
2045465
2243311
2386372
2578571
2727279
2901927
3068186
3255283
3409093
3591769
3750000
3936916
4090907
4275193
4431814
4614059
4772721
4969048
5113628
5306712
5454535
5652109
5795465
5991088
6136372
6338277
6477279
6682834
6818186
7014308
7159093
7350068
7500000
7674989
7840907
8024467
8181814
8359501
8522721
8713447
8863628
9054717
9204535
9398367
9545465
9732132
9886372
10069252
10227279
10402222
10568186
10753401
10909093
186009
340907
535737
681814
869637
1022721
1199410
1363628
1529524
1704535
1870476
2045465
2216531
2386372
2556757
2727279
2899388
3068186
3246916
3409093
3586508
3750000
3935283
4090907
4282086
4431814
4623197
4772721
4962608
5113628
5298707
5454535
5634331
5795465
5976871
6136372
6327914
6477279
6664898
6818186
7008005
7159093
7341610
7500000
7680000
7840907
8024762
8181814
8362789
8522721
8709206
8863628
9722290
9204535
9383832
9545465
9722290
9886372
10073878
10227279
10427823
10568186
10759796
10909093
187937
340907
528367
681814
868254
1022721
1205351
1363628
1546213
1704535
1879751
2045465
2228844
2386372
2572721
2727279
2898277
3068186
3246803
3409093
3581769
3750000
3921814
4090907
4265624
4431814
4603492
4772721
4953968
5113628
5294898
5454535
5637211
5795465
5972177
6136372
6318617
6477279
6666961
6818186
7000340
7159093
7355760
7500000
7685873
7840907
8033129
8181814
8362404
8522721
8701791
8863628
9047528
9204535
9389955
9545465
9727823
9886372
10051020
10227279
10392925
10568186
10736145
10909093
196395
340907
534762
681814
871361
1022721
1209138
1363628
1552902
1704535
1893401
2045465
2233447
2386372
2569592
2727279
2902902
3068186
3246780
3409093
3586395
3750000
3937234
4090907
4260567
4431814
4608798
4772721
4945828
5113628
5283356
5454535
5633855
5795465
5981361
6136372
6323968
6477279
6665828
6818186
7012857
7159093
7352925
7500000
7686576
7840907
8025329
8181814
8356939
8522721
8705079
8863628
9052630
9204535
9394059
9545465
9743787
9886372
10079887
10227279
10423424
10568186
10767188
10909093
169705
340907
512154
681814
850454
1022721
1186939
1363628
1528707
1704535
1870658
2045465
2214286
2386372
2572676
2727279
2909410
3068186
3253583
3409093
3593560
3750000
3928912
4090907
4275397
4431814
4611156
4772721
4948503
5113628
5288118
5454535
5633605
5795465
5974490
6136372
6309116
6477279
6646508
6818186
6988639
7159093
7332313
7500000
7673243
7840907
7998481
8181814
8340703
8522721
8692154
8863628
9020204
9204535
9376735
9545465
9718526
9886372
10057937
10227279
10393469
10568186
10743401
10909093
176893
340907
525351
681814
871361
1022721
1205420
1363628
1547778
1704535
1878254
2045465
2236054
2386372
2561587
2727279
2892109
3068186
3235465
3409093
3572948
3750000
3927166
4090907
4250295
4431814
4610023
4772721
4950408
5113628
5290703
5454535
5631565
5795465
5973991
6136372
6317846
6477279
6656848
6818186
6994240
7159093
7333651
7500000
7672880
7840907
8010839
8181814
8359274
8522721
8692494
8863628
9055873
9204535
9400612
9545465
9729161
9886372
10066327
10227279
10418073
10568186
10747800
10909093
184853
340907
517370
681814
868957
1022721
1207347
1363628
2216848
1704535
1884558
2045465
2216848
2386372
2569342
2727279
2906848
3068186
3248367
3409093
3582494
3750000
3922562
4090907
4260272
4431814
4612766
4772721
4946689
5113628
5294512
5454535
5639773
5795465
5985805
6136372
6323107
6477279
6657528
6818186
6998322
7159093
7342086
7500000
7676599
7840907
8021497
8181814
8368413
8522721
8710204
8863628
7676599
9204535
9385170
9545465
9718639
9886372
10075624
10227279
10407052
10568186
10752200
10909093
199138
340907
529433
681814
865828
1022721
1209410
1363628
1541701
1704535
1891179
2045465
2230272
2386372
2577483
2727279
2915329
3068186
3248095
3409093
3589841
3750000
3930612
4090907
4271066
4431814
4621746
4772721
4962177
5113628
5284626
5454535
5631202
5795465
5970431
6136372
6308549
6477279
6654739
6818186
6992426
7159093
7339093
7500000
7676440
7840907
8004059
8181814
8328776
8522721
8680499
8863628
9027687
9204535
9379184
9545465
9737755
9886372
10069955
10227279
10416893
10568186
10755896
10909093
175011
340907
521066
681814
843673
1022721
1203220
1363628
1547551
1704535
1895510
2045465
2229002
2386372
2571859
2727279
2912925
3068186
3259229
3409093
3584195
3750000
3938299
4090907
4267075
4431814
4611769
4772721
4940952
5113628
5293855
5454535
5620930
5795465
5981383
6136372
6303039
6477279
6670816
6818186
7004376
7159093
7344218
7500000
7681610
7840907
8029796
8181814
8374694
8522721
8718685
8863628
9049887
9204535
9388980
9545465
9716122
9886372
10067551
10227279
10406621
10568186
10747574
10909093
183243
340907
532177
681814
864966
1022721
1207891
1363628
1545896
1704535
1892925
2045465
2233107
2386372
2575351
2727279
2909048
3068186
3253265
3409093
3589048
3750000
3934286
4090907
4266961
4431814
4618367
4772721
4972494
5113628
5303764
5454535
5640385
5795465
5980952
6136372
6310431
6477279
6657528
6818186
6987755
7159093
7333084
7500000
7679274
7840907
8017256
8181814
8357347
8522721
8706848
8863628
9052834
9204535
9395782
9545465
9723968
9886372
10077234
10227279
10413810
10568186
10756825
10909093
196735
340907
528095
681814
867619
1022721
1208571
1363628
1541451
1704535
1893560
2045465
2231746
2386372
2563039
2727279
2913333
3068186
3254853
3409093
3598413
3750000
3933333
4090907
4259501
4431814
4608141
4772721
4951769
5113628
5301224
5454535
5641383
5795465
5984739
6136372
6322222
6477279
6663016
6818186
6994603
7159093
7340930
7500000
7682290
7840907
8024558
8181814
8348821
8522721
8700181
8863628
9042676
9204535
9386576
9545465
9724558
9886372
10070635
10227279
10419909
10568186
10765193
10909093
0
0
0
0
0
0
0
0
0
0
0
0
0
0
0
0
0
0
0
0
0
0
0
0
0
0
0
0
0
0
0
0
0
0
0
0
0
0
0
0
0
0
0
0
0
0
0
0
0
0
0
0
0
0
0
0
0
0
0
0
0
0
0
0
0
0
0
0
0
0
0
0
0
0
0
0
0
0
0
0
0
0
0
0
0
0
0
0
0
0
0
0
0
0
0
0
0
0
0
0
0
0
0
0
0
0
0
0
0
0
0
0
0
0
0
0
0
0
0
0
0
0
0
0
0
0
0
0
0
0
0
0
0
0
0
0
0
0
0
0
0
0
0
0
0
0
0
0
0
0
0
0
0
0
0
0
0
0
0
0
0
0
0
0
0
0
0
0
0
0
0
0
0
0
0
0
0
0
0
0
0
0
0
0
0
0
0
0
0
0
0
0
0
0
0
0
0
0
0
0
0
0
0
0
0
0
0
0
0
0
0
0
0
0
0
0
0
0
0
0
0
0
0
0
0
0
0
0
0
0
0
0
0
0
0
0
0
0
0
0
0
0
0
0
0
0
0
0
0
0
0
0
0
0
0
0
0
0
0
0
0
0
0
0
0
0
0
0
0
0
0
0
0
0
0
0
0
0
0
0
0
0
0
0
0
0
0
0
0
0
0
0
0
0
0
0
0
0
0
0
0
0
0
0
0
0
0
0
0
0
0
0
0
0
0
0
0
0
0
0
196
40
175
41
228
55
175
40
211
48
228
45
270
33
292
50
229
40
246
52
285
62
457
69
296
66
457
19
250
55
275
36
179
31
193
42
244
61
230
36
229
49
229
48
303
42
178
41
265
50
183
35
191
41
232
51
200
37
215
41
292
60
181
38
214
49
333
66
536
63
325
66
414
72
329
58
325
68
299
47
350
77
296
54
362
96
227
49
442
62
294
59
550
59
259
60
292
66
339
65
439
69
261
63
331
82
259
64
378
71
278
71
277
81
232
54
360
91
354
53
336
94
301
70
415
80
319
65
256
46
345
42
251
46
223
55
219
46
187
39
298
44
200
45
198
38
190
42
243
52
197
40
205
46
252
49
263
55
273
50
215
51
255
49
200
49
259
48
209
49
199
45
266
48
234
48
240
54
244
44
269
47
171
39
240
52
178
50
249
45
216
42
505
121
424
108
521
109
361
96
505
105
424
97
529
112
457
92
529
106
430
96
495
115
375
89
412
94
379
87
546
100
410
93
456
95
365
90
354
84
324
70
378
84
315
84
392
79
353
78
517
85
315
72
364
80
344
75
393
80
280
74
405
89
296
76
257
45
265
45
451
54
357
53
299
45
258
45
339
54
271
48
334
44
279
50
410
51
311
50
306
45
292
36
363
54
226
40
356
54
351
45
329
54
268
45
282
44
239
44
367
47
354
58
328
61
224
43
255
44
223
40
322
43
223
42
316
56
226
43
372
13
214
7
472
16
352
13
499
15
412
11
381
15
344
12
279
8
220
8
367
10
205
11
254
7
310
6
360
12
251
13
302
9
319
12
308
15
240
12
405
12
439
15
404
17
290
8
298
8
389
10
298
11
309
11
325
12
218
12
400
10
360
10
477
59
504
40
650
52
606
51
621
29
475
27
621
22
454
15
608
24
518
30
483
20
465
24
663
32
693
34
320
22
417
28
749
31
505
35
704
43
878
45
725
33
323
14
493
19
412
23
413
18
490
21
621
38
437
32
541
28
351
16
369
21
376
15
373
10
347
14
727
12
687
20
457
6
395
8
768
14
628
13
366
13
310
7
431
9
598
17
307
8
396
13
480
14
413
23
437
11
302
17
177
11
193
6
273
6
203
6
398
6
397
10
361
5
338
14
418
18
360
9
418
15
338
4
452
8
216
5
302
3
324
2
580
7
297
3
279
3
307
7
560
12
329
14
335
9
231
11
415
13
289
10
285
9
241
12
608
12
224
9
210
3
151
4
294
6
231
7
271
3
211
2
271
3
309
4
191
3
267
5
235
2
351
7
292
5
331
10
344
12
374
6
435
2
348
1
549
7
197
1
437
1
678
3
664
1
451
19
463
2
183
1
707
1
832
7
536
1
233
1
514
1
254
0
281
0
301
3
302
1
306
2
232
1
273
1
326
2
318
1
508
2
261
9
746
1
400
4
721
7
523
2
383
3
461
2
614
3
467
8
843
1
511
11
394
1
464
2
637
1
485
13
646
1
285
2
508
1
460
1
403
0
526
4
563
1
270
2
365
1
192
1
402
0
260
1
369
2
205
0
307
2
277
1
345
1
205
1
440
2
353
1
321
0
344
0
425
1
355
1
234
70
219
72
248
111
260
78
248
72
180
53
242
63
260
70
307
71
276
64
268
64
193
62
242
59
197
47
247
59
203
49
239
47
192
59
276
78
244
75
239
79
219
64
208
76
189
59
262
66
201
68
251
74
198
44
211
59
195
44
262
61
265
82
539
126
497
110
591
123
368
100
435
83
391
106
489
107
393
120
417
108
430
115
466
96
327
96
458
91
394
94
442
137
506
138
498
129
358
88
337
90
305
93
307
103
261
86
312
94
211
70
418
102
282
72
372
89
483
114
297
91
375
103
473
132
376
71
466
80
291
58
433
78
334
50
380
57
340
63
338
61
340
61
341
62
312
58
429
67
308
51
318
55
276
54
368
63
361
55
423
55
300
56
513
67
275
48
313
48
440
54
329
53
296
52
339
50
299
55
374
63
369
55
347
61
376
60
390
70
233
51
416
92
436
103
531
115
387
86
460
113
575
99
513
101
561
93
535
98
378
95
481
105
413
99
474
105
361
101
423
84
326
75
352
86
302
82
463
97
324
87
328
81
304
79
462
97
355
91
331
82
357
91
419
98
333
70
345
69
262
59
366
82
403
82
0
0
0
0
0
0
0
0
0
0
0
0
0
0
0
0
0
0
0
0
0
0
0
0
0
0
0
0
0
0
0
0
0
0
0
0
0
0
0
0
0
0
0
0
0
0
0
0
0
0
0
0
0
0
0
0
0
0
0
0
0
0
0
0
0
0
0
0
0
0
0
0
0
0
0
0
0
0
0
0
0
0
0
0
0
0
0
0
0
0
0
0
0
0
0
0
0
0
0
0
0
0
0
0
0
0
0
0
0
0
0
0
0
0
0
0
0
0
0
0
0
0
0
0
0
0
0
0
0
0
0
0
0
0
0
0
0
0
0
0
0
0
0
0
0
0
0
0
0
0
0
0
0
0
0
0
0
0
0
0
0
0
0
0
0
0
0
0
0
0
0
0
0
0
0
0
0
0
0
0
0
0
0
0
0
0
0
0
0
0
0
0
0
0
0
0
0
0
0
0
0
0
0
0
0
0
0
0
0
0
0
0
0
0
0
0
0
0
0
0
0
0
0
0
0
0
0
0
0
0
0
0
0
0
0
0
0
0
0
0
0
0
0
0
0
0
0
0
0
0
0
0
0
0
0
0
0
0
0
0
0
0
0
0
0
0
0
0
0
0
0
0
0
0
0
0
0
0
0
0
0
0
0
0
0
0
0
0
0
0
0
0
0
0
0
0
0
0
0
0
0
0
0
0
0
0
0
0
0
0
0
0
0
0
0
0
0
0
0
0
443
157
428
147
420
171
424
185
366
137
450
154
427
134
359
104
479
122
495
119
425
130
410
136
306
95
243
103
339
119
347
96
506
115
294
104
448
137
434
145
476
115
454
100
288
96
281
100
297
92
303
106
299
102
346
100
327
95
289
95
472
137
356
108
440
103
310
97
440
126
391
111
571
130
338
94
431
103
500
125
540
111
402
90
484
123
399
111
365
99
530
108
501
109
471
104
516
88
367
90
543
90
464
133
450
97
425
103
433
93
556
101
443
79
416
90
541
119
433
102
443
93
362
86
367
99
407
75
590
151
570
117
758
155
607
107
664
131
548
116
739
123
657
127
581
140
579
141
700
143
784
150
535
123
689
118
499
125
654
146
615
137
638
117
639
133
533
127
521
113
460
100
598
110
564
113
479
113
423
117
454
127
466
101
497
96
309
77
458
110
509
92
574
161
643
147
566
163
489
146
570
163
539
152
580
158
684
156
526
178
511
142
535
173
628
142
518
134
483
152
614
142
540
146
520
141
482
134
545
150
409
120
356
109
372
121
505
158
370
109
529
132
403
137
456
143
474
120
498
119
392
102
495
134
492
131
299
57
292
48
407
67
311
60
244
45
234
51
261
49
338
61
294
49
348
63
310
58
339
64
291
46
253
43
208
41
261
49
333
64
264
56
244
56
230
45
353
56
299
51
422
76
344
58
266
47
327
57
385
57
320
52
343
53
366
60
354
61
349
63
1616
109
1445
119
1559
151
1290
115
1126
95
1016
96
1242
102
1090
76
1258
97
1139
99
1227
84
1181
103
1306
120
1182
113
1072
106
1079
97
1092
103
918
89
859
105
865
77
769
96
495
70
716
81
584
89
978
90
512
64
785
80
643
76
785
73
791
90
912
89
738
94
323
65
381
66
332
62
229
56
391
54
233
34
428
53
347
61
215
38
201
49
422
71
338
62
284
43
298
54
372
50
345
53
255
45
244
57
304
43
248
59
319
51
183
41
209
46
185
44
219
35
259
50
357
59
256
36
256
53
154
26
316
45
303
57
512
30
513
34
294
30
329
25
895
33
396
28
783
38
258
22
262
11
404
33
457
23
302
22
499
21
392
29
387
18
274
15
271
31
281
24
552
41
419
14
262
20
217
25
309
23
352
28
226
22
369
18
422
21
374
33
410
34
221
29
368
29
255
74
515
54
296
36
454
40
378
29
567
43
369
34
647
45
548
50
271
38
310
31
285
27
342
24
439
27
449
29
577
41
429
59
816
46
344
44
415
34
251
24
516
30
352
20
362
34
420
36
430
35
515
44
192
22
266
31
401
26
325
20
436
24
692
18
318
29
494
25
406
30
805
44
657
58
455
22
761
65
462
31
774
45
978
39
689
39
647
26
321
10
496
23
388
29
542
35
688
30
523
37
1113
42
501
36
661
57
470
16
745
33
520
7
525
29
569
14
486
34
546
45
717
15
469
22
1121
25
484
34
1369
22
1070
15
1480
32
1152
28
1144
137
611
4
1144
6
671
16
767
6
1094
25
1047
4
1135
4
658
8
677
3
937
3
952
2
1480
5
1183
18
1737
23
1170
3
818
9
806
14
1019
3
1184
7
987
4
548
4
1019
9
380
3
560
1
771
1
1020
1
637
3
578
165
712
187
579
175
512
162
465
146
372
135
467
148
447
146
539
154
414
125
628
162
549
161
501
170
623
176
629
184
716
179
586
178
580
165
537
193
440
140
463
146
503
160
379
134
451
125
421
118
410
123
421
119
413
115
401
126
484
104
335
146
327
133
418
137
351
110
348
114
386
119
322
114
369
130
487
144
386
127
513
153
508
143
444
144
579
159
617
118
455
131
395
132
422
109
362
117
459
123
580
119
430
145
263
84
476
127
605
143
360
134
394
113
402
132
479
146
430
130
364
118
416
119
502
135
416
125
609
115
469
96
565
107
430
101
483
106
488
102
557
120
515
100
538
103
515
108
567
110
486
103
375
83
423
87
473
95
479
98
554
86
388
91
657
94
444
94
381
83
457
99
426
83
444
99
507
109
373
85
450
104
397
85
329
70
404
89
469
87
363
86
551
169
498
139
381
134
504
164
505
139
420
137
482
135
482
141
476
128
535
142
598
147
491
156
519
137
548
151
464
146
350
111
477
140
470
129
466
141
417
141
519
144
406
147
462
140
443
138
432
122
404
105
356
102
359
110
452
113
464
125
504
124
504
134
0
0
0
0
0
0
0
0
0
0
0
0
0
0
0
0
0
0
0
0
0
0
0
0
0
0
0
0
0
0
0
0
0
0
0
0
0
0
0
0
0
0
0
0
0
0
0
0
0
0
0
0
0
0
0
0
0
0
0
0
0
0
0
0
0
0
0
0
0
0
0
0
0
0
0
0
0
0
0
0
0
0
0
0
0
0
0
0
0
0
0
0
0
0
0
0
0
0
0
0
0
0
0
0
0
0
0
0
0
0
0
0
0
0
0
0
0
0
0
0
0
0
0
0
0
0
0
0
0
0
0
0
0
0
0
0
0
0
0
0
0
0
0
0
0
0
0
0
0
0
0
0
0
0
0
0
0
0
0
0
0
0
0
0
0
0
0
0
0
0
0
0
0
0
0
0
0
0
0
0
0
0
0
0
0
0
0
0
0
0
0
0
0
0
0
0
0
0
0
0
0
0
0
0
0
0
0
0
0
0
0
0
0
0
0
0
0
0
0
0
0
0
0
0
0
0
0
0
0
0
0
0
0
0
0
0
0
0
0
0
0
0
0
0
0
0
0
0
0
0
0
0
0
0
0
0
0
0
0
0
0
0
0
0
0
0
0
0
0
0
0
0
0
0
0
0
0
0
0
0
0
0
0
0
0
0
0
0
0
0
0
0
0
0
0
0
0
0
0
0
0
0
0
0
0
0
0
0
0
0
0
0
0
0
0
0
0
0
0
0
20
20
20
20
20
20
20
20
20
20
20
20
20
20
20
20
20
20
20
20
20
20
20
20
20
20
20
20
20
20
20
20
20
20
20
20
20
20
20
20
20
20
20
20
20
20
20
20
20
20
20
20
20
20
20
20
20
20
20
20
20
20
20
20
46
46
46
46
46
46
46
46
46
46
46
46
46
46
46
46
46
46
46
46
46
46
46
46
46
46
46
46
46
46
46
46
46
46
46
46
46
46
46
46
46
46
46
46
46
46
46
46
46
46
46
46
46
46
46
46
46
46
46
46
46
46
46
46
46
46
46
46
46
46
46
46
46
46
46
46
46
46
46
46
46
46
46
46
46
46
46
46
46
46
46
46
46
46
46
46
46
46
46
46
46
46
46
46
46
46
46
46
46
46
46
46
46
46
46
46
46
46
46
46
46
46
46
46
46
46
46
46
46
46
46
46
46
46
46
46
46
46
46
46
46
46
46
46
46
46
46
46
46
46
46
46
46
46
46
46
46
46
46
46
46
46
46
46
46
46
46
46
46
46
46
46
46
46
46
46
46
46
46
46
46
46
46
46
46
46
46
46
46
46
46
46
46
46
46
46
46
46
46
46
46
46
46
46
46
46
46
46
46
46
46
46
46
46
46
46
46
46
46
46
46
46
46
46
46
46
46
46
46
46
46
46
46
46
46
46
46
46
46
46
46
46
46
46
46
46
46
46
46
46
46
46
46
46
46
46
46
46
46
46
46
46
46
46
46
46
46
46
46
46
46
46
46
46
46
46
46
46
46
46
46
46
46
46
46
46
46
46
20
20
20
20
20
20
20
20
20
20
20
20
20
20
20
20
20
20
20
20
20
20
20
20
20
20
20
20
20
20
20
20
20
20
20
20
20
20
20
20
20
20
20
20
20
20
20
20
20
20
20
20
20
20
20
20
20
20
20
20
20
20
20
20
46
46
46
46
46
46
46
46
46
46
46
46
46
46
46
46
46
46
46
46
46
46
46
46
46
46
46
46
46
46
46
46
46
46
46
46
46
46
46
46
46
46
46
46
46
46
46
46
46
46
46
46
46
46
46
46
46
46
46
46
46
46
46
46
46
46
46
46
46
46
46
46
46
46
46
46
46
46
46
46
46
46
46
46
46
46
46
46
46
46
46
46
46
46
46
46
46
46
46
46
46
46
46
46
46
46
46
46
46
46
46
46
46
46
46
46
46
46
46
46
46
46
46
46
46
46
46
46
46
46
46
46
46
46
46
46
46
46
46
46
46
46
46
46
46
46
46
46
46
46
46
46
46
46
46
46
46
46
46
46
46
46
46
46
46
46
46
46
46
46
46
46
46
46
46
46
46
46
46
46
46
46
46
46
46
46
46
46
46
46
46
46
46
46
46
46
46
46
46
46
46
46
46
46
46
46
46
46
46
46
46
46
46
46
46
46
46
46
46
46
46
46
46
46
46
46
46
46
46
46
46
46
46
46
46
46
46
46
46
46
46
46
46
46
46
46
46
46
46
46
46
46
46
46
46
46
46
46
46
46
46
46
46
46
46
46
46
46
46
46
46
46
46
46
46
46
46
46
46
46
46
46
46
46
46
46
46
46
20
20
20
20
20
20
20
20
20
20
20
20
20
20
20
20
20
20
20
20
20
20
20
20
20
20
20
20
20
20
20
20
20
20
20
20
20
20
20
20
20
20
20
20
20
20
20
20
20
20
20
20
20
20
20
20
20
20
20
20
20
20
20
20
46
46
46
46
46
46
46
46
46
46
46
46
46
46
46
46
46
46
46
46
46
46
46
46
46
46
46
46
46
46
46
46
46
46
46
46
46
46
46
46
46
46
46
46
46
46
46
46
46
46
46
46
46
46
46
46
46
46
46
46
46
46
46
46
46
46
46
46
46
46
46
46
46
46
46
46
46
46
46
46
46
46
46
46
46
46
46
46
46
46
46
46
46
46
46
46
46
46
46
46
46
46
46
46
46
46
46
46
46
46
46
46
46
46
46
46
46
46
46
46
46
46
46
46
46
46
46
46
46
46
46
46
46
46
46
46
46
46
46
46
46
46
46
46
46
46
46
46
46
46
46
46
46
46
46
46
46
46
46
46
46
46
46
46
46
46
46
46
46
46
46
46
46
46
46
46
46
46
46
46
46
46
46
46
46
46
46
46
46
46
46
46
46
46
46
46
46
46
46
46
46
46
46
46
46
46
46
46
46
46
46
46
46
46
46
46
46
46
46
46
46
46
46
46
27
27
27
27
27
27
27
27
27
27
27
27
27
27
27
27
27
27
27
27
27
27
27
27
27
27
27
27
27
27
27
27
27
27
27
27
27
27
27
27
27
27
27
27
27
27
27
27
27
27
27
27
27
27
27
27
27
27
27
27
27
27
27
27
20
20
20
20
20
20
20
20
20
20
20
20
20
20
20
20
20
20
20
20
20
20
20
20
20
20
20
20
20
20
20
20
20
20
20
20
20
20
20
20
20
20
20
20
20
20
20
20
20
20
20
20
20
20
20
20
20
20
20
20
20
20
20
20
20
20
20
20
20
20
20
20
20
20
20
20
20
20
20
20
20
20
20
20
20
20
20
20
20
20
20
20
20
20
20
20
20
20
20
20
20
20
20
20
20
20
20
20
20
20
20
20
20
20
20
20
20
20
20
20
20
20
20
20
20
20
20
20
20
20
20
20
20
20
20
20
20
20
20
20
20
20
20
20
20
20
20
20
20
20
20
20
20
20
20
20
20
20
20
20
20
20
20
20
20
20
20
20
20
20
20
20
20
20
20
20
20
20
20
20
20
20
20
20
20
20
20
20
20
20
20
20
20
20
20
20
20
20
20
20
20
20
20
20
20
20
20
20
20
20
20
20
20
20
20
20
20
20
20
20
20
20
20
20
46
46
46
46
46
46
46
46
46
46
46
46
46
46
46
46
46
46
46
46
46
46
46
46
46
46
46
46
46
46
46
46
46
46
46
46
46
46
46
46
46
46
46
46
46
46
46
46
46
46
46
46
46
46
46
46
46
46
46
46
46
46
46
46
46
46
46
46
46
46
46
46
46
46
46
46
46
46
46
46
46
46
46
46
46
46
46
46
46
46
46
46
46
46
46
46
46
46
46
46
46
46
46
46
46
46
46
46
46
46
46
46
46
46
46
46
46
46
46
46
46
46
46
46
46
46
46
46
20
20
20
20
20
20
20
20
20
20
20
20
20
20
20
20
20
20
20
20
20
20
20
20
20
20
20
20
20
20
20
20
46
46
46
46
46
46
46
46
46
46
46
46
46
46
46
46
46
46
46
46
46
46
46
46
46
46
46
46
46
46
46
46
46
46
46
46
46
46
46
46
46
46
46
46
46
46
46
46
46
46
46
46
46
46
46
46
46
46
46
46
46
46
46
46
46
46
46
46
46
46
46
46
46
46
46
46
46
46
46
46
46
46
46
46
46
46
46
46
46
46
46
46
46
46
46
46
46
46
46
46
46
46
46
46
46
46
46
46
46
46
46
46
46
46
46
46
46
46
46
46
46
46
46
46
46
46
46
46
46
46
46
46
46
46
46
46
46
46
46
46
46
46
46
46
46
46
46
46
46
46
46
46
46
46
46
46
46
46
46
46
46
46
46
46
46
46
46
46
46
46
46
46
46
46
46
46
46
46
46
46
46
46
46
46
46
46
46
46
46
46
46
46
46
46
46
46
46
46
46
46
46
46
46
46
46
46
46
46
46
46
46
46
46
46
46
46
46
46
46
46
46
46
46
46
46
46
46
46
46
46
46
46
46
46
46
46
46
46
46
46
46
46
46
46
46
46
46
46
46
46
46
46
46
46
46
46
27
27
27
27
27
27
27
27
27
27
27
27
27
27
27
27
27
27
27
27
27
27
27
27
27
27
27
27
27
27
27
27
27
27
27
27
27
27
27
27
27
27
27
27
27
27
27
27
27
27
27
27
27
27
27
27
27
27
27
27
27
27
27
27
27
27
27
27
27
27
27
27
27
27
27
27
27
27
27
27
27
27
27
27
27
27
27
27
27
27
27
27
27
27
27
27
27
27
27
27
27
27
27
27
27
27
27
27
27
27
27
27
27
27
27
27
27
27
27
27
27
27
27
27
27
27
27
27
27
27
27
27
27
27
27
27
27
27
27
27
27
27
27
27
27
27
27
27
27
27
27
27
27
27
27
27
27
27
27
27
27
27
27
27
27
27
27
27
27
27
27
27
27
27
27
27
27
27
27
27
27
27
27
27
27
27
27
27
27
27
27
27
27
27
27
27
27
27
27
27
27
27
27
27
27
27
27
27
27
27
27
27
27
27
27
27
27
27
27
27
27
27
27
27
46
46
46
46
46
46
46
46
46
46
46
46
46
46
46
46
46
46
46
46
46
46
46
46
46
46
46
46
46
46
46
46
46
46
46
46
46
46
46
46
46
46
46
46
46
46
46
46
46
46
46
46
46
46
46
46
46
46
46
46
46
46
46
46
46
46
46
46
46
46
46
46
46
46
46
46
46
46
46
46
46
46
46
46
46
46
46
46
46
46
46
46
46
46
46
46
46
46
46
46
46
46
46
46
46
46
46
46
46
46
46
46
46
46
46
46
46
46
46
46
46
46
46
46
46
46
46
46
46
46
46
46
46
46
46
46
46
46
46
46
46
46
46
46
46
46
46
46
46
46
46
46
46
46
46
46
46
46
46
46
20
20
20
20
20
20
20
20
20
20
20
20
20
20
20
20
20
20
20
20
20
20
20
20
20
20
20
20
20
20
20
20
46
46
46
46
46
46
46
46
46
46
46
46
46
46
46
46
46
46
46
46
46
46
46
46
46
46
46
46
46
46
46
46
46
46
46
46
46
46
46
46
46
46
46
46
46
46
46
46
46
46
46
46
46
46
46
46
46
46
46
46
46
46
46
46
46
46
46
46
46
46
46
46
46
46
46
46
46
46
46
46
46
46
46
46
46
46
46
46
46
46
46
46
46
46
46
46
46
46
46
46
46
46
46
46
46
46
46
46
46
46
46
46
46
46
46
46
46
46
46
46
46
46
46
46
46
46
46
46
46
46
46
46
46
46
46
46
46
46
46
46
46
46
46
46
46
46
46
46
46
46
46
46
46
46
46
46
46
46
46
46
46
46
46
46
46
46
46
46
46
46
46
46
46
46
46
46
46
46
46
46
46
46
46
46
46
46
46
46
46
46
46
46
46
46
46
46
46
46
46
46
46
46
46
46
46
46
46
46
46
46
46
46
46
46
46
46
46
46
46
46
46
46
46
46
46
46
46
46
46
46
46
46
46
46
46
46
46
46
46
46
46
46
46
46
46
46
46
46
46
46
46
46
46
46
46
46
46
46
46
46
46
46
46
46
46
46
46
46
46
46
46
46
46
46
46
46
46
46
46
46
46
46
46
46
46
46
46
46
46
46
46
46
46
46
46
46
46
46
46
46
46
46
46
46
46
46
46
46
46
46
46
46
46
46
46
46
46
46
46
46
46
46
46
46
46
46
46
46
46
46
46
46
46
46
46
46
46
46
46
46
46
46
46
46
46
46
46
46
46
46
46
46
46
46
46
46
46
46
46
46
46
46
46
46
46
46
46
46
46
46
46
46
46
46
46
46
46
46
46
46
46
46
46
46
46
46
46
46
46
46
46
46
46
46
46
46
46
46
46
46
46
46
46
46
46
46
46
46
46
46
46
46
46
46
46
46
46
46
46
46
46
46
46
46
46
46
46
46
46
46
46
46
46
46
46
46
46
46
46
46
46
46
46
46
46
46
46
46
46
46
46
46
46
46
46
46
46
46
46
46
46
46
46
46
46
46
46
46
46
46
46
46
46
46
46
46
46
46
46
46
46
46
46
46
46
46
46
46
46
46
46
46
46
46
46
46
46
46
46
46
46
46
46
46
46
46
46
46
46
46
46
46
46
46
46
46
46
46
46
46
46
46
46
46
46
46
46
46
46
46
46
46
46
46
46
46
46
46
46
46
46
46
46
46
46
46
46
46
46
46
46
46
46
46
46
46
46
46
46
46
46
46
46
46
46
46
46
46
46
46
46
46
46
46
46
46
46
46
46
46
46
46
46
46
46
46
46
46
46
46
46
46
46
46
46
46
46
46
46
46
46
46
46
46
46
46
46
46
46
46
46
46
46
46
46
46
46
46
46
46
46
46
46
46
46
46
46
46
46
46
46
46
46
46
46
46
46
46
46
46
20
20
20
20
20
20
20
20
20
20
20
20
20
20
20
20
20
20
20
20
20
20
20
20
20
20
20
20
20
20
20
20
20
20
20
20
20
20
20
20
20
20
20
20
20
20
20
20
20
20
20
20
20
20
20
20
20
20
20
20
20
20
20
20
46
46
46
46
46
46
46
46
46
46
46
46
46
46
46
46
46
46
46
46
46
46
46
46
46
46
46
46
46
46
46
46
46
46
46
46
46
46
46
46
46
46
46
46
46
46
46
46
46
46
46
46
46
46
46
46
46
46
46
46
46
46
46
46
46
46
46
46
46
46
46
46
46
46
46
46
46
46
46
46
46
46
46
46
46
46
46
46
46
46
46
46
46
46
46
46
46
46
46
46
46
46
46
46
46
46
46
46
46
46
46
46
46
46
46
46
46
46
46
46
46
46
46
46
46
46
46
46
46
46
46
46
46
46
46
46
46
46
46
46
46
46
46
46
46
46
46
46
46
46
46
46
46
46
46
46
46
46
46
46
46
46
46
46
46
46
46
46
46
46
46
46
46
46
46
46
46
46
46
46
46
46
46
46
46
46
46
46
46
46
46
46
46
46
46
46
46
46
46
46
46
46
46
46
46
46
46
46
46
46
46
46
46
46
46
46
46
46
46
46
46
46
46
46
46
46
46
46
46
46
46
46
46
46
46
46
46
46
46
46
46
46
46
46
46
46
46
46
46
46
46
46
46
46
46
46
46
46
46
46
46
46
46
46
46
46
46
46
46
46
46
46
46
46
46
46
46
46
46
46
46
46
46
46
46
46
46
46
46
46
46
46
46
46
46
46
46
46
46
46
46
46
46
46
46
46
46
46
46
46
46
46
46
46
46
46
46
46
46
46
46
46
46
46
46
46
46
46
46
46
46
46
46
46
46
46
46
46
46
46
46
46
46
46
46
46
46
46
46
46
46
46
46
46
46
46
46
46
46
46
46
46
46
46
46
46
46
46
46
46
46
46
46
46
46
46
46
46
46
46
46
46
46
46
46
46
46
46
46
46
46
46
46
46
46
46
46
46
46
46
46
46
46
46
46
46
46
46
46
46
46
46
46
46
46
46
46
46
46
46
46
46
46
46
46
46
46
46
46
46
46
46
46
46
46
46
46
46
46
46
46
46
46
46
46
46
46
46
46
46
46
46
46
46
46
46
46
46
46
46
46
46
46
46
46
46
46
46
46
46
46
46
46
46
46
46
46
46
46
46
46
46
46
46
46
46
46
46
46
46
46
46
46
46
46
46
46
46
46
46
46
46
46
46
46
46
46
46
46
46
46
46
46
46
46
46
46
46
46
46
46
46
46
46
46
46
46
46
46
46
46
46
46
46
46
46
46
46
46
46
46
46
46
46
46
46
46
46
46
46
46
46
46
46
46
46
46
46
46
46
46
46
46
46
46
46
46
46
46
46
46
46
46
46
46
46
46
46
46
46
46
46
46
46
46
46
46
46
46
46
46
46
46
46
46
46
46
46
46
46
46
46
46
46
46
46
46
46
46
46
46
46
46
46
46
46
46
46
46
46
46
46
46
46
46
46
46
46
46
46
46
46
46
46
46
46
46
46
46
46
20
20
20
20
20
20
20
20
20
20
20
20
20
20
20
20
20
20
20
20
20
20
20
20
20
20
20
20
20
20
20
20
20
20
20
20
20
20
20
20
20
20
20
20
20
20
20
20
20
20
20
20
20
20
20
20
20
20
20
20
20
20
20
20
20
20
20
20
20
20
20
20
20
20
20
20
20
20
20
20
20
20
20
20
20
20
20
20
20
20
20
20
20
20
20
20
46
46
46
46
46
46
46
46
46
46
46
46
46
46
46
46
46
46
46
46
46
46
46
46
46
46
46
46
46
46
46
46
46
46
46
46
46
46
46
46
46
46
46
46
46
46
46
46
46
46
46
46
46
46
46
46
46
46
46
46
46
46
46
46
46
46
46
46
46
46
46
46
46
46
46
46
46
46
46
46
46
46
46
46
46
46
46
46
46
46
46
46
46
46
46
46
46
46
46
46
46
46
46
46
46
46
46
46
46
46
46
46
46
46
46
46
46
46
46
46
46
46
46
46
46
46
46
46
46
46
46
46
46
46
46
46
46
46
46
46
46
46
46
46
46
46
46
46
46
46
46
46
46
46
46
46
46
46
46
46
46
46
46
46
46
46
46
46
46
46
46
46
46
46
46
46
46
46
46
46
46
46
46
46
46
46
46
46
46
46
46
46
46
46
46
46
46
46
46
46
46
46
46
46
46
46
46
46
46
46
46
46
46
46
46
46
46
46
46
46
46
46
46
46
46
46
46
46
46
46
46
46
46
46
46
46
46
46
46
46
46
46
46
46
46
46
46
46
46
46
46
46
46
46
46
46
46
46
46
46
46
46
46
46
46
46
46
46
46
46
46
46
46
46
46
46
46
46
46
46
46
46
46
46
46
46
46
46
0
0
0
0
0
0
0
0
0
0
0
0
0
0
0
0
0
0
0
0
0
0
0
0
0
0
0
0
0
0
0
0
0
0
0
0
0
0
0
0
0
0
0
0
0
0
0
0
0
0
0
0
0
0
0
0
0
0
0
0
0
0
0
0
0
0
0
0
0
0
0
0
0
0
0
0
0
0
0
0
0
0
0
0
0
0
0
0
0
0
0
0
0
0
0
0
19
19
19
19
19
19
19
19
19
19
19
19
19
19
19
19
19
19
19
19
19
19
19
19
19
19
19
19
19
19
19
19
0
0
0
0
0
0
0
0
0
0
0
0
0
0
0
0
0
0
0
0
0
0
0
0
0
0
0
0
0
0
0
0
0
0
0
0
0
0
0
0
0
0
0
0
0
0
0
0
0
0
0
0
0
0
0
0
0
0
0
0
0
0
0
0
0
0
0
0
0
0
0
0
0
0
0
0
0
0
0
0
0
0
0
0
0
0
0
0
0
0
0
0
0
0
0
0
0
0
0
0
0
0
0
0
0
0
0
0
0
0
0
0
0
0
0
0
0
0
0
0
0
0
0
0
0
0
0
0
1
0
1
0
1
0
1
0
1
0
1
0
1
0
1
0
1
0
1
0
1
0
1
0
1
0
1
0
1
0
1
0
0
0
0
0
0
0
0
0
0
0
0
0
0
0
0
0
0
0
0
0
0
0
0
0
0
0
0
0
0
0
0
0
0
0
0
0
0
0
0
0
0
0
0
0
0
0
0
0
0
0
0
0
0
0
0
0
0
0
0
0
0
0
0
0
0
0
0
0
0
0
0
0
0
0
0
0
0
0
0
0
0
0
0
0
0
0
0
0
0
0
0
0
0
0
0
0
0
0
0
0
0
0
0
0
0
0
0
0
0
0
0
0
0
0
0
0
0
0
0
0
0
0
0
0
0
0
0
0
0
0
0
0
0
0
0
0
0
0
0
0
0
0
0
0
0
0
0
0
0
0
0
0
0
0
0
0
0
0
0
0
0
0
0
0
0
0
0
0
0
0
0
0
0
0
0
0
0
0
0
0
0
0
0
0
0
0
0
0
0
0
0
0
0
0
0
0
0
0
0
0
0
0
0
0
0
0
0
0
0
0
0
0
0
0
0
0
0
0
0
0
0
0
0
0
0
0
0
0
0
0
0
0
0
0
0
0
0
0
0
0
0
0
0
0
0
0
0
0
0
0
0
0
0
0
0
0
0
0
0
0
0
0
0
0
0
0
0
0
0
0
0
0
0
0
0
0
0
0
0
0
0
0
0
0
0
0
0
0
0
0
0
0
0
0
0
0
0
0
0
0
0
0
0
0
0
0
0
0
0
0
0
0
0
0
0
0
0
0
0
0
0
0
0
0
0
0
0
0
0
0
0
0
0
0
0
0
0
0
0
0
0
0
0
0
0
0
0
0
0
0
0
0
0
0
0
0
0
0
0
0
0
0
0
0
0
0
0
0
0
0
0
0
0
0
0
0
0
0
0
0
0
0
0
0
0
0
0
0
0
0
0
0
0
0
0
0
0
0
0
0
0
0
0
0
0
0
0
0
0
0
0
0
0
0
0
0
0
0
0
0
0
0
0
0
0
0
0
0
0
0
0
0
0
0
0
0
0
0
0
0
0
0
0
0
0
0
0
0
0
0
0
0
0
0
0
0
0
0
0
0
0
0
0
0
0
0
0
0
0
0
0
0
0
0
0
0
0
0
0
0
0
0
0
0
0
0
0
0
0
0
0
0
0
0
0
0
0
0
0
0
0
0
0
0
0
0
0
0
0
0
0
0
0
0
0
0
0
0
0
0
0
0
0
0
0
0
0
0
0
0
0
0
0
0
0
0
0
0
0
0
0
0
0
0
6
6
6
6
6
6
6
6
6
6
6
6
6
6
6
6
6
6
6
6
6
6
6
6
6
6
6
6
6
6
6
6
0
0
0
0
0
0
0
0
0
0
0
0
0
0
0
0
0
0
0
0
0
0
0
0
0
0
0
0
0
0
0
0
6
6
6
6
6
6
6
6
6
6
6
6
6
6
6
6
6
6
6
6
6
6
6
6
6
6
6
6
6
6
6
6
0
0
0
0
0
0
0
0
0
0
0
0
0
0
0
0
0
0
0
0
0
0
0
0
0
0
0
0
0
0
0
0
6
6
6
6
6
6
6
6
6
6
6
6
6
6
6
6
6
6
6
6
6
6
6
6
6
6
6
6
6
6
6
6
0
0
0
0
0
0
0
0
0
0
0
0
0
0
0
0
0
0
0
0
0
0
0
0
0
0
0
0
0
0
0
0
6
6
6
6
6
6
6
6
6
6
6
6
6
6
6
6
6
6
6
6
6
6
6
6
6
6
6
6
6
6
6
6
0
0
0
0
0
0
0
0
0
0
0
0
0
0
0
0
0
0
0
0
0
0
0
0
0
0
0
0
0
0
0
0
6
6
6
6
6
6
6
6
6
6
6
6
6
6
6
6
6
6
6
6
6
6
6
6
6
6
6
6
6
6
6
6
0
0
0
0
0
0
0
0
0
0
0
0
0
0
0
0
0
0
0
0
0
0
0
0
0
0
0
0
0
0
0
0
6
6
6
6
6
6
6
6
6
6
6
6
6
6
6
6
6
6
6
6
6
6
6
6
6
6
6
6
6
6
6
6
0
0
0
0
0
0
0
0
0
0
0
0
0
0
0
0
0
0
0
0
0
0
0
0
0
0
0
0
0
0
0
0
0
0
0
0
0
0
0
0
0
0
0
0
0
0
0
0
0
0
0
0
0
0
0
0
0
0
0
0
0
0
0
0
0
0
0
0
0
0
0
0
0
0
0
0
0
0
0
0
0
0
0
0
0
0
0
0
0
0
0
0
0
0
0
0
6
6
6
6
6
6
6
6
6
6
6
6
6
6
6
6
6
6
6
6
6
6
6
6
6
6
6
6
6
6
6
6
0
0
0
0
0
0
0
0
0
0
0
0
0
0
0
0
0
0
0
0
0
0
0
0
0
0
0
0
0
0
0
0
6
6
6
6
6
6
6
6
6
6
6
6
6
6
6
6
6
6
6
6
6
6
6
6
6
6
6
6
6
6
6
6
0
0
0
0
0
0
0
0
0
0
0
0
0
0
0
0
0
0
0
0
0
0
0
0
0
0
0
0
0
0
0
0
6
6
6
6
6
6
6
6
6
6
6
6
6
6
6
6
6
6
6
6
6
6
6
6
6
6
6
6
6
6
6
6
0
0
0
0
0
0
0
0
0
0
0
0
0
0
0
0
0
0
0
0
0
0
0
0
0
0
0
0
0
0
0
0
6
6
6
6
6
6
6
6
6
6
6
6
6
6
6
6
6
6
6
6
6
6
6
6
6
6
6
6
6
6
6
6
0
0
0
0
0
0
0
0
0
0
0
0
0
0
0
0
0
0
0
0
0
0
0
0
0
0
0
0
0
0
0
0
6
6
6
6
6
6
6
6
6
6
6
6
6
6
6
6
6
6
6
6
6
6
6
6
6
6
6
6
6
6
6
6
0
0
0
0
0
0
0
0
0
0
0
0
0
0
0
0
0
0
0
0
0
0
0
0
0
0
0
0
0
0
0
0
6
6
6
6
6
6
6
6
6
6
6
6
6
6
6
6
6
6
6
6
6
6
6
6
6
6
6
6
6
6
6
6
0
0
0
0
0
0
0
0
0
0
0
0
0
0
0
0
0
0
0
0
0
0
0
0
0
0
0
0
0
0
0
0
0
0
0
0
0
0
0
0
0
0
0
0
0
0
0
0
0
0
0
0
0
0
0
0
0
0
0
0
0
0
0
0
0
0
0
0
0
0
0
0
0
0
0
0
0
0
0
0
0
0
0
0
0
0
0
0
0
0
0
0
0
0
0
0
