%pattern_data
4
4
4
0
1
32
-39
0
52
68
0
1
0
0
0
2
10
99
0
0
0
0
0
0
0
0
1
38
-1
-1
4
0
0
50
0
0
18
87
71
0
0
1
0
1
0
0
0
0
0
0
0
0
0
1
1
72
4
0
0
2
0
0
0
0
1
1
1
1
1
106
1
0
0
0
0
0
0
0
0
0
1
1
1
1
1
106
1
0
0
0
0
0
0
0
0
0
1
1
1
1
1
106
1
0
0
0
0
0
0
0
0
0
1
1
1
1
1
106
1
0
0
0
0
0
-39
-39
-39
-39
-59
-20
-39
-24
-39
0
-70
-39
-39
-39
-39
-39
-39
-39
-39
-39
-59
-38
-39
-33
-39
0
-70
-39
-39
-39
-39
-39
0
0
0
0
0
0
0
0
0
0
0
0
0
0
0
0
0
0
0
0
0
0
0
0
0
0
0
0
0
0
0
0
0
0
0
0
0
0
0
0
0
0
0
0
0
0
0
0
0
0
0
0
0
0
0
0
0
0
0
0
0
0
0
0
0
0
0
0
0
0
0
0
0
0
0
0
0
0
0
0
0
0
0
0
0
0
0
0
0
0
0
0
0
0
0
0
0
0
0
0
0
0
0
0
0
0
0
0
0
0
0
0
0
0
0
0
0
0
0
0
0
0
0
0
0
0
0
0
8365374
8653855
8942313
9230771
310544
591837
861020
1153356
1443401
1730771
2016145
2307687
2596145
2884626
3173084
3461542
3750000
4038458
4326916
4615374
4896485
5194603
5477574
5781293
6053039
6346145
6650363
6923084
7211542
7500000
7788458
8076916
3750000
4038458
4326916
4615374
4896485
5194603
5477574
5781293
6053039
6346145
6650363
6923084
7211542
7500000
7788458
8076916
8365374
8653855
8942313
9230771
310544
591837
861020
1153356
1443401
1730771
2016145
2307687
2596145
2884626
3173084
3461542
8365374
8653855
8942313
9230771
302676
600975
883787
1166463
1453832
6384145
2041587
2307687
2596145
2884626
3173084
3461542
3750000
4038458
4326916
4615374
4917528
5202426
5480975
5766463
6058798
6346145
6631905
6923084
7211542
7500000
7788458
8076916
3750000
4038458
4326916
4615374
4917528
5202426
5480975
5766463
6058798
6388145
6631905
6923084
7211542
7500000
7788458
8076916
8365374
8653855
8942313
9230771
302676
600975
883787
1166463
1453832
6346145
2041587
2307687
2596145
2884626
3173084
3461542
8365374
8653855
8942313
9230771
309955
598141
864762
1151020
1435442
1730771
2040726
2307687
2596145
2884626
3173084
3461542
3750000
4038458
4326916
4615374
4933878
5216939
5482562
5757846
6040045
6346145
6623741
6923084
7211542
7500000
7788458
8076916
3750000
4038458
4326916
4615374
4933878
5216939
5482562
5757846
6040045
6346145
6623741
6923084
7211542
7500000
7788458
8076916
8365374
8653855
8942313
9230771
309955
598141
864762
1151020
1435442
1730771
2040726
2307687
2596145
2884626
3173084
3461542
8365374
8653855
8942313
9230771
306463
608594
893991
1169206
1457551
1730771
2029048
2307687
2596145
2884626
3173084
3461542
3750000
4038458
4326916
4615374
4927188
5225102
5497664
5782857
6073401
6346145
6626259
6923084
7211542
7500000
7788458
8076916
3750000
4038458
4326916
4615374
4927188
5225102
5497664
5782857
6073401
6346145
6626259
6923084
7211542
7500000
7788458
8076916
8365374
8653855
8942313
9230771
306463
608594
893991
1169206
1457551
1730771
2029048
2307687
2596145
2884626
3173084
3461542
8365374
8653855
8942313
9230771
315941
607460
871020
1158753
1454059
1730771
2034195
2307687
2596145
2884626
3173084
3461542
3750000
4038458
4326916
4615374
4938617
5212653
5483129
5767143
6067687
6346145
6634150
6923084
7211542
7500000
7788458
8076916
3750000
4038458
4326916
4615374
4938617
5212653
5483129
5767143
6067687
6346145
6634150
6923084
7211542
7500000
7788458
8076916
8365374
8653855
8942313
9230771
315941
607460
871020
1158753
1454059
1730771
2034195
2307687
2596145
2884626
3173084
3461542
8365374
8653855
8942313
9230771
306576
590975
869546
1149841
1450227
1730771
2035510
2307687
2596145
2884626
3173084
3461542
3750000
4038458
4326916
4615374
4946735
5232290
5498413
5787098
6083356
6346145
6657959
6923084
7211542
7500000
7788458
8076916
3750000
4038458
4326916
4615374
4946735
5232290
5498413
5787098
6083356
6346145
6657959
6923084
7211542
7500000
7788458
8076916
8365374
8653855
8942313
9230771
306576
590975
869546
1149841
1450227
1730771
2035510
2307687
2596145
2884626
3173084
3461542
8365374
8653855
8942313
9230771
304036
592404
868027
1158889
1446304
1730771
2007347
2307687
2596145
2884626
3173084
3461542
3750000
4038458
4326916
4615374
4928005
5215805
5485714
5772472
6067506
6346145
6638957
6923084
7211542
7500000
7788458
8076916
3750000
4038458
4326916
4615374
4928005
5215805
5485714
5772472
6067506
6346145
6638957
6923084
7211542
7500000
7788458
8076916
8365374
8653855
8942313
9230771
304036
592404
868027
1158889
1446304
1730771
2007347
2307687
2596145
2884626
3173084
3461542
8365374
8653855
8942313
9230771
325011
603265
877324
1170975
1457392
1730771
2024376
2307687
2596145
2884626
3173084
3461542
3750000
4038458
4326916
4615374
4930658
5209025
5489070
5782608
6066621
1700771
6666825
6923084
7211542
7500000
7788458
8076916
3750000
4038458
4326916
4615374
4930658
5209025
5489070
5782608
6066621
1730771
6666825
6923084
7211542
7500000
7788458
8076916
8365374
8653855
8942313
9230771
325011
603265
877324
1170975
1457392
1730771
2024376
2307687
2596145
2884626
3173084
3461542
8365374
8653855
8942313
9230771
317166
591202
859864
1136508
1410431
1730771
2029184
2307687
2596145
2884626
3173084
3461542
3750000
4038458
4326916
4615374
4945261
5214240
5483107
5779683
6052472
6346145
6626485
6923084
7211542
7500000
7788458
8076916
3750000
4038458
4326916
4615374
4945261
5214240
5483107
5779683
6052472
6346145
6626485
6923084
7211542
7500000
7788458
8076916
8365374
8653855
8942313
9230771
317166
591202
859864
1136508
1410431
1730771
2029184
2307687
2596145
2884626
3173084
3461542
0
0
0
0
0
0
0
0
0
0
0
0
0
0
0
0
0
0
0
0
0
0
0
0
0
0
0
0
0
0
0
0
0
0
0
0
0
0
0
0
0
0
0
0
0
0
0
0
0
0
0
0
0
0
0
0
0
0
0
0
0
0
0
0
0
0
0
0
0
0
0
0
0
0
0
0
0
0
0
0
0
0
0
0
0
0
0
0
0
0
0
0
0
0
0
0
0
0
0
0
0
0
0
0
0
0
0
0
0
0
0
0
0
0
0
0
0
0
0
0
0
0
0
0
0
0
0
0
0
0
0
0
0
0
0
0
0
0
0
0
0
0
0
0
0
0
0
0
0
0
0
0
0
0
0
0
0
0
0
0
0
0
0
0
0
0
0
0
0
0
0
0
0
0
0
0
0
0
0
0
0
0
0
0
0
0
0
0
0
0
0
0
0
0
0
0
0
0
0
0
0
0
0
0
0
0
0
0
0
0
0
0
0
0
0
0
0
0
0
0
0
0
0
0
0
0
0
0
0
0
0
0
0
0
0
0
0
0
0
0
0
0
0
0
0
0
0
0
0
0
0
0
0
0
0
0
0
0
0
0
0
0
0
0
0
0
0
0
0
0
0
0
0
0
0
0
0
0
0
0
0
0
0
0
0
0
0
0
0
0
0
0
0
0
0
0
0
0
0
0
0
0
0
0
0
0
0
0
0
0
0
0
0
0
0
0
0
0
0
0
0
0
0
0
0
0
0
0
0
0
0
0
0
0
0
0
0
0
0
0
0
0
0
0
0
0
0
0
0
0
0
0
0
0
0
0
0
0
0
0
0
0
0
0
0
0
0
0
0
0
0
0
0
0
0
0
0
0
0
0
0
0
0
0
0
0
0
0
0
0
0
0
0
0
0
0
0
0
0
0
0
0
0
0
0
0
0
0
0
0
0
0
0
0
0
0
0
0
0
0
0
0
0
0
0
0
0
0
0
0
0
0
0
0
0
0
0
0
0
0
0
0
0
0
0
0
0
0
0
0
0
0
0
0
0
0
0
0
0
0
0
0
0
0
0
0
0
0
0
0
0
0
0
0
0
0
0
0
0
0
0
0
0
0
0
0
0
0
0
0
0
0
0
0
0
0
0
0
0
0
0
0
0
0
0
0
0
0
0
0
0
0
0
0
0
0
0
0
0
0
0
0
0
0
0
0
0
0
0
0
0
0
0
0
0
0
0
0
0
0
0
0
0
0
0
0
0
0
0
0
0
0
0
0
0
0
0
0
0
0
0
0
0
0
0
0
0
0
0
0
0
0
0
0
0
0
0
0
0
0
0
0
0
0
0
0
0
0
0
0
0
0
0
0
0
0
0
0
0
0
0
0
0
0
0
0
0
0
0
0
0
0
0
0
0
0
0
0
0
0
0
0
0
0
0
0
0
0
0
0
0
0
0
0
0
0
0
0
0
0
0
0
0
0
0
0
0
0
0
0
0
0
0
0
0
0
0
0
0
0
0
0
0
0
0
0
0
0
0
0
0
0
0
0
0
0
0
0
0
0
0
0
0
0
0
0
0
0
0
0
0
0
0
0
0
0
0
0
0
0
0
0
0
0
6397052
6617642
6838231
7058821
238617
470317
682200
885782
1090340
1323537
1571905
1764717
1985283
2205873
2426463
2647052
2867642
3088231
3308821
3529410
3791814
3999206
4214240
4419229
4636213
4852948
5108277
5294127
5514717
5735283
5955873
6176463
2867642
3088231
3308821
3529410
3791814
3999206
4214240
4419229
4636213
4852948
5108277
5294127
5514717
5735283
5955873
6176463
6397052
6617642
6838231
7058821
238617
470317
682200
885782
1090340
1323537
1571905
1764717
1985283
2205873
2426463
2647052
6397052
6617642
6838231
7058821
246848
472426
696281
906508
1116825
1323537
1551519
1764717
1985283
2205873
2426463
2647052
2867642
3088231
3308821
3529410
3739410
3975964
4206281
4419546
4641565
4852948
5106553
5294127
5514717
5735283
5955873
6176463
2867642
3088231
3308821
3529410
3739410
3975964
4206281
4419546
4641565
4852948
5106553
5294127
5514717
5735283
5955873
6176463
6397052
6617642
6838231
7058821
246848
472426
696281
906508
1116825
1323537
1551519
1764717
1985283
2205873
2426463
2647052
6397052
6617642
6838231
7058821
240227
459977
684422
896667
1124376
1323537
1578481
1764717
1985283
2205873
2426463
2647052
2867642
3088231
3308821
3529410
3787732
4000091
4221338
4430091
4662902
4852948
5114331
5294127
5514717
5735283
5955873
6176463
2867642
3088231
3308821
3529410
3787732
4000091
4221338
4430091
4662902
4852948
5114331
5294127
5514717
5735283
5955873
6176463
6397052
6617642
6838231
7058821
240227
459977
684422
896667
1124376
1323537
1578481
1764717
1985283
2205873
2426463
2647052
6397052
6617642
6838231
7058821
218821
449637
657914
885805
1114082
1323537
1563107
1764717
1985283
2205873
2426463
2647052
2867642
3088231
3308821
3529410
3761565
4003288
4218027
4429501
4668617
4852948
5113515
5294127
5514717
5735283
5955873
6176463
2867642
3088231
3308821
3529410
3761565
4003288
4218027
4429501
4668617
4852948
5113515
5294127
5514717
5735283
5955873
6176463
6397052
6617642
6838231
7058821
218821
449637
657914
885805
1114082
1323537
1563107
1764717
1985283
2205873
2426463
2647052
6397052
6617642
6838231
7058821
256712
488322
705918
917891
1138367
1323537
1586848
1764717
1985283
2205873
2426463
2647052
2867642
3088231
3308821
3529410
3769274
3987800
4205828
4422540
4633628
4852948
5123991
5294127
5514717
5735283
5955873
6176463
2867642
3088231
3308821
3529410
3769274
3987800
4205828
4422540
4633628
4852948
5123991
5294127
5514717
5735283
5955873
6176463
6397052
6617642
6838231
7058821
256712
488322
705918
917891
1138367
1323537
1586848
1764717
1985283
2205873
2426463
2647052
6397052
6617642
6838231
7058821
256168
468707
678662
894308
1112109
1323537
1546190
1764717
1985283
2205873
2426463
2647052
2867642
3088231
3308821
3529410
3767551
3991633
4205737
4429116
4653810
4852948
5095034
5294127
5514717
5735283
5955873
6176463
2867642
3088231
3308821
3529410
3767551
3991633
4205737
4429116
4653810
4852948
5095034
5294127
5514717
5735283
5955873
6176463
6397052
6617642
6838231
7058821
256168
468707
678662
894308
1112109
1323537
1546190
1764717
1985283
2205873
2426463
2647052
6397052
6617642
6838231
7058821
238186
460748
682132
915306
1128503
1323537
1567098
1764717
1985283
2205873
2426463
2647052
2867642
3088231
3308821
3529410
3782177
3997052
4219773
4428594
4650249
4852948
5099229
5294127
5514717
5735283
5955873
6176463
2867642
3088231
3308821
3529410
3782177
3997052
4219773
4428594
4650249
4852948
5099229
5294127
5514717
5735283
5955873
6176463
6397052
6617642
6838231
7058821
238186
460748
682132
915306
1128503
1323537
1567098
1764717
1985283
2205873
2426463
2647052
6397052
6617642
6838231
7058821
232358
461361
683469
901905
1125624
1323537
1582971
1764717
1985283
2205873
2426463
2647052
2867642
3088231
3308821
3529410
3758050
3988345
4211905
4425306
4661293
4852948
5113968
5294127
5514717
5735283
5955873
6176463
2867642
3088231
3308821
3529410
3758050
3988345
4211905
4425306
4661293
4852948
5113968
5294127
5514717
5735283
5955873
6176463
6397052
6617642
6838231
7058821
232358
461361
683469
901905
1125624
1323537
1582971
1764717
1985283
2205873
2426463
2647052
6397052
6617642
6838231
7058821
239592
459615
674172
906054
1130454
1323537
1570658
1764717
1985283
2205873
2426463
2647052
2867642
3088231
3308821
3529410
3758957
3989569
4208753
4436190
4661315
4852948
5089342
5294127
5514717
5735283
5955873
6176463
2867642
3088231
3308821
3529410
3758957
3989569
4208753
4436190
4661315
4852948
5089342
5294127
5514717
5735283
5955873
6176463
6397052
6617642
6838231
7058821
239592
459615
674172
906054
1130454
1323537
1570658
1764717
1985283
2205873
2426463
2647052
0
0
0
0
0
0
0
0
0
0
0
0
0
0
0
0
0
0
0
0
0
0
0
0
0
0
0
0
0
0
0
0
0
0
0
0
0
0
0
0
0
0
0
0
0
0
0
0
0
0
0
0
0
0
0
0
0
0
0
0
0
0
0
0
0
0
0
0
0
0
0
0
0
0
0
0
0
0
0
0
0
0
0
0
0
0
0
0
0
0
0
0
0
0
0
0
0
0
0
0
0
0
0
0
0
0
0
0
0
0
0
0
0
0
0
0
0
0
0
0
0
0
0
0
0
0
0
0
0
0
0
0
0
0
0
0
0
0
0
0
0
0
0
0
0
0
0
0
0
0
0
0
0
0
0
0
0
0
0
0
0
0
0
0
0
0
0
0
0
0
0
0
0
0
0
0
0
0
0
0
0
0
0
0
0
0
0
0
0
0
0
0
0
0
0
0
0
0
0
0
0
0
0
0
0
0
0
0
0
0
0
0
0
0
0
0
0
0
0
0
0
0
0
0
0
0
0
0
0
0
0
0
0
0
0
0
0
0
0
0
0
0
0
0
0
0
0
0
0
0
0
0
0
0
0
0
0
0
0
0
0
0
0
0
0
0
0
0
0
0
0
0
0
0
0
0
0
0
0
0
0
0
0
0
0
0
0
0
0
0
0
0
0
0
0
0
0
0
0
0
0
0
0
0
0
0
0
0
0
0
0
0
0
0
0
0
0
0
0
0
0
0
0
0
0
0
0
0
0
0
0
0
0
0
0
0
0
0
0
0
0
0
0
0
0
0
0
0
0
0
0
0
0
0
0
0
0
0
0
0
0
0
0
0
0
0
0
0
0
0
0
0
0
0
0
0
0
0
0
0
0
0
0
0
0
0
0
0
0
0
0
0
0
0
0
0
0
0
0
0
0
0
0
0
0
0
0
0
0
0
0
0
0
0
0
0
0
0
0
0
0
0
0
0
0
0
0
0
0
0
0
0
0
0
0
0
0
0
0
0
0
0
0
0
0
0
0
0
0
0
0
0
0
0
0
0
0
0
0
0
0
0
0
0
0
0
0
0
0
0
0
0
0
0
0
0
0
0
0
0
0
0
0
0
0
0
0
0
0
0
0
0
0
0
0
0
0
0
0
0
0
0
0
0
0
0
0
0
0
0
0
0
0
0
0
0
0
0
0
0
0
0
0
0
0
0
0
0
0
0
0
0
0
0
0
0
0
0
0
0
0
0
0
0
0
0
0
0
0
0
0
0
0
0
0
0
0
0
0
0
0
0
0
0
0
0
0
0
0
0
0
0
0
0
0
0
0
0
0
0
0
0
0
0
0
0
0
0
0
0
0
0
0
0
0
0
0
0
0
0
0
0
0
0
0
0
0
0
0
0
0
0
0
0
0
0
0
0
0
0
0
0
0
0
0
0
0
0
0
0
0
0
0
0
0
0
0
0
0
0
0
0
0
0
0
0
0
0
0
0
0
0
0
0
0
0
0
0
0
0
0
0
0
0
0
0
0
0
0
0
0
0
0
0
0
0
0
0
0
0
0
0
0
0
0
0
0
0
0
0
0
0
0
0
0
0
0
0
0
0
0
0
0
0
1
1
1
0
307
272
305
352
238
1
360
50
22
5
1
0
1
0
1
0
237
256
283
261
242
21
287
44
20
6
1
0
0
0
0
0
237
256
283
261
242
0
287
0
0
0
0
0
0
0
0
0
307
272
305
352
238
0
360
0
0
0
0
0
1
1
1
0
264
252
367
314
281
33
370
47
19
6
2
0
1
1
1
0
306
244
345
289
312
36
352
46
18
6
1
2
0
0
0
0
306
244
345
289
312
0
352
0
0
0
0
0
0
0
0
0
264
252
367
314
281
0
370
0
0
0
0
0
0
0
0
0
533
487
445
337
343
31
346
58
11
1
1
0
1
0
1
0
470
366
322
258
308
15
324
41
15
1
1
1
0
0
0
0
470
366
322
258
308
0
324
0
0
0
0
0
0
0
0
0
533
487
445
337
343
0
346
0
0
0
0
0
0
0
0
0
732
539
671
798
306
11
388
36
6
1
2
1
0
0
1
0
661
760
1011
946
373
1
436
47
9
1
5
1
0
0
0
0
661
760
1011
946
373
0
436
0
0
0
0
0
0
0
0
0
732
539
671
798
306
0
388
0
0
0
0
0
0
0
0
0
1123
712
984
795
507
1
477
105
28
2
1
0
1
0
0
0
662
690
979
980
480
7
484
101
13
1
1
0
0
0
0
0
662
690
979
980
480
0
484
0
0
0
0
0
0
0
0
0
1123
712
984
795
507
0
477
0
0
0
0
0
0
0
0
0
967
525
896
1159
351
15
886
96
5
0
1
0
0
0
0
0
930
898
1325
1187
441
23
622
58
1
0
0
0
0
0
0
0
930
898
1325
1187
441
0
622
0
0
0
0
0
0
0
0
0
967
525
896
1159
351
0
886
0
0
0
0
0
0
0
0
0
971
725
857
837
541
3
696
45
1
0
1
0
0
0
0
0
616
793
915
846
686
2
797
96
0
0
0
0
0
0
0
0
616
793
915
846
686
0
797
0
0
0
0
0
0
0
0
0
971
725
857
837
541
0
696
0
0
0
0
0
0
0
0
0
1185
1309
1597
1069
989
1
760
2
0
0
0
0
0
0
0
0
756
1249
1416
1780
581
6
1305
23
0
0
0
0
0
0
0
0
756
1249
1416
1780
581
0
1305
0
0
0
0
0
0
0
0
0
1185
1309
1597
1069
989
0
760
0
0
0
0
0
0
0
0
0
812
2364
1992
2241
1027
0
1598
11
0
0
4
0
0
0
0
0
1177
1824
1880
1923
1109
1
2021
35
0
0
0
2
0
0
0
0
1177
1824
1880
1923
1109
0
2021
0
0
0
0
0
0
0
0
0
812
2364
1992
2241
1027
0
1598
0
0
0
0
0
0
0
0
0
0
0
0
0
0
0
0
0
0
0
0
0
0
0
0
0
0
0
0
0
0
0
0
0
0
0
0
0
0
0
0
0
0
0
0
0
0
0
0
0
0
0
0
0
0
0
0
0
0
0
0
0
0
0
0
0
0
0
0
0
0
0
0
0
0
0
0
0
0
0
0
0
0
0
0
0
0
0
0
0
0
0
0
0
0
0
0
0
0
0
0
0
0
0
0
0
0
0
0
0
0
0
0
0
0
0
0
0
0
0
0
0
0
0
0
0
0
0
0
0
0
0
0
0
0
0
0
0
0
0
0
0
0
0
0
0
0
0
0
0
0
0
0
0
0
0
0
0
0
0
0
0
0
0
0
0
0
0
0
0
0
0
0
0
0
0
0
0
0
0
0
0
0
0
0
0
0
0
0
0
0
0
0
0
0
0
0
0
0
0
0
0
0
0
0
0
0
0
0
0
0
0
0
0
0
0
0
0
0
0
0
0
0
0
0
0
0
0
0
0
0
0
0
0
0
0
0
0
0
0
0
0
0
0
0
0
0
0
0
0
0
0
0
0
0
0
0
0
0
0
0
0
0
0
0
0
0
0
0
0
0
0
0
0
0
0
0
0
0
0
0
0
0
0
0
0
0
0
0
0
0
0
0
0
0
0
0
0
0
0
0
0
0
0
0
0
0
0
0
0
0
0
0
0
0
0
0
0
0
0
0
0
0
0
0
0
0
0
0
0
0
0
0
0
0
0
0
0
0
0
0
0
0
0
0
0
0
0
0
0
0
0
0
0
0
0
0
0
0
0
0
0
0
0
0
0
0
0
0
0
0
0
0
0
0
0
0
0
0
0
0
0
0
0
0
0
0
0
0
0
0
0
0
0
0
0
0
0
0
0
0
0
0
0
0
0
0
0
0
0
0
0
0
0
0
0
0
0
0
0
0
0
0
0
0
0
0
0
0
0
0
0
0
0
0
0
0
0
0
0
0
0
0
0
0
0
0
0
0
0
0
0
0
0
0
0
0
0
0
0
0
0
0
0
0
0
0
0
0
0
0
0
0
0
0
0
0
0
0
0
0
0
0
0
0
0
0
0
0
0
0
0
0
0
0
0
0
0
0
0
0
0
0
0
0
0
0
0
0
0
0
0
0
0
0
0
0
0
0
0
0
0
0
0
0
0
0
0
0
0
0
0
0
0
0
0
0
0
0
0
0
0
0
0
0
0
0
0
0
0
0
0
0
0
0
0
0
0
0
0
0
0
0
0
0
0
0
0
0
0
0
0
0
0
0
0
0
0
0
0
0
0
0
0
0
0
0
0
0
0
0
0
0
0
0
0
0
0
0
0
0
0
0
0
0
0
0
0
0
0
0
0
0
0
0
0
0
0
0
0
0
0
0
0
0
0
0
0
0
0
0
0
0
0
0
0
0
0
0
0
0
0
0
0
0
0
0
0
0
0
0
0
0
0
0
0
0
0
0
0
0
0
0
0
0
0
0
0
0
0
0
0
0
0
0
0
0
0
0
0
0
0
0
0
0
0
0
0
0
0
0
0
0
0
0
0
0
0
0
0
0
0
0
0
0
0
0
0
0
0
0
0
0
0
352
380
267
268
276
25
523
61
23
1
1
0
0
0
0
0
321
262
332
362
375
33
584
78
33
0
1
0
0
0
0
0
321
262
332
362
375
0
584
0
0
0
0
0
0
0
0
0
352
380
267
268
276
0
523
0
0
0
0
0
0
0
0
0
499
359
472
484
345
37
386
41
16
2
1
1
0
1
1
0
544
375
434
364
493
37
539
53
26
1
1
1
0
0
0
0
544
375
434
364
493
0
539
0
0
0
0
0
0
0
0
0
499
359
472
484
345
0
386
0
0
0
0
0
1
2
1
1
431
326
327
511
366
25
381
47
14
6
12
2
2
1
0
0
301
301
319
405
330
31
360
28
4
1
1
1
0
0
0
0
301
301
319
405
330
0
360
0
0
0
0
0
0
0
0
0
431
326
327
511
366
0
381
0
0
0
0
0
0
0
1
0
803
556
884
790
388
3
452
65
14
1
1
1
0
0
0
0
1209
941
1048
799
362
30
433
47
16
1
1
1
0
0
0
0
1209
941
1048
799
362
0
433
0
0
0
0
0
0
0
0
0
803
556
884
790
388
0
452
0
0
0
0
0
0
0
0
0
912
500
714
538
351
53
393
91
11
1
1
1
0
0
1
0
843
438
475
695
277
31
408
96
5
1
1
1
0
0
0
0
843
438
475
695
277
0
408
0
0
0
0
0
0
0
0
0
912
500
714
538
351
0
393
0
0
0
0
0
0
0
0
0
1087
997
1694
1590
650
3
659
76
6
1
1
1
1
0
2
1
1859
1200
1725
1203
684
6
837
133
5
0
3
0
0
0
0
0
1859
1200
1725
1203
684
0
837
0
0
0
0
0
0
0
0
0
1087
997
1694
1590
650
0
659
0
0
0
0
0
0
0
0
0
2673
1986
2206
1351
597
2
932
98
5
0
0
0
0
0
0
0
1923
2068
2153
2063
576
1
828
208
4
0
1
0
0
0
0
0
1923
2068
2153
2063
576
0
828
0
0
0
0
0
0
0
0
0
2673
1986
2206
1351
597
0
932
0
0
0
0
0
0
0
0
0
687
1064
2435
2782
731
1
1466
19
0
1
2
0
0
0
0
0
1242
1340
1690
2066
957
4
1340
10
0
0
1
0
0
0
0
0
1242
1340
1690
2066
957
0
1340
0
0
0
0
0
0
0
0
0
687
1064
2435
2782
731
0
1466
0
0
0
0
0
0
0
0
0
647
946
1229
2176
711
2
1486
27
0
0
0
0
4
0
0
0
646
1129
1831
1818
854
6
1202
23
0
0
0
0
0
0
0
0
646
1129
1831
1818
854
0
1202
0
0
0
0
0
0
0
0
0
647
946
1229
2176
711
0
1486
0
0
0
0
0
0
0
0
0
0
0
0
0
0
0
0
0
0
0
0
0
0
0
0
0
0
0
0
0
0
0
0
0
0
0
0
0
0
0
0
0
0
0
0
0
0
0
0
0
0
0
0
0
0
0
0
0
0
0
0
0
0
0
0
0
0
0
0
0
0
0
0
0
0
0
0
0
0
0
0
0
0
0
0
0
0
0
0
0
0
0
0
0
0
0
0
0
0
0
0
0
0
0
0
0
0
0
0
0
0
0
0
0
0
0
0
0
0
0
0
0
0
0
0
0
0
0
0
0
0
0
0
0
0
0
0
0
0
0
0
0
0
0
0
0
0
0
0
0
0
0
0
0
0
0
0
0
0
0
0
0
0
0
0
0
0
0
0
0
0
0
0
0
0
0
0
0
0
0
0
0
0
0
0
0
0
0
0
0
0
0
0
0
0
0
0
0
0
0
0
0
0
0
0
0
0
0
0
0
0
0
0
0
0
0
0
0
0
0
0
0
0
0
0
0
0
0
0
0
0
0
0
0
0
0
0
0
0
0
0
0
0
0
0
0
0
0
0
0
0
0
0
0
0
0
0
0
0
0
0
0
0
0
0
0
0
0
0
0
0
0
0
0
0
0
0
0
0
0
0
0
0
0
0
0
0
0
0
0
0
0
0
0
0
0
0
0
0
0
0
0
0
0
0
0
0
0
0
0
0
0
0
0
0
0
0
0
0
0
0
0
0
0
0
0
0
0
0
0
0
0
0
0
0
0
0
0
0
0
0
0
0
0
0
0
0
0
0
0
0
0
0
0
0
0
0
0
0
0
0
0
0
0
0
0
0
0
0
0
0
0
0
0
0
0
0
0
0
0
0
0
0
0
0
0
0
0
0
0
0
0
0
0
0
0
0
0
0
0
0
0
0
0
0
0
0
0
0
0
0
0
0
0
0
0
0
0
0
0
0
0
0
0
0
0
0
0
0
0
0
0
0
0
0
0
0
0
0
0
0
0
0
0
0
0
0
0
0
0
0
0
0
0
0
0
0
0
0
0
0
0
0
0
0
0
0
0
0
0
0
0
0
0
0
0
0
0
0
0
0
0
0
0
0
0
0
0
0
0
0
0
0
0
0
0
0
0
0
0
0
0
0
0
0
0
0
0
0
0
0
0
0
0
0
0
0
0
0
0
0
0
0
0
0
0
0
0
0
0
0
0
0
0
0
0
0
0
0
0
0
0
0
0
0
0
0
0
0
0
0
0
0
0
0
0
0
0
0
0
0
0
0
0
0
0
0
0
0
0
0
0
0
0
0
0
0
0
0
0
0
0
46
46
46
46
46
46
46
46
46
46
46
46
46
46
46
46
46
46
46
46
46
46
46
46
46
46
46
46
46
46
46
46
46
46
46
46
46
46
46
46
46
46
46
46
46
46
46
46
46
46
46
46
46
46
46
46
46
46
46
46
46
46
46
46
46
46
46
46
46
46
46
46
46
46
46
46
46
46
46
46
46
46
46
46
46
46
46
46
46
46
46
46
46
46
46
46
46
46
46
46
46
46
46
46
46
46
46
46
46
46
46
46
46
46
46
46
46
46
46
46
46
46
46
46
46
46
46
46
46
46
46
46
46
46
46
46
46
46
46
46
46
46
46
46
46
46
46
46
46
46
46
46
46
46
46
46
46
46
46
46
46
46
46
46
46
46
46
46
46
46
46
46
46
46
46
46
46
46
46
46
46
46
46
46
46
46
46
46
46
46
46
46
46
46
46
46
46
46
46
46
46
46
46
46
46
46
46
46
46
46
46
46
46
46
46
46
46
46
46
46
46
46
46
46
46
46
46
46
46
46
46
46
46
46
46
46
46
46
46
46
46
46
46
46
46
46
46
46
46
46
46
46
46
46
46
46
46
46
46
46
46
46
46
46
46
46
46
46
46
46
46
46
46
46
46
46
46
46
46
46
46
46
46
46
46
46
46
46
46
46
46
46
46
46
46
46
46
46
46
46
46
46
46
46
46
46
46
46
46
46
46
46
46
46
46
46
46
46
46
46
46
46
46
46
46
46
46
46
46
46
46
46
46
46
46
46
46
46
46
46
46
46
46
46
46
46
46
46
46
46
46
46
46
46
46
46
46
46
46
46
46
46
46
46
46
46
46
46
46
46
46
46
46
46
46
46
46
46
46
46
46
46
46
46
46
46
46
46
46
46
46
46
46
46
46
46
46
46
46
46
46
46
46
46
46
46
46
46
46
46
46
46
46
46
46
46
46
46
46
46
46
46
46
46
46
46
46
46
46
46
46
46
46
46
46
46
46
46
46
46
46
46
46
46
46
46
46
46
46
46
46
46
46
46
46
46
46
46
46
46
46
46
46
46
46
46
46
46
46
46
46
46
46
46
46
46
46
46
46
46
46
46
46
46
46
46
46
46
46
46
46
46
46
46
46
46
46
46
46
46
46
46
46
46
46
46
46
46
46
46
46
46
46
46
46
46
46
46
46
46
46
46
46
46
46
46
46
46
46
46
46
46
46
46
46
46
46
46
46
46
46
46
46
46
46
46
46
46
46
46
46
46
46
46
46
46
46
46
46
46
46
46
46
46
46
46
46
46
46
46
46
46
46
46
46
46
46
46
46
46
46
46
46
46
46
46
46
46
46
46
46
46
46
46
46
46
46
46
46
46
46
46
46
46
46
46
46
46
46
46
46
46
46
46
46
46
46
46
46
46
46
46
46
46
46
46
46
46
46
46
46
46
46
46
46
46
46
46
46
46
46
46
46
46
46
46
46
46
46
46
46
46
46
46
46
46
46
46
46
46
46
46
46
46
46
46
46
46
46
46
46
46
46
46
46
46
46
46
46
46
46
46
46
46
46
46
46
46
46
46
46
46
46
46
46
46
46
46
46
46
46
46
46
46
46
46
46
46
46
46
46
46
15
46
15
46
46
46
46
46
46
46
46
46
46
46
46
46
15
46
15
46
46
46
46
46
46
46
46
46
46
46
46
46
15
46
15
46
46
46
46
46
46
46
46
46
46
46
46
46
15
46
15
46
46
46
46
46
46
46
46
46
46
46
46
46
46
46
46
46
46
46
46
46
46
46
46
46
46
46
46
46
46
46
46
46
46
46
46
46
46
46
46
46
46
46
46
46
46
46
46
46
46
46
46
46
46
46
46
46
46
46
46
46
46
46
46
46
46
46
46
46
46
46
46
46
46
46
46
46
46
46
46
46
46
46
46
46
46
46
46
46
46
46
46
46
46
46
46
46
46
46
46
46
46
46
46
46
46
46
46
46
46
46
46
46
46
46
46
46
46
46
46
46
46
46
46
46
46
46
46
46
46
46
46
46
46
46
46
46
46
46
46
46
46
46
46
46
46
46
46
46
46
46
46
46
46
46
46
46
46
46
46
46
46
46
46
46
46
46
46
46
46
46
46
46
46
46
46
46
46
46
46
46
46
46
46
46
46
46
46
46
46
46
46
46
46
46
46
46
46
46
46
46
46
46
46
46
46
46
46
46
46
46
46
46
46
46
46
46
46
46
46
46
46
46
46
46
46
46
46
46
46
46
46
46
46
46
46
46
46
46
46
46
46
46
46
46
46
46
46
46
46
46
46
46
46
46
46
46
46
46
46
46
46
46
46
46
46
46
46
46
46
46
46
46
46
46
46
46
46
46
46
46
46
46
46
46
46
46
46
46
46
46
46
46
46
46
46
46
46
46
46
46
46
46
46
46
46
46
46
46
46
46
46
46
46
46
46
46
46
46
46
46
46
46
46
46
46
46
46
46
46
46
46
46
46
46
46
46
46
46
46
46
46
46
46
46
46
46
46
46
46
46
46
46
46
46
46
46
46
46
46
46
46
46
46
46
46
46
46
46
46
46
46
46
46
46
46
46
46
46
46
46
46
46
46
46
46
46
46
46
46
46
46
46
46
46
46
46
46
46
46
46
46
46
46
46
46
46
46
46
46
46
46
46
46
46
46
46
46
46
46
46
46
46
46
46
46
46
46
46
46
46
46
46
46
46
46
46
46
46
46
46
46
46
46
46
46
46
46
46
46
46
46
46
46
46
46
46
46
46
46
46
46
46
46
46
46
46
46
46
46
46
46
46
46
46
46
46
46
46
46
46
46
46
46
46
46
46
46
46
46
46
46
46
46
46
46
46
46
46
46
46
46
46
46
46
46
46
46
46
46
46
46
46
46
46
46
46
46
46
46
46
46
46
46
46
46
46
46
46
46
46
46
46
46
46
46
46
46
46
46
46
46
46
46
46
46
46
46
46
46
46
46
46
46
46
46
46
46
46
46
46
46
46
46
46
46
46
46
46
46
46
46
46
46
46
46
46
46
46
46
46
20
20
20
20
20
20
20
20
46
46
46
20
20
20
20
20
20
20
20
20
20
20
20
20
46
46
46
20
20
20
20
20
20
20
20
20
20
20
20
20
46
46
46
20
20
20
20
20
20
20
20
20
20
20
20
20
46
46
46
20
20
20
20
20
46
46
46
46
46
46
46
46
15
46
15
46
46
46
46
46
46
46
46
46
46
46
46
46
15
46
15
46
46
46
46
46
46
46
46
46
46
46
46
46
15
46
15
46
46
46
46
46
46
46
46
46
46
46
46
46
15
46
15
46
46
46
46
46
46
46
46
46
46
46
46
46
15
46
15
46
46
46
46
46
46
46
46
46
46
46
46
46
15
46
15
46
46
46
46
46
46
46
46
46
46
46
46
46
46
46
46
46
46
46
46
46
46
46
46
46
46
46
46
46
46
46
46
46
46
46
46
46
46
46
46
46
46
46
46
46
46
46
46
46
46
46
46
46
46
46
46
46
46
46
46
46
46
46
46
46
46
46
46
46
46
46
46
46
46
46
46
46
46
46
46
46
46
46
46
46
46
46
46
46
46
46
46
46
46
46
46
46
46
46
46
46
46
46
46
46
46
46
46
46
46
46
46
46
46
46
46
46
46
46
46
46
46
46
46
46
46
46
46
46
46
46
46
46
46
46
46
46
46
46
46
46
46
46
46
46
46
46
46
46
46
46
46
46
46
46
46
46
46
46
46
46
46
46
46
46
46
46
46
46
46
46
46
46
46
46
46
46
46
46
46
46
46
46
46
46
46
46
46
46
46
46
46
46
46
46
46
46
46
46
46
46
46
46
46
46
46
46
46
46
46
46
46
46
46
46
46
46
46
46
46
46
46
46
46
46
46
46
46
46
46
46
46
46
46
46
46
46
46
46
46
46
46
46
46
46
46
46
46
46
46
46
46
46
46
46
46
46
46
46
46
46
46
46
46
46
46
46
46
46
46
46
46
46
46
46
46
46
46
46
46
46
46
46
46
46
46
46
46
46
46
46
46
46
46
46
46
46
46
46
46
46
46
46
46
46
46
46
46
46
46
46
46
46
46
46
46
46
46
46
46
46
46
46
46
46
46
46
46
46
46
46
46
46
46
46
46
46
46
46
46
46
46
46
46
46
46
46
46
46
46
46
46
46
46
46
46
46
46
46
46
46
46
46
46
46
46
46
46
46
46
46
46
46
46
46
46
46
46
46
46
46
46
46
46
46
46
46
46
46
46
46
46
46
46
46
46
46
46
46
46
46
46
46
46
46
46
46
46
46
46
46
46
46
46
46
46
46
46
46
46
46
46
46
46
46
46
46
46
46
46
46
46
46
46
46
46
46
46
46
46
46
46
46
46
46
46
46
46
46
46
46
46
46
46
46
46
46
46
46
46
46
46
46
46
46
46
46
46
46
46
46
46
46
46
46
46
46
46
46
46
46
46
46
46
46
46
46
46
46
46
46
46
46
46
46
46
46
46
46
46
46
46
46
46
46
46
46
46
46
46
46
46
46
46
46
46
46
46
46
46
46
46
46
46
46
46
46
46
46
46
46
46
46
46
46
46
46
46
46
46
46
46
46
46
46
46
46
46
46
20
20
20
20
20
20
20
20
46
46
46
20
20
20
20
20
20
20
20
20
20
20
20
20
46
46
46
20
20
20
20
20
20
20
20
20
20
20
20
20
46
46
46
20
20
20
20
20
20
20
20
20
20
20
20
20
46
46
46
20
20
20
20
20
20
20
20
20
20
20
20
20
46
46
46
20
20
20
20
20
20
20
20
20
20
20
20
20
46
46
46
20
20
20
20
20
46
46
46
46
46
46
46
46
15
46
15
46
46
46
46
46
46
46
46
46
46
46
46
46
15
46
15
46
46
46
46
46
46
46
46
46
46
46
46
46
15
46
15
46
46
46
46
46
46
46
46
46
46
46
46
46
15
46
15
46
46
46
46
46
46
46
46
46
46
46
46
46
46
46
46
46
46
46
46
46
46
46
46
46
46
46
46
46
46
46
46
46
46
46
46
46
46
46
46
46
46
46
46
46
46
46
46
46
46
46
46
46
46
46
46
46
46
46
46
46
46
46
46
46
46
46
46
46
46
46
46
46
46
46
46
46
46
46
46
46
46
46
46
46
46
46
46
46
46
46
46
46
46
46
46
46
46
46
46
46
46
46
46
46
46
46
46
46
46
46
46
46
46
46
46
46
46
46
46
46
46
46
46
46
46
46
46
46
46
46
46
46
46
46
46
46
46
46
46
46
46
46
46
46
46
46
46
46
46
46
46
46
46
46
46
46
46
46
46
46
46
46
46
46
46
46
46
46
46
46
46
46
46
46
46
46
46
46
46
46
46
46
46
46
46
46
46
46
46
46
46
46
46
46
46
46
46
46
46
46
46
46
46
46
46
46
46
46
46
46
46
46
46
46
46
46
46
46
46
46
46
46
46
46
46
46
46
46
46
46
46
46
46
46
46
46
46
46
46
46
46
46
46
46
46
46
46
46
46
46
46
46
46
46
46
46
46
46
46
46
46
46
46
46
46
46
46
46
46
46
46
46
46
46
46
46
46
46
46
46
46
46
46
46
46
46
46
46
46
46
46
46
46
46
46
46
46
46
46
46
46
46
46
46
46
46
46
46
46
46
46
46
46
46
46
46
46
46
46
46
46
46
46
46
46
46
46
46
46
46
46
46
46
46
46
46
46
46
46
46
46
46
46
46
46
46
46
46
46
46
46
46
46
46
46
46
46
46
46
46
46
46
46
46
46
46
46
46
46
46
46
46
46
46
46
46
46
46
46
46
46
46
46
46
46
46
46
46
46
46
46
46
46
46
46
46
46
46
46
46
46
46
46
46
46
46
46
46
46
46
46
46
46
46
46
46
46
46
46
46
46
46
46
46
46
46
46
46
46
46
46
46
46
46
46
46
46
46
46
46
46
46
46
46
46
46
46
46
46
46
46
46
46
46
46
46
46
46
46
46
46
46
46
46
46
46
46
46
46
46
46
46
46
46
46
46
46
46
46
46
46
46
46
46
46
46
46
46
46
46
46
46
46
46
46
46
46
46
46
46
46
46
46
46
46
46
46
46
46
46
46
46
46
46
46
46
46
46
46
46
46
46
46
46
46
46
46
46
46
46
46
46
46
46
46
46
46
46
46
46
46
46
46
46
46
46
46
46
46
46
46
46
46
46
46
46
46
46
46
46
46
46
46
46
46
46
46
46
46
46
46
46
46
46
46
46
46
46
46
46
20
20
20
20
20
20
20
20
46
46
46
20
20
20
20
20
20
20
20
20
20
20
20
20
46
46
46
20
20
20
20
20
20
20
20
20
20
20
20
20
46
46
46
20
20
20
20
20
20
20
20
20
20
20
20
20
46
46
46
20
20
20
20
20
46
46
46
46
46
46
46
46
15
46
15
46
46
46
46
46
46
46
46
46
46
46
46
46
15
46
15
46
46
46
46
46
46
46
46
46
46
46
46
46
15
46
15
46
46
46
46
46
46
46
46
46
46
46
46
46
15
46
15
46
46
46
46
46
46
46
46
46
46
46
46
46
46
46
46
46
46
46
46
46
46
46
46
46
46
46
46
46
46
46
46
46
46
46
46
46
46
46
46
46
46
46
46
46
46
46
46
46
46
46
46
46
46
46
46
46
46
46
46
46
46
46
46
46
46
46
46
46
46
46
46
46
46
46
46
46
46
46
46
46
46
46
46
46
46
46
46
46
46
46
46
46
46
46
46
46
46
46
46
46
46
46
46
46
46
46
46
46
46
46
46
46
46
46
46
46
46
46
46
46
46
46
46
46
46
46
46
46
46
46
46
46
46
46
46
46
46
46
46
46
46
46
46
46
46
46
46
46
46
46
46
46
46
46
46
46
46
46
46
46
46
46
46
46
46
46
46
46
46
46
46
46
46
46
46
46
46
46
46
46
46
46
46
46
46
46
46
46
46
46
46
46
46
46
46
46
46
46
46
46
46
46
46
46
46
46
46
46
46
46
46
46
46
46
46
46
46
46
46
46
46
46
46
46
46
46
46
46
46
46
46
46
46
46
46
46
46
46
46
46
46
46
46
46
46
46
46
46
46
46
46
46
46
46
46
46
46
46
46
46
46
46
46
46
46
46
46
46
46
46
46
46
46
46
46
46
46
46
46
46
46
46
46
46
46
46
46
46
46
46
46
46
46
46
46
46
46
46
46
46
46
46
46
46
46
46
46
46
46
46
46
46
46
46
46
46
46
46
46
46
46
46
46
46
46
46
46
46
46
46
46
46
46
46
46
46
46
46
46
46
46
46
46
46
46
46
46
46
46
46
46
46
46
46
46
46
46
46
46
46
46
46
46
46
46
46
46
46
46
46
46
46
46
46
46
46
46
46
46
46
46
46
46
46
46
46
46
46
46
46
46
46
46
46
46
46
46
46
46
46
46
46
46
46
46
46
46
46
46
46
46
46
46
46
46
46
46
46
46
46
46
46
46
46
46
46
46
46
46
46
46
46
46
46
46
46
46
46
46
46
46
46
46
46
46
46
46
46
46
46
46
46
46
46
46
46
46
46
46
46
46
46
46
46
46
46
46
46
46
46
46
46
46
46
46
46
46
46
46
46
46
46
46
46
46
46
46
46
46
46
46
46
46
46
46
46
46
46
46
46
46
46
46
46
46
46
46
46
46
46
46
46
46
46
46
46
46
46
46
46
46
46
46
46
46
46
46
46
46
46
46
46
46
46
46
46
46
46
46
46
46
46
46
46
46
46
46
46
46
46
46
46
46
46
46
46
46
46
46
46
46
46
46
46
46
46
46
46
46
46
46
46
46
46
46
46
46
46
46
46
20
20
20
20
20
20
20
20
46
46
46
20
20
20
20
20
20
20
20
20
20
20
20
20
46
46
46
20
20
20
20
20
20
20
20
20
20
20
20
20
46
46
46
20
20
20
20
20
20
20
20
20
20
20
20
20
46
46
46
20
20
20
20
20
46
46
46
46
46
46
46
46
46
46
46
46
46
46
46
46
46
46
46
46
46
46
46
46
46
46
46
46
46
46
46
46
46
46
46
46
46
46
46
46
46
46
46
46
46
46
46
46
46
46
46
46
46
46
46
46
46
46
46
46
46
46
46
46
46
46
46
46
46
46
46
46
46
46
46
46
46
46
46
46
46
46
46
46
46
46
46
46
46
46
46
46
46
46
46
46
46
46
46
46
46
46
46
46
46
46
46
46
46
46
46
46
46
46
46
46
46
46
46
46
46
46
46
46
46
46
46
46
46
46
46
46
46
46
46
46
46
46
46
46
46
46
46
46
46
46
46
46
46
46
46
46
46
46
46
46
46
46
46
46
46
46
46
46
46
46
46
46
46
46
46
46
46
46
46
46
46
46
46
46
46
46
46
46
46
46
46
46
46
46
46
46
46
46
46
46
46
46
46
46
46
46
46
46
46
46
46
46
46
46
46
46
46
46
46
46
46
46
46
46
46
46
46
46
46
46
46
46
46
46
46
46
46
46
46
46
46
46
46
46
46
46
46
46
46
46
46
46
46
46
46
46
46
46
46
46
46
46
46
46
46
46
46
46
46
46
46
46
46
46
46
46
46
46
46
46
46
46
46
46
46
46
46
46
46
46
46
46
0
0
0
0
0
0
0
0
0
0
0
0
0
0
0
0
0
0
0
0
0
0
0
0
0
0
0
0
0
0
0
0
0
0
0
0
0
0
0
0
0
0
0
0
0
0
0
0
0
0
0
0
0
0
0
0
0
0
0
0
0
0
0
0
0
0
0
0
0
0
0
0
0
0
0
0
0
0
0
0
0
0
0
0
0
0
0
0
0
0
0
0
0
0
0
0
0
0
0
0
2
2
2
2
29
27
27
2
2
2
2
2
2
2
2
2
2
2
2
2
29
27
27
2
2
2
2
2
0
0
0
0
0
0
0
0
0
-127
-127
0
0
0
0
0
0
0
0
0
0
0
0
0
0
-127
-127
0
0
0
0
0
0
0
0
0
0
0
0
0
0
0
0
0
0
0
0
0
0
0
0
0
0
0
0
0
0
0
0
0
0
0
0
0
0
0
0
0
0
0
0
0
0
0
0
0
0
0
0
0
0
0
0
0
0
0
0
0
0
0
0
0
0
0
0
0
0
0
0
0
0
0
0
0
0
0
0
0
0
0
0
0
0
0
0
0
0
0
0
0
0
0
0
0
0
0
0
0
9
3
9
3
9
3
9
3
9
3
9
3
9
3
9
3
9
3
9
3
9
3
9
3
9
3
9
3
9
3
9
3
0
0
0
0
0
0
0
0
0
0
0
0
0
0
0
0
0
0
0
0
0
0
0
0
0
0
0
0
0
0
0
0
0
0
0
0
0
0
0
0
0
0
0
0
0
0
0
0
0
0
0
0
0
0
0
0
0
0
0
0
0
0
0
0
0
0
0
0
0
0
0
0
0
0
0
0
0
0
0
0
0
0
0
0
0
0
0
0
0
0
0
0
0
0
0
0
0
0
0
0
0
0
0
0
7
-1
7
0
0
0
0
0
0
0
0
0
0
0
0
0
7
-1
7
0
0
0
0
0
-1
-1
-1
-1
-1
-1
-1
-1
-1
-1
-1
-1
-1
-1
-1
-1
-1
-1
-1
-1
-1
-1
-1
-1
-1
-1
-1
-1
-1
-1
-1
-1
0
0
0
0
0
0
0
0
0
0
0
0
0
0
0
0
0
0
0
0
0
0
0
0
0
0
0
0
0
0
0
0
0
0
0
0
0
0
0
0
0
0
0
0
0
0
0
0
0
0
0
0
0
0
0
0
0
0
0
0
0
0
0
0
0
0
0
0
0
0
0
0
0
0
0
0
0
0
0
0
0
0
0
0
0
0
0
0
0
0
0
0
0
0
0
0
0
0
0
0
0
0
0
0
0
0
0
0
0
0
0
0
0
0
0
0
0
0
0
0
0
0
0
0
0
0
0
0
0
0
0
0
0
0
0
0
0
0
0
0
0
0
0
0
0
0
0
0
0
0
0
0
0
0
0
0
0
0
0
0
0
0
0
0
0
0
0
0
0
0
0
0
0
0
0
0
0
0
0
0
0
0
0
0
0
0
0
0
0
0
0
0
0
0
0
0
0
0
0
0
0
0
0
0
0
0
0
0
0
0
0
0
0
0
0
0
0
0
0
0
0
0
0
0
0
0
0
0
0
0
0
0
0
0
0
0
0
0
0
0
0
0
0
0
0
0
0
0
0
0
0
0
0
0
0
0
0
0
0
0
0
0
0
0
0
0
0
0
0
0
0
0
0
0
0
0
0
0
0
0
0
0
0
0
0
0
0
0
0
0
0
0
0
0
0
0
0
0
0
0
0
0
0
0
0
0
0
0
0
0
0
0
0
0
0
0
0
0
0
0
0
0
0
0
0
0
0
0
0
0
0
0
0
0
0
0
0
0
0
0
0
0
0
0
0
0
0
0
0
0
0
0
0
0
0
0
0
0
0
0
0
0
0
0
0
0
0
0
0
0
0
0
0
0
0
0
0
0
0
0
0
0
0
0
6
6
6
6
6
6
6
6
6
6
6
6
6
6
6
6
6
6
6
6
6
6
6
6
6
6
6
6
6
6
6
6
0
0
0
0
0
0
0
0
0
0
0
0
0
0
0
0
0
0
0
0
0
0
0
0
0
0
0
0
0
0
0
0
6
6
6
6
6
6
6
6
6
6
6
6
6
6
6
6
6
6
6
6
6
6
6
6
6
6
6
6
6
6
6
6
0
0
0
0
0
0
0
0
0
0
0
0
0
0
0
0
0
0
0
0
0
0
0
0
0
0
0
0
0
0
0
0
6
6
6
6
6
6
6
6
6
6
6
6
6
6
6
6
6
6
6
6
6
6
6
6
6
6
6
6
6
6
6
6
0
0
0
0
0
0
0
0
0
0
0
0
0
0
0
0
0
0
0
0
0
0
0
0
0
0
0
0
0
0
0
0
6
6
6
6
6
6
6
6
6
6
6
6
6
6
6
6
6
6
6
6
6
6
6
6
6
6
6
6
6
6
6
6
0
0
0
0
0
0
0
0
0
0
0
0
0
0
0
0
0
0
0
0
0
0
0
0
0
0
0
0
0
0
0
0
6
6
6
6
6
6
6
6
6
6
6
6
6
6
6
6
6
6
6
6
6
6
6
6
6
6
6
6
6
6
6
6
0
0
0
0
0
0
0
0
0
0
0
0
0
0
0
0
0
0
0
0
0
0
0
0
0
0
0
0
0
0
0
0
6
6
6
6
6
6
6
6
6
6
6
6
6
6
6
6
6
6
6
6
6
6
6
6
6
6
6
6
6
6
6
6
0
0
0
0
0
0
0
0
0
0
0
0
0
0
0
0
0
0
0
0
0
0
0
0
0
0
0
0
0
0
0
0
0
0
0
0
0
0
0
0
0
0
0
0
0
0
0
0
0
0
0
0
0
0
0
0
0
0
0
0
0
0
0
0
0
0
0
0
0
0
0
0
0
0
0
0
0
0
0
0
0
0
0
0
0
0
0
0
0
0
0
0
0
0
0
0
6
6
6
6
6
6
6
6
6
6
6
6
6
6
6
6
6
6
6
6
6
6
6
6
6
6
6
6
6
6
6
6
0
0
0
0
0
0
0
0
0
0
0
0
0
0
0
0
0
0
0
0
0
0
0
0
0
0
0
0
0
0
0
0
6
6
6
6
6
6
6
6
6
6
6
6
6
6
6
6
6
6
6
6
6
6
6
6
6
6
6
6
6
6
6
6
0
0
0
0
0
0
0
0
0
0
0
0
0
0
0
0
0
0
0
0
0
0
0
0
0
0
0
0
0
0
0
0
6
6
6
6
6
6
6
6
6
6
6
6
6
6
6
6
6
6
6
6
6
6
6
6
6
6
6
6
6
6
6
6
0
0
0
0
0
0
0
0
0
0
0
0
0
0
0
0
0
0
0
0
0
0
0
0
0
0
0
0
0
0
0
0
6
6
6
6
6
6
6
6
6
6
6
6
6
6
6
6
6
6
6
6
6
6
6
6
6
6
6
6
6
6
6
6
0
0
0
0
0
0
0
0
0
0
0
0
0
0
0
0
0
0
0
0
0
0
0
0
0
0
0
0
0
0
0
0
6
6
6
6
6
6
6
6
6
6
6
6
6
6
6
6
6
6
6
6
6
6
6
6
6
6
6
6
6
6
6
6
0
0
0
0
0
0
0
0
0
0
0
0
0
0
0
0
0
0
0
0
0
0
0
0
0
0
0
0
0
0
0
0
6
6
6
6
6
6
6
6
6
6
6
6
6
6
6
6
6
6
6
6
6
6
6
6
6
6
6
6
6
6
6
6
0
0
0
0
0
0
0
0
0
0
0
0
0
0
0
0
0
0
0
0
0
0
0
0
0
0
0
0
0
0
0
0
0
0
0
0
0
0
0
0
0
0
0
0
0
0
0
0
0
0
0
0
0
0
0
0
0
0
0
0
0
0
0
0
0
0
0
0
0
0
0
0
0
0
0
0
0
0
0
0
0
0
0
0
0
0
0
0
0
0
0
0
0
0
0
0
