%pattern_data
4
4
4
0
0
32
-48
0
52
88
0
1
0
0
0
0
10
99
0
0
0
0
0
0
0
0
0
49
-1
-1
8
0
0
50
0
0
65
127
70
0
0
1
0
1
0
0
0
0
0
0
0
0
0
1
1
0
0
0
0
2
106
0
0
0
106
0
1
1
1
1
106
1
106
0
1
106
0
0
0
0
106
0
1
1
1
1
106
1
106
0
0
0
106
0
0
0
106
0
1
1
1
1
106
1
106
0
1
106
0
0
0
0
106
0
1
1
1
1
106
1
106
0
0
0
0
-48
-48
-48
0
-48
-48
-48
-48
-48
-10
-48
-10
-48
-48
-10
-48
-48
-48
-48
0
-48
-48
-48
-48
-48
-10
-48
-10
-48
-48
-48
7211542
7500000
7788458
8076916
8365374
8653855
9044989
9319569
384308
675147
865374
1264308
1442313
1730771
2135125
7211542
2596145
2884626
3173084
3461542
3750000
4038458
4440930
4710590
5001043
5294898
5503286
5866349
6057687
6346145
6634626
6923084
16442313
16730771
17019229
17307687
17596145
17884626
18291678
18568912
9617596
9913016
10121820
10487528
10684934
10961542
11361633
11564133
11826916
12115374
12403855
12692313
12980771
13269229
13662222
13928821
14237052
14528934
14759732
15097800
15330723
15576916
15865374
16153855
7211542
7500000
7788458
8076916
8365374
8653855
9060771
9330499
385850
666372
865374
1254127
1442313
1730771
2121020
2417497
2596145
2884626
3173084
3461542
3750000
4038458
4435034
4709116
5000431
5288209
5480771
5856644
7211542
6346145
6634626
6923084
16442313
16730771
17019229
17307687
17596145
17884626
13962834
18548118
9630839
9929932
10096145
10486349
10673084
10961542
11367120
11538458
11826916
12115374
12403855
12692313
12980771
13269229
13686828
13962834
14245601
14533673
14711542
15090612
15340504
15576916
15865374
16153855
7211542
7500000
7788458
8076916
8365374
8653855
8956599
9244898
290748
587619
865374
1178299
1442313
1730771
2037868
2307687
2596145
2884626
3173084
3461542
3750000
4038458
4325782
4604444
587619
5193605
5480771
587619
6063729
6346145
6634626
6923084
16442313
16730771
17019229
17307687
17596145
17884626
18189546
18468980
9520023
14142063
10096145
10383152
10673084
10961542
11259138
16442313
11826916
12115374
12403855
12692313
12980771
13269229
13563401
13878163
14142063
14444921
14711542
15004807
15288458
15576916
15865374
16153855
7211542
7500000
7788458
8076916
8365374
8653855
8927415
9222880
264535
576667
865374
1159456
1442313
1730771
2011361
2307687
2596145
2884626
3173084
3461542
3750000
4038458
4311542
4595782
4878549
5204626
5480771
5771791
6057687
6346145
6634626
6923084
16442313
16730771
17019229
17307687
17596145
17884626
18164649
18461950
9506757
9818413
10096145
10403039
10673084
10961542
11274558
11538458
11826916
12115374
12403855
12692313
12980771
13269229
13564512
13849841
14144422
14455442
14711542
15002494
15288458
15576916
15865374
16153855
7211542
7500000
7788458
8076916
8365374
8653855
8938639
9237664
276236
583832
754950
1156054
1442313
1730771
2015964
2274768
2596145
2884626
3173084
3461542
3750000
4038458
4342698
4632041
4893741
5183764
5363639
5767256
6057687
6346145
6634626
6923084
11601528
16730771
17019229
17307687
17596145
17884626
18171519
18461156
9523946
9814603
10096145
10404444
10673084
10961542
11255465
11548528
11826916
12115374
12403855
12692313
12980771
13269229
13565488
13853152
14129660
14418254
14711542
14993764
11548528
15576916
15865374
16153855
7211542
7500000
7788458
8076916
8365374
8653855
8947120
9231882
291859
574671
865374
1160680
1442313
1730771
5755147
2319983
2596145
2884626
3173084
3461542
3750000
4038458
4328481
4617687
4887256
5194014
5480771
5755147
6057687
6346145
6634626
6923084
16442313
16730771
17019229
17307687
17596145
17884626
18188005
18475306
9507483
9802857
10096145
10381156
10673084
10961542
11260998
11538458
11826916
12115374
12403855
12692313
12980771
13269229
13561678
13859206
14125170
14416236
14711542
14988095
15288458
15576916
15865374
16153855
7211542
7500000
7788458
8076916
8365374
8653855
8965510
9240068
268299
571406
865374
1143583
2307687
1730771
2036485
2307687
2596145
2884626
3173084
3461542
3750000
4038458
4325646
4603946
4877052
5184762
5480771
5753379
6057687
6346145
6634626
6923084
16442313
16730771
17019229
17307687
17596145
17884626
18183855
18474014
9514014
9808776
10096145
10370590
10673084
10961542
11257211
11538458
11826916
12115374
12403855
12692313
12980771
13269229
13568073
13845306
14125737
14421134
14711542
14993991
16442737
15576916
15865374
16153855
7211542
7500000
7788458
8076916
8365374
8653855
8934240
9217959
290544
591655
865374
1187166
1442313
1730771
2008776
2307687
2596145
2884626
3173084
3461542
3750000
4038458
4364898
4638798
4914195
5202200
5480771
5754218
6057687
6346145
6634626
6923084
16442313
16730771
17019229
17307687
17596145
17884626
18179048
18451791
9512857
9809161
10096145
10389478
10673084
10961542
11246259
11538458
11826916
12115374
12403855
12692313
12980771
13269229
13550408
13836803
14130340
14432404
14711542
14995011
15288458
15576916
15865374
16153855
7211542
7500000
7788458
8076916
8365374
8653855
8976939
9254195
273424
569864
865374
1158050
1442313
1730771
2035805
2307687
2596145
2884626
3173084
3461542
3750000
4038458
4361224
4623900
4925374
5212744
5480771
5768957
6057687
6346145
6634626
6923084
16442313
16730771
17019229
17307687
17596145
17884626
18208934
18479660
9524694
9827619
10096145
10388345
10673084
10961542
11275261
11644458
11826916
12115374
12403855
12692313
11803458
13269229
13582540
13843175
14127710
14417687
14711542
14993220
15288458
15576916
15865374
16153855
7211542
7500000
7788458
8076916
8365374
8653855
8982948
9250975
311973
600680
865374
1149206
1442313
1730771
2041247
2307687
2596145
2884626
3173084
3461542
3750000
4038458
4357642
4636825
4920431
5208390
5480771
5757256
6057687
6346145
6634626
6923084
16442313
16730771
17019229
17307687
16442313
17884626
18217891
18482336
9526712
9828503
10096145
10377868
10673084
10961542
11260000
11697458
11826916
12115374
12403855
12692313
12980771
13269229
13558753
13845215
14139456
14432472
14711542
14987982
16495313
15576916
15865374
16153855
7211542
7500000
7788458
8076916
8365374
8653855
8958277
9230499
277982
570136
865374
1157166
1442313
1730771
2024512
2307687
2596145
2884626
3173084
3461542
3750000
4038458
4347642
4621043
4905125
5183855
5480771
5767642
6057687
6346145
6634626
6923084
16442313
16730771
17019229
17307687
17596145
17884626
18178662
18464603
9509546
9801882
10096145
10381247
10673084
10961542
11264785
11538458
11826916
12115374
12403855
12692313
12980771
13269229
13549070
13841224
14129524
14416553
14711542
14989478
15288458
15576916
15865374
16153855
0
0
0
0
0
0
0
0
0
0
0
0
0
0
0
0
0
0
0
0
0
0
0
0
0
0
0
0
0
0
0
0
0
0
0
0
0
0
0
0
0
0
0
0
0
0
0
0
0
0
0
0
0
0
0
0
0
0
0
0
0
0
0
0
0
0
0
0
0
0
0
0
0
0
0
0
0
0
0
0
0
0
0
0
0
0
0
0
0
0
0
0
0
0
0
0
0
0
0
0
0
0
0
0
0
0
0
0
0
0
0
0
0
0
0
0
0
0
0
0
0
0
0
0
0
0
0
0
0
0
0
0
0
0
0
0
0
0
0
0
0
0
0
0
0
0
0
0
0
0
0
0
0
0
0
0
0
0
0
0
0
0
0
0
0
0
0
0
0
0
0
0
0
0
0
0
0
0
0
0
0
0
0
0
0
0
0
0
0
0
0
0
0
0
0
0
0
0
0
0
0
0
0
0
0
0
0
0
0
0
0
0
0
0
0
0
0
0
0
0
0
0
0
0
0
0
0
0
0
0
0
0
0
0
0
0
0
0
0
0
0
0
0
0
0
0
0
0
0
0
0
0
0
0
0
0
0
0
0
0
0
0
0
0
0
0
0
0
0
0
0
0
0
0
0
0
0
0
0
0
0
0
0
0
0
0
0
0
0
0
0
0
0
0
0
0
0
0
0
0
0
0
0
0
0
0
0
0
0
0
0
0
0
0
0
0
0
0
0
0
0
0
0
0
0
0
0
0
0
0
0
0
0
0
0
0
0
0
0
0
0
0
0
0
0
0
0
0
0
0
0
0
0
0
0
0
0
0
0
0
0
0
0
0
0
0
0
0
0
0
0
0
0
0
0
0
0
0
0
0
0
0
0
0
0
0
0
0
0
0
0
0
0
0
0
0
0
0
0
0
0
0
0
0
0
0
0
0
0
0
0
0
0
0
0
0
0
0
0
0
0
0
0
0
0
0
0
0
0
0
0
0
0
0
0
0
0
0
0
0
0
0
0
0
0
0
0
0
0
0
0
0
0
0
0
0
0
0
0
0
0
0
0
0
0
0
0
0
0
0
0
0
0
0
0
0
0
0
0
0
0
0
0
0
0
0
0
0
0
0
0
0
0
0
0
0
0
0
0
0
0
0
0
0
0
0
0
0
0
0
0
0
0
0
0
0
0
0
0
0
0
0
0
0
0
0
0
0
0
0
0
0
0
0
0
0
0
0
0
0
0
0
0
0
0
0
0
0
0
0
0
0
0
0
0
0
0
0
0
0
0
0
0
0
0
0
0
0
0
0
0
0
0
0
0
0
4261361
4431814
4602268
4772721
4943175
5113628
5303356
5474512
191859
372948
511361
715873
852268
1022721
1201950
1363628
1534082
1704535
1875011
2045465
2215918
2386372
2583175
2754331
2913175
3102540
3238639
3441134
3579546
3750000
3920454
4090907
9715918
9886372
10056825
10227279
10397732
10568186
10745442
10920091
5639070
5831587
5965918
6167664
6306825
6477279
6645646
6818186
6988639
7159093
7329546
7500000
7670454
7840907
8031633
8212041
8374104
8563878
8693175
8893469
9034082
9204535
9375011
9545465
4261361
4431814
4602268
4772721
4943175
5113628
5303061
5460227
198413
379955
511361
721451
852268
1022721
1221451
1363628
1534082
1704535
1875011
2045465
2215918
2386372
5460227
2724014
2903560
3102789
3238639
3432494
3579546
3750000
3920454
4090907
9715918
9886372
10056825
10227279
10397732
10568186
10758481
10915918
5641361
5827007
5965918
6168889
6306825
6477279
6683583
6818186
6988639
7159093
7329546
7500000
7670454
7840907
8032245
8182721
8359864
8545057
8693175
8882585
9034082
9204535
9375011
9545465
4261361
4431814
4602268
4772721
4943175
5113628
5294286
5455374
163900
366939
511361
712540
852268
1022721
1216667
1363628
1534082
1704535
1875011
2045465
2215918
2386372
2567551
2748549
2904490
3095533
3238639
3422404
3579546
3750000
3920454
4090907
9715918
9886372
10056825
10227279
10397732
10568186
10734626
10916599
5622993
5808390
5965918
6147823
6306825
6477279
6642313
6818186
6988639
7159093
7329546
7500000
7670454
7840907
8013469
8177982
8350045
8542200
8693175
8866054
9034082
9204535
9375011
9545465
4261361
4431814
4602268
4772721
4943175
5113628
5295556
5466054
186032
373084
511361
719478
873415
1022721
1204354
1416628
1534082
1704535
1875011
2045465
2215918
2386372
2566803
2729683
2905488
3075578
3238639
3421293
3593432
3750000
3920454
4090907
9715918
9886372
10056825
10227279
10397732
10568186
10742608
10909229
5635624
5815215
5965918
6146168
6328820
6477279
6637029
6818186
6988639
7159093
7329546
7500000
7670454
7840907
8024104
8199025
8373311
8553583
9087082
8896054
9715918
9204535
9375011
9545465
4261361
4431814
4602268
4772721
4943175
5113628
5284195
5465896
170159
341156
511361
690567
852268
1022721
1190884
1363628
1534082
1704535
1875011
2045465
2215918
2386372
2581043
2746599
2911156
3090816
3238639
3422222
3579546
3750000
3920454
4090907
9715918
9886372
10056825
10227279
10397732
10568186
10734127
10911111
5630884
5796259
5965918
6154422
6306825
6477279
6654195
6818186
6988639
7159093
7329546
7500000
7670454
7840907
8008095
8176304
8353401
8523605
8693175
8865170
9034082
9204535
9375011
9545465
4261361
4431814
4602268
4772721
4943175
5113628
5292653
5464694
176100
356644
511361
702041
852268
1022721
1204966
3579546
1534082
1704535
1875011
2045465
2215918
2386372
2573401
2750204
2907007
3091474
3238639
3408005
3579546
3750000
3920454
4090907
9715918
9886372
10056825
10227279
10397732
10568186
10751973
10921542
5627687
5815420
5965918
6144898
6306825
6477279
6647370
6943743
6988639
7159093
7329546
7500000
7670454
7840907
8012857
8187098
8368095
8552880
8693175
8878639
9034082
9204535
9375011
9545465
4261361
4431814
4602268
4772721
4943175
5113628
5304830
5467574
179456
366757
511361
697415
852268
1022721
1207846
1363628
1534082
1704535
1875011
2045465
2215918
2386372
2549002
2726939
2904875
3084082
3238639
3419819
1378680
3750000
3920454
4090907
9715918
9886372
10056825
10227279
10397732
10568186
10737846
10911202
5632313
5819161
5965918
6158912
6306825
6477279
6663628
6818186
6988639
7159093
7329546
7500000
7670454
7840907
8008345
8174580
8351066
8535896
8693175
8862041
9034082
9204535
9375011
9545465
4261361
4431814
4602268
4772721
4943175
5113628
5298118
5461565
173628
356100
511361
698503
852268
1022721
1199977
1363628
1534082
1704535
1875011
2045465
2215918
2386372
2569274
2724059
2902948
3091791
3238639
3423356
3579546
3750000
3920454
4090907
9715918
9886372
10056825
10227279
10397732
10568186
10745624
10918617
5637105
5804989
5965918
6141406
6306825
6477279
6649274
6818186
6988639
7159093
7329546
7500000
7670454
7840907
8009660
8174263
8357959
8537483
8693175
8869138
9034082
9204535
9375011
9545465
4261361
4431814
4602268
4772721
4943175
5113628
5307029
5474717
171156
365510
511361
693469
852268
1022721
1206259
1363628
1534082
1704535
1875011
2045465
2215918
2386372
2560272
2730794
2909977
3096803
3238639
3425306
3579546
3750000
3920454
4090907
9715918
9886372
10056825
10227279
10397732
10568186
10761610
10924331
5643152
5829592
5965918
6156168
6306825
6477279
6656032
6818186
6988639
7159093
7329546
7500000
7670454
7840907
8042472
8196939
8367075
8555215
8693175
8874853
9034082
9204535
9375011
9545465
4261361
4431814
4602268
4772721
4943175
5113628
5298730
5490159
182993
383832
511361
708639
852268
1022721
1210567
1363628
1534082
1704535
1875011
2045465
2215918
2386372
2580635
2753968
2923878
3107959
3238639
3436213
3579546
3750000
3920454
4090907
9715918
9886372
10056825
10227279
10397732
10568186
10743469
10924014
5655238
5858889
5965918
6175918
9034082
6477279
6667506
6818186
6988639
7159093
7329546
7500000
7670454
7840907
8016168
8195125
8363673
8548549
8693175
8884649
9034082
9204535
9375011
9545465
4261361
4431814
4602268
4772721
4943175
5113628
5302132
5484989
203764
401655
511361
713039
852268
1022721
1211293
1363628
1534082
1704535
1875011
2045465
2215918
2386372
2602290
2775261
2931202
203764
3238639
3432812
3579546
3750000
3920454
4090907
9715918
9886372
10056825
10227279
10397732
10568186
10741973
10921406
5643107
5844626
5965918
6172472
6306825
6477279
6668753
6818186
6988639
7159093
7329546
7500000
7670454
7840907
8048776
8214036
8381270
8586553
8693175
8910680
9034082
9204535
9375011
9545465
0
0
0
0
0
0
0
0
0
0
0
0
0
0
0
0
0
0
0
0
0
0
0
0
0
0
0
0
0
0
0
0
0
0
0
0
0
0
0
0
0
0
0
0
0
0
0
0
0
0
0
0
0
0
0
0
0
0
0
0
0
0
0
0
0
0
0
0
0
0
0
0
0
0
0
0
0
0
0
0
0
0
0
0
0
0
0
0
0
0
0
0
0
0
0
0
0
0
0
0
0
0
0
0
0
0
0
0
0
0
0
0
0
0
0
0
0
0
0
0
0
0
0
0
0
0
0
0
0
0
0
0
0
0
0
0
0
0
0
0
0
0
0
0
0
0
0
0
0
0
0
0
0
0
0
0
0
0
0
0
0
0
0
0
0
0
0
0
0
0
0
0
0
0
0
0
0
0
0
0
0
0
0
0
0
0
0
0
0
0
0
0
0
0
0
0
0
0
0
0
0
0
0
0
0
0
0
0
0
0
0
0
0
0
0
0
0
0
0
0
0
0
0
0
0
0
0
0
0
0
0
0
0
0
0
0
0
0
0
0
0
0
0
0
0
0
0
0
0
0
0
0
0
0
0
0
0
0
0
0
0
0
0
0
0
0
0
0
0
0
0
0
0
0
0
0
0
0
0
0
0
0
0
0
0
0
0
0
0
0
0
0
0
0
0
0
0
0
0
0
0
0
0
0
0
0
0
0
0
0
0
0
0
0
0
0
0
0
0
0
0
0
0
0
0
0
0
0
0
0
0
0
0
0
0
0
0
0
0
0
0
0
0
0
0
0
0
0
0
0
0
0
0
0
0
0
0
0
0
0
0
0
0
0
0
0
0
0
0
0
0
0
0
0
0
0
0
0
0
0
0
0
0
0
0
0
0
0
0
0
0
0
0
0
0
0
0
0
0
0
0
0
0
0
0
0
0
0
0
0
0
0
0
0
0
0
0
0
0
0
0
0
0
0
0
0
0
0
0
0
0
0
0
0
0
0
0
0
0
0
0
0
0
0
0
0
0
0
0
0
0
0
0
0
0
0
0
0
0
0
0
0
0
0
0
0
0
0
0
0
0
0
0
0
0
0
0
0
0
0
0
0
0
0
0
0
0
0
0
0
0
0
0
0
0
0
0
0
0
0
0
0
0
0
0
0
0
0
0
0
0
0
0
0
0
0
0
0
0
0
0
0
0
0
0
0
0
0
0
0
0
0
0
0
0
0
0
0
0
0
0
0
0
0
0
0
0
0
0
0
0
0
0
0
0
0
0
0
0
0
0
0
0
0
0
0
0
0
0
0
0
0
0
0
0
0
0
0
0
0
0
0
174
249
464
430
67
414
55
1
489
63
1
1
1
0
0
0
70
285
763
531
56
456
63
1
0
0
0
0
0
0
0
0
254
288
600
408
58
475
68
1
477
61
1
1
0
0
0
0
275
292
704
524
70
485
73
1
0
0
0
0
0
0
0
0
140
157
413
235
48
398
68
1
390
94
1
0
0
0
1
1
139
189
350
341
45
447
72
1
0
0
0
0
0
0
0
0
211
169
426
313
61
392
65
1
392
79
1
1
0
0
0
0
199
211
438
274
42
374
70
1
1
0
0
0
0
0
0
0
90
122
458
148
1
267
5
0
327
32
1
0
0
0
0
0
192
136
148
131
1
148
27
0
0
0
0
0
0
0
0
0
34
115
448
343
11
457
2
0
365
31
1
0
0
0
0
0
113
110
343
171
4
398
15
0
0
0
1
1
1
0
2
1
177
150
446
262
6
313
16
1
368
26
2
1
2
0
1
1
190
142
423
210
14
317
20
1
1
0
1
0
0
0
0
0
159
148
435
197
8
312
14
0
371
27
1
1
1
0
1
0
202
117
394
228
13
283
11
1
1
0
0
0
0
0
0
0
186
184
550
302
1
440
1
0
489
3
1
0
0
0
0
1
229
165
527
256
2
460
1
0
0
0
0
1
0
0
0
0
228
171
566
268
1
403
1
1
469
1
0
0
0
0
0
0
224
167
460
334
2
567
1
0
0
0
0
0
0
0
0
0
380
230
1438
940
1
791
1
1
1077
1
0
0
0
0
0
0
244
273
1527
730
1
1077
1
0
0
0
0
0
0
0
0
1
318
273
1557
803
1
953
1
1
1299
1
0
0
0
0
0
0
240
215
1138
662
1
942
1
0
0
0
0
0
0
0
0
1
360
431
1676
1037
9
1384
4
1
1381
21
0
0
0
0
0
1
411
344
1935
1182
2
1673
2
0
0
0
0
0
0
0
0
1
478
464
1973
1306
2
1800
0
0
1540
1
1
0
0
0
0
1
347
528
1824
1683
1
1446
1
0
1
0
0
0
0
0
0
0
365
448
1431
1219
2
1206
28
0
1242
20
0
0
0
0
0
1
492
669
1609
1276
3
1183
2
0
0
0
0
0
0
0
0
0
172
501
1350
1182
8
1232
2
0
1360
33
0
0
0
0
0
0
424
265
1437
1322
1
1319
1
0
0
0
0
0
0
0
0
0
484
325
1783
1197
0
1602
2
0
1920
11
1
0
0
0
0
0
412
365
2080
1587
2
1812
3
0
0
0
0
0
0
0
0
1
403
383
2792
1510
1
1819
2
0
1984
18
0
0
0
0
1
0
430
337
1827
1539
1
1438
3
0
0
0
0
0
0
0
0
1
318
340
1693
1338
1
1372
1
1
1181
5
0
0
0
0
0
0
297
264
1280
1233
1
1642
2
0
0
0
0
0
0
0
4
0
298
401
1644
1467
1
1148
1
0
1746
19
0
0
0
0
0
1
183
335
2029
2224
1
1856
28
0
0
0
0
0
0
0
0
0
299
427
2605
1674
0
2496
0
0
2079
1
0
0
0
0
0
0
455
438
2693
1934
0
2501
1
0
0
0
0
0
0
0
0
0
270
451
2194
1643
1
2394
1
1
2367
1
0
0
0
0
0
0
367
357
2473
2240
1
2410
1
0
0
0
0
0
0
0
0
0
0
0
0
0
0
0
0
0
0
0
0
0
0
0
0
0
0
0
0
0
0
0
0
0
0
0
0
0
0
0
0
0
0
0
0
0
0
0
0
0
0
0
0
0
0
0
0
0
0
0
0
0
0
0
0
0
0
0
0
0
0
0
0
0
0
0
0
0
0
0
0
0
0
0
0
0
0
0
0
0
0
0
0
0
0
0
0
0
0
0
0
0
0
0
0
0
0
0
0
0
0
0
0
0
0
0
0
0
0
0
0
0
0
0
0
0
0
0
0
0
0
0
0
0
0
0
0
0
0
0
0
0
0
0
0
0
0
0
0
0
0
0
0
0
0
0
0
0
0
0
0
0
0
0
0
0
0
0
0
0
0
0
0
0
0
0
0
0
0
0
0
0
0
0
0
0
0
0
0
0
0
0
0
0
0
0
0
0
0
0
0
0
0
0
0
0
0
0
0
0
0
0
0
0
0
0
0
0
0
0
0
0
0
0
0
0
0
0
0
0
0
0
0
0
0
0
0
0
0
0
0
0
0
0
0
0
0
0
0
0
0
0
0
0
0
0
0
0
0
0
0
0
0
0
0
0
0
0
0
0
0
0
0
0
0
0
0
0
0
0
0
0
0
0
0
0
0
0
0
0
0
0
0
0
0
0
0
0
0
0
0
0
0
0
0
0
0
0
0
0
0
0
0
0
0
0
0
0
0
0
0
0
0
0
0
0
0
0
0
0
0
0
0
0
0
0
0
0
0
0
0
0
0
0
0
0
0
0
0
0
0
0
0
0
0
0
0
0
0
0
0
0
0
0
0
0
0
0
0
0
0
0
0
0
0
0
0
0
0
0
0
0
0
0
0
0
0
0
0
0
0
0
0
0
0
0
0
0
0
0
0
0
0
0
0
0
0
0
0
0
0
0
0
0
0
0
0
0
0
0
0
0
0
0
0
0
0
0
0
0
0
0
0
0
0
0
0
0
0
0
0
0
0
0
0
0
0
0
0
0
0
0
0
0
0
0
0
0
0
0
0
0
0
0
0
0
0
0
0
0
0
0
0
0
0
0
0
0
0
0
0
0
0
0
0
0
0
0
0
0
0
0
0
0
0
0
0
0
0
0
0
0
0
0
0
0
0
0
0
0
0
0
0
0
0
0
0
0
0
0
0
0
0
0
0
0
0
0
0
0
0
0
0
0
0
0
0
0
0
0
0
0
0
0
0
0
0
0
0
0
0
0
0
0
0
0
0
0
0
0
0
0
0
0
0
0
0
0
0
0
0
0
0
0
0
0
0
0
0
0
0
0
0
0
0
0
112
157
312
272
35
331
52
1
343
39
1
1
0
0
0
0
67
125
273
288
49
312
45
1
0
0
0
0
0
0
0
0
76
94
317
274
30
289
45
1
303
34
1
0
1
0
0
0
92
112
314
247
41
293
39
1
1
0
0
0
0
0
0
0
117
86
268
298
49
303
48
2
348
52
2
1
1
0
0
1
86
150
282
257
30
296
41
2
1
0
0
0
0
0
1
0
240
100
347
279
44
308
44
3
350
50
3
1
0
0
0
1
108
146
333
271
25
328
46
2
1
0
0
0
0
0
0
0
232
127
375
227
25
349
57
1
366
49
1
0
1
0
0
0
71
128
457
247
31
424
52
1
1
0
0
0
0
0
0
0
248
140
546
201
5
469
47
1
314
40
1
1
0
0
0
0
133
83
518
266
5
406
37
1
1
0
0
0
1
1
2
1
125
165
593
203
24
528
75
1
530
51
1
1
1
0
1
1
77
65
543
213
14
497
62
1
1
0
1
0
0
0
1
0
128
126
580
171
18
444
46
1
538
52
1
1
1
1
1
0
205
129
606
230
28
562
75
1
1
0
1
1
1
0
3
1
181
185
760
358
10
524
37
1
683
42
1
1
2
1
3
1
207
166
778
334
3
369
32
1
1
1
3
1
1
1
1
1
206
254
790
324
3
361
32
1
781
19
3
1
2
1
4
1
164
178
770
400
4
488
28
0
1
1
0
0
1
0
1
0
391
266
1425
571
22
828
17
1
1285
53
1
1
1
0
1
0
568
255
1286
527
10
789
23
1
1
0
0
1
1
0
1
0
354
245
1259
626
23
791
25
1
1287
78
1
1
1
1
1
0
408
282
1441
574
26
871
43
1
0
1
1
1
1
1
1
2
405
310
1745
890
30
1170
38
1
1597
69
2
1
1
1
1
2
363
303
1502
681
10
1132
52
1
1
0
1
0
1
0
1
0
290
385
1652
774
5
1295
11
2
1542
24
0
1
1
0
1
0
440
243
1686
927
3
1095
3
1
1
1
0
0
0
0
0
0
157
250
1613
757
10
1350
14
0
1657
5
1
0
0
0
0
0
264
233
1205
1023
30
1268
43
0
0
0
0
0
0
0
0
0
242
318
1224
1008
3
1187
12
0
1687
6
1
0
0
0
0
0
267
172
1633
1002
6
1313
12
0
0
0
0
0
0
0
0
0
489
358
1645
786
1
1049
3
0
2058
5
1
0
0
0
0
0
465
301
1621
1133
1
981
4
0
0
0
0
0
0
0
0
0
400
306
1702
986
2
1112
5
1
1321
3
0
0
0
0
0
0
304
209
1537
687
3
937
2
0
0
0
0
0
0
0
0
0
384
318
2189
768
1
2240
20
1
2316
7
1
0
0
0
0
0
497
237
1902
1160
2
2074
21
1
0
0
0
0
0
0
0
0
238
205
1934
931
12
2286
89
1
1961
20
1
0
0
0
0
0
395
187
1595
1020
1
2118
16
1
0
0
0
0
0
0
0
0
91
69
1411
838
18
976
31
1
1483
17
1
0
0
0
0
0
155
194
1947
1411
11
1684
54
1
0
0
0
0
0
0
0
0
307
171
1490
1017
35
1430
30
1
1635
32
1
0
0
0
0
0
206
110
1977
1078
26
2005
129
1
0
0
0
0
0
0
0
0
0
0
0
0
0
0
0
0
0
0
0
0
0
0
0
0
0
0
0
0
0
0
0
0
0
0
0
0
0
0
0
0
0
0
0
0
0
0
0
0
0
0
0
0
0
0
0
0
0
0
0
0
0
0
0
0
0
0
0
0
0
0
0
0
0
0
0
0
0
0
0
0
0
0
0
0
0
0
0
0
0
0
0
0
0
0
0
0
0
0
0
0
0
0
0
0
0
0
0
0
0
0
0
0
0
0
0
0
0
0
0
0
0
0
0
0
0
0
0
0
0
0
0
0
0
0
0
0
0
0
0
0
0
0
0
0
0
0
0
0
0
0
0
0
0
0
0
0
0
0
0
0
0
0
0
0
0
0
0
0
0
0
0
0
0
0
0
0
0
0
0
0
0
0
0
0
0
0
0
0
0
0
0
0
0
0
0
0
0
0
0
0
0
0
0
0
0
0
0
0
0
0
0
0
0
0
0
0
0
0
0
0
0
0
0
0
0
0
0
0
0
0
0
0
0
0
0
0
0
0
0
0
0
0
0
0
0
0
0
0
0
0
0
0
0
0
0
0
0
0
0
0
0
0
0
0
0
0
0
0
0
0
0
0
0
0
0
0
0
0
0
0
0
0
0
0
0
0
0
0
0
0
0
0
0
0
0
0
0
0
0
0
0
0
0
0
0
0
0
0
0
0
0
0
0
0
0
0
0
0
0
0
0
0
0
0
0
0
0
0
0
0
0
0
0
0
0
0
0
0
0
0
0
0
0
0
0
0
0
0
0
0
0
0
0
0
0
0
0
0
0
0
0
0
0
0
0
0
0
0
0
0
0
0
0
0
0
0
0
0
0
0
0
0
0
0
0
0
0
0
0
0
0
0
0
0
0
0
0
0
0
0
0
0
0
0
0
0
0
0
0
0
0
0
0
0
0
0
0
0
0
0
0
0
0
0
0
0
0
0
0
0
0
0
0
0
0
0
0
0
0
0
0
0
0
0
0
0
0
0
0
0
0
0
0
0
0
0
0
0
0
0
0
0
0
0
0
0
0
0
0
0
0
0
0
0
0
0
0
0
0
0
0
0
0
0
0
0
0
0
0
0
0
0
0
0
0
0
0
0
0
0
0
0
0
0
0
0
0
0
0
0
0
0
0
0
0
0
0
0
0
0
0
0
0
0
0
0
0
0
0
0
0
0
0
0
0
0
0
0
0
0
0
0
0
0
0
0
0
0
0
0
0
0
0
0
0
0
0
0
0
0
0
0
0
0
0
0
0
0
0
0
0
0
0
0
0
0
0
0
46
20
20
20
46
20
46
46
20
20
46
20
46
20
20
46
20
20
20
20
46
20
46
46
20
20
46
20
46
20
20
20
46
20
20
20
46
20
46
46
20
20
46
20
46
20
20
46
20
20
20
20
46
20
46
46
20
20
46
20
46
20
20
20
46
46
46
46
46
46
46
46
46
46
46
46
46
46
46
46
46
46
46
46
46
46
46
46
46
46
46
46
46
46
46
46
46
46
46
46
46
46
46
46
46
46
46
46
46
46
46
46
46
46
46
46
46
46
46
46
46
46
46
46
46
46
46
46
46
46
46
46
46
46
46
46
46
46
46
46
46
46
46
46
46
46
46
46
46
46
46
46
46
46
46
46
46
46
46
46
46
46
46
46
46
46
46
46
46
46
46
46
46
46
46
46
46
46
46
46
46
46
46
46
46
46
46
46
46
46
46
46
46
46
46
46
46
46
46
46
46
46
46
46
46
46
46
46
46
46
46
46
46
46
46
46
46
46
46
46
46
46
46
46
46
46
46
46
46
46
46
46
46
46
46
46
46
46
46
46
46
46
46
46
46
46
46
46
46
46
46
46
46
46
46
46
46
46
46
46
46
46
46
46
46
46
46
46
46
46
46
46
46
46
46
46
46
46
46
46
46
46
46
46
46
46
46
46
46
46
46
46
46
46
46
46
46
46
46
46
46
46
46
46
46
46
46
46
46
46
46
46
46
46
46
46
46
46
46
46
46
46
46
46
46
46
46
46
46
46
46
46
46
46
46
46
46
46
46
46
46
46
46
46
46
46
46
46
46
46
46
46
46
46
46
46
46
46
46
46
46
46
46
46
46
46
46
46
46
46
46
46
46
46
46
46
46
46
46
46
46
46
46
46
46
46
46
46
46
46
46
46
46
46
46
46
46
46
46
46
46
46
46
46
46
46
46
46
46
46
46
46
46
46
46
46
46
46
46
46
46
46
46
46
46
46
46
46
46
46
46
46
46
46
46
46
46
46
46
46
46
46
46
46
46
46
46
46
46
46
46
46
46
46
46
46
46
46
46
46
46
46
46
46
46
46
46
46
46
46
46
46
46
46
46
46
46
46
46
46
46
46
46
46
46
46
46
46
46
46
46
46
46
46
46
46
46
46
46
46
46
46
46
46
46
46
46
46
46
46
46
46
46
46
46
46
46
46
46
46
46
46
46
46
46
46
46
46
46
46
46
46
46
46
46
46
46
46
46
46
46
46
46
46
46
46
46
46
46
46
46
46
46
46
46
46
46
46
46
46
46
46
46
46
46
46
46
46
46
46
46
46
46
46
46
46
46
46
46
46
46
46
46
46
46
46
46
46
46
46
46
46
46
46
46
46
46
46
46
46
46
46
46
46
46
46
46
46
46
46
46
46
46
46
46
46
46
46
46
46
46
46
46
46
46
46
46
46
46
46
46
46
46
46
46
46
46
46
46
46
46
46
46
46
46
46
46
46
46
46
46
46
46
46
46
46
46
46
46
46
46
46
46
46
46
46
46
46
46
46
46
46
46
46
46
46
46
46
46
46
46
46
46
46
46
46
46
46
46
46
46
46
46
46
46
46
46
46
46
46
46
46
46
46
46
20
20
20
46
20
46
46
20
20
46
20
46
20
20
46
20
20
20
20
46
20
46
46
20
20
46
20
46
20
20
20
46
46
46
46
46
46
46
46
46
46
46
46
46
46
46
46
46
46
46
46
46
46
46
46
46
46
46
46
46
46
46
46
46
46
46
46
46
46
46
46
46
46
46
46
46
46
46
46
46
46
46
46
46
46
46
46
46
46
46
46
46
46
46
46
46
46
46
46
46
46
46
46
46
46
46
46
46
46
46
46
46
46
46
46
46
46
46
46
46
46
46
46
46
46
46
46
46
46
46
46
46
46
46
46
46
46
46
46
46
46
46
46
46
46
46
46
46
46
46
46
46
46
46
46
46
46
46
46
46
46
46
46
46
46
46
46
46
46
46
46
46
46
46
46
46
46
46
46
46
46
46
46
46
46
46
46
46
46
46
46
46
46
46
46
46
46
46
46
46
46
46
46
46
46
46
46
46
46
46
46
46
46
46
46
46
46
46
46
46
46
46
46
46
46
46
46
46
46
46
46
46
46
46
46
46
46
46
46
46
46
46
46
46
46
46
46
46
46
46
46
46
46
46
46
46
46
46
46
46
46
46
46
46
46
46
46
46
46
46
46
46
46
46
46
46
46
46
46
46
46
46
46
46
46
46
46
46
46
46
46
46
46
46
46
46
46
46
46
46
46
46
46
46
46
46
46
46
46
46
46
46
46
46
46
46
46
46
46
46
46
46
46
46
46
46
46
46
46
46
46
46
46
46
46
46
46
46
46
46
46
46
46
46
46
46
46
46
46
46
46
46
46
46
46
46
46
46
46
46
46
46
46
46
46
46
46
46
46
46
46
46
46
46
46
46
46
46
46
46
46
46
46
46
46
46
46
46
46
46
46
46
46
46
46
46
46
46
46
46
46
46
46
46
46
46
46
46
46
46
46
46
46
46
46
46
46
46
46
46
46
46
46
46
46
46
46
46
46
46
46
46
46
46
46
46
46
46
46
46
46
46
46
46
46
46
46
46
46
46
46
46
46
46
46
46
46
46
46
46
46
46
46
46
46
46
46
46
46
46
46
46
46
46
46
46
46
46
46
46
46
46
46
46
46
46
46
46
46
46
46
46
46
46
46
46
46
46
46
46
46
46
46
46
46
46
46
46
46
46
46
46
46
46
46
46
46
46
46
46
46
46
46
46
46
46
46
46
46
46
46
46
46
46
46
46
46
46
46
46
46
46
46
46
46
46
46
46
46
46
46
46
46
46
46
46
46
46
46
46
46
46
46
46
46
46
46
46
46
46
46
46
46
46
46
46
46
46
46
46
46
46
46
46
46
46
46
46
46
46
46
46
46
46
46
46
46
46
46
46
46
46
46
46
46
46
46
46
46
46
46
46
46
46
46
46
46
46
46
46
46
46
46
46
46
46
46
46
46
46
46
46
46
46
46
46
46
46
46
46
46
46
46
46
46
46
46
46
46
46
46
46
46
46
46
46
46
46
46
46
46
46
46
46
46
46
46
46
46
46
46
46
20
20
20
46
20
46
46
20
20
46
20
46
20
20
46
20
20
20
20
46
20
46
46
20
20
46
20
46
20
20
20
46
20
20
20
46
20
46
46
20
20
46
20
46
20
20
46
20
20
20
20
46
20
46
46
20
20
46
20
46
20
20
20
46
46
46
46
46
46
46
46
46
46
46
46
46
46
46
46
46
46
46
46
46
46
46
46
46
46
46
46
46
46
46
46
46
46
46
46
46
46
46
46
46
46
46
46
46
46
46
46
46
46
46
46
46
46
46
46
46
46
46
46
46
46
46
46
46
46
46
46
46
46
46
46
46
46
46
46
46
46
46
46
46
46
46
46
46
46
46
46
46
46
46
46
46
46
46
46
46
46
46
46
46
46
46
46
46
46
46
46
46
46
46
46
46
46
46
46
46
46
46
46
46
46
46
46
46
46
46
46
46
46
46
46
46
46
46
46
46
46
46
46
46
46
46
46
46
46
46
46
46
46
46
46
46
46
46
46
46
46
46
46
46
46
46
46
46
46
46
46
46
46
46
46
46
46
46
46
46
46
46
46
46
46
46
46
46
46
46
46
46
46
46
46
46
46
46
46
46
46
46
46
46
46
46
46
46
46
46
46
46
46
46
46
46
46
46
46
46
46
46
46
46
46
46
46
46
46
46
46
46
46
46
46
46
46
46
46
46
46
46
46
46
46
46
46
46
46
46
46
46
46
46
46
46
46
46
46
46
46
46
46
46
46
46
46
46
46
46
46
46
46
46
46
46
46
46
46
46
46
46
46
46
46
46
46
46
46
46
46
46
46
46
46
46
46
46
46
46
46
46
46
46
46
46
46
46
46
46
46
46
46
46
46
46
46
46
46
46
46
46
46
46
46
46
46
46
46
46
46
46
46
46
46
46
46
46
46
46
46
46
46
46
46
46
46
46
46
46
46
46
46
46
46
46
46
46
46
46
46
46
46
46
46
46
46
46
46
46
46
46
46
46
46
46
46
46
46
46
46
46
46
46
46
46
46
46
46
46
46
46
46
46
46
46
46
46
46
46
46
46
46
46
46
46
46
46
46
46
46
46
46
46
46
46
46
46
46
46
46
46
46
46
46
46
46
46
46
46
46
46
46
46
46
46
46
46
46
46
46
46
46
46
46
46
46
46
46
46
46
46
46
46
46
46
46
46
46
46
46
46
46
46
46
46
46
46
46
46
46
46
46
46
46
46
46
46
46
46
46
46
46
46
46
46
46
46
46
46
46
46
46
46
46
46
46
46
46
46
46
46
46
46
46
46
46
46
46
46
46
46
46
46
46
46
46
46
46
46
46
46
46
46
46
46
46
46
46
46
46
46
46
46
46
46
46
46
46
46
46
46
46
46
46
46
46
46
46
46
46
46
46
46
46
46
46
46
46
46
46
46
46
46
46
46
46
46
46
46
46
46
46
46
46
46
46
46
46
46
46
46
46
46
46
46
46
46
46
46
46
46
46
46
46
46
46
46
46
46
46
46
46
46
46
46
46
46
46
46
46
46
46
46
46
46
46
46
46
46
46
46
46
46
46
46
46
46
46
46
46
46
46
46
46
46
46
46
46
46
46
46
46
46
20
20
20
46
20
46
46
20
20
46
20
46
20
20
46
20
20
20
20
46
20
46
46
20
20
46
20
46
20
20
20
46
20
20
20
46
20
46
46
20
20
46
20
46
20
20
46
20
20
20
20
46
20
46
46
20
20
46
20
46
20
20
20
46
46
46
46
46
46
46
46
46
46
46
46
46
46
46
46
46
46
46
46
46
46
46
46
46
46
46
46
46
46
46
46
46
46
46
46
46
46
46
46
46
46
46
46
46
46
46
46
46
46
46
46
46
46
46
46
46
46
46
46
46
46
46
46
46
46
46
46
46
46
46
46
46
46
46
46
46
46
46
46
46
46
46
46
46
46
46
46
46
46
46
46
46
46
46
46
46
46
46
46
46
46
46
46
46
46
46
46
46
46
46
46
46
46
46
46
46
46
46
46
46
46
46
46
46
46
46
46
46
46
46
46
46
46
46
46
46
46
46
46
46
46
46
46
46
46
46
46
46
46
46
46
46
46
46
46
46
46
46
46
46
46
46
46
46
46
46
46
46
46
46
46
46
46
46
46
46
46
46
46
46
46
46
46
46
46
46
46
46
46
46
46
46
46
46
46
46
46
46
46
46
46
46
46
46
46
46
46
46
46
46
46
46
46
46
46
46
46
46
46
46
46
46
46
46
46
46
46
46
46
46
46
46
46
46
46
46
46
46
46
46
46
46
46
46
46
46
46
46
46
46
46
46
46
46
46
46
46
46
46
46
46
46
46
46
46
46
46
46
46
46
46
46
46
46
46
46
46
46
46
46
46
46
46
46
46
46
46
46
46
46
46
46
46
46
46
46
46
46
46
46
46
46
46
46
46
46
46
46
46
46
46
46
46
46
46
46
46
46
46
46
46
46
46
46
46
46
46
46
46
46
46
46
46
46
46
46
46
46
46
46
46
46
46
46
46
46
46
46
46
46
46
46
46
46
46
46
46
46
46
46
46
46
46
46
46
46
46
46
46
46
46
46
46
46
46
46
46
46
46
46
46
46
46
46
46
46
46
46
46
46
46
46
46
46
46
46
46
46
46
46
46
46
46
46
46
46
46
46
46
46
46
46
46
46
46
46
46
46
46
46
46
46
46
46
46
46
46
46
46
46
46
46
46
46
46
46
46
46
46
46
46
46
46
46
46
46
46
46
46
46
46
46
46
46
46
46
46
46
46
46
46
46
46
46
46
46
46
46
46
46
46
46
46
46
46
46
46
46
46
46
46
46
46
46
46
46
46
46
46
46
46
46
46
46
46
46
46
46
46
46
46
46
46
46
46
46
46
46
46
46
46
46
46
46
46
46
46
46
46
46
46
46
46
46
46
46
46
46
46
46
46
46
46
46
46
46
46
46
46
46
46
46
46
46
46
46
46
46
46
46
46
46
46
46
46
46
46
46
46
46
46
46
46
46
46
46
46
46
46
46
46
46
46
46
46
46
46
46
46
46
46
46
46
46
46
46
46
46
46
46
46
46
46
46
46
46
46
46
46
46
46
46
46
46
46
46
46
46
46
46
46
46
46
46
46
46
46
46
46
46
46
46
46
46
46
46
46
46
46
46
46
46
46
46
46
46
46
46
46
46
20
20
20
46
20
46
46
20
20
46
20
46
20
20
46
20
20
20
20
46
20
46
46
20
20
46
20
46
20
20
20
46
20
20
20
46
20
46
46
20
20
46
20
46
20
20
46
20
20
20
20
46
20
46
46
20
20
46
20
46
20
20
20
46
46
46
46
46
46
46
46
46
46
46
46
46
46
46
46
46
46
46
46
46
46
46
46
46
46
46
46
46
46
46
46
46
46
46
46
46
46
46
46
46
46
46
46
46
46
46
46
46
46
46
46
46
46
46
46
46
46
46
46
46
46
46
46
46
46
46
46
46
46
46
46
46
46
46
46
46
46
46
46
46
46
46
46
46
46
46
46
46
46
46
46
46
46
46
46
46
46
46
46
46
46
46
46
46
46
46
46
46
46
46
46
46
46
46
46
46
46
46
46
46
46
46
46
46
46
46
46
46
46
46
46
46
46
46
46
46
46
46
46
46
46
46
46
46
46
46
46
46
46
46
46
46
46
46
46
46
46
46
46
46
46
46
46
46
46
46
46
46
46
46
46
46
46
46
46
46
46
46
46
46
46
46
46
46
46
46
46
46
46
46
46
46
46
46
46
46
46
46
46
46
46
46
46
46
46
46
46
46
46
46
46
46
46
46
46
46
46
46
46
46
46
46
46
46
46
46
46
46
46
46
46
46
46
46
46
46
46
46
46
46
46
46
46
46
46
46
46
46
46
46
46
46
46
46
46
46
46
46
46
46
46
46
46
46
46
46
46
46
46
46
46
46
46
46
46
46
46
46
46
46
46
46
46
46
46
46
46
46
46
46
46
46
46
46
46
46
46
46
46
46
46
46
46
46
46
46
46
46
46
46
46
46
46
46
46
46
46
46
46
46
46
46
46
46
46
46
46
46
46
46
46
46
46
46
46
46
46
46
46
46
46
46
46
46
46
46
46
46
46
46
46
46
46
46
46
46
46
46
46
46
46
46
46
46
46
46
46
46
46
46
46
46
46
46
46
46
46
46
46
46
46
46
46
46
46
46
46
46
46
46
46
46
46
46
46
46
46
46
46
46
46
46
46
46
46
46
46
46
46
46
46
46
46
46
46
46
46
46
46
46
46
46
46
46
46
46
46
46
46
46
46
46
46
46
46
46
46
46
46
46
46
46
46
46
46
46
46
46
46
46
46
46
46
46
46
46
46
46
46
46
46
46
46
46
46
46
46
46
46
46
46
46
46
46
46
46
46
46
46
46
46
46
46
46
46
46
46
46
46
46
46
46
46
46
46
46
46
46
46
46
46
46
46
46
46
46
46
46
46
46
46
46
46
46
46
46
46
46
46
46
46
46
46
46
46
46
46
46
46
46
46
46
46
46
46
46
46
46
46
46
46
46
46
46
46
46
46
46
46
46
46
46
46
46
46
46
46
46
46
46
46
46
46
46
46
46
46
46
46
46
46
46
46
46
46
46
46
46
46
46
46
46
46
46
46
46
46
46
46
46
46
46
46
46
46
46
46
46
46
46
46
46
46
46
46
46
46
46
46
46
46
46
46
46
46
46
46
46
46
46
46
46
46
46
46
46
46
46
46
46
46
46
46
46
46
46
46
46
46
46
20
20
20
46
20
46
46
20
20
46
20
46
20
20
46
20
20
20
20
46
20
46
46
20
20
46
20
46
20
20
20
46
20
20
20
46
20
46
46
20
20
46
20
46
20
20
46
20
20
20
20
46
20
46
46
20
20
46
20
46
20
20
20
46
46
46
46
46
46
46
46
46
46
46
46
46
46
46
46
46
46
46
46
46
46
46
46
46
46
46
46
46
46
46
46
46
46
46
46
46
46
46
46
46
46
46
46
46
46
46
46
46
46
46
46
46
46
46
46
46
46
46
46
46
46
46
46
46
46
46
46
46
46
46
46
46
46
46
46
46
46
46
46
46
46
46
46
46
46
46
46
46
46
46
46
46
46
46
46
46
46
46
46
46
46
46
46
46
46
46
46
46
46
46
46
46
46
46
46
46
46
46
46
46
46
46
46
46
46
46
46
46
46
46
46
46
46
46
46
46
46
46
46
46
46
46
46
46
46
46
46
46
46
46
46
46
46
46
46
46
46
46
46
46
46
46
46
46
46
46
46
46
46
46
46
46
46
46
46
46
46
46
46
46
46
46
46
46
46
46
46
46
46
46
46
46
46
46
46
46
46
46
46
46
46
46
46
46
46
46
46
46
46
46
46
46
46
46
46
46
46
46
46
46
46
46
46
46
46
46
46
46
46
46
46
46
46
46
46
46
46
46
46
46
46
46
46
46
46
46
46
46
46
46
46
46
46
46
46
46
46
46
46
46
46
46
46
46
46
46
46
46
46
46
46
46
46
46
46
46
46
46
46
46
46
46
46
46
46
46
46
0
0
0
0
0
0
0
0
0
0
0
0
0
0
0
0
0
0
0
0
0
0
0
0
0
0
0
0
0
0
0
0
0
0
0
0
0
0
0
0
0
0
0
0
0
0
0
0
0
0
0
0
0
0
0
0
0
0
0
0
0
0
0
0
0
0
0
0
0
0
0
0
1
1
0
1
0
0
1
0
0
0
0
0
0
0
0
0
1
1
0
1
0
0
0
0
27
25
25
25
27
25
27
27
2
2
27
2
27
25
2
27
25
25
25
25
27
25
27
27
2
2
27
2
27
25
25
25
0
0
0
0
0
0
0
0
0
0
0
0
0
0
0
0
0
0
0
0
0
0
0
0
0
0
0
0
0
0
0
0
0
0
0
0
0
0
0
0
0
0
0
0
0
0
0
0
0
0
0
0
0
0
0
0
0
0
0
0
0
0
0
0
0
0
0
0
0
0
0
0
0
0
0
0
0
0
0
0
0
0
0
0
0
0
0
0
0
0
0
0
0
0
0
0
0
0
0
0
0
0
0
0
0
0
0
0
0
0
0
0
0
0
0
0
0
0
0
0
0
0
0
0
0
0
0
0
0
0
0
0
0
0
0
0
0
0
0
0
0
0
0
0
0
0
0
0
0
0
0
0
0
0
0
0
0
0
0
0
0
0
0
0
0
0
0
0
0
0
0
0
0
0
0
0
0
0
0
0
0
0
0
0
0
0
0
0
0
0
0
0
0
0
0
0
0
0
0
0
0
0
0
0
0
0
0
0
0
0
0
0
0
0
0
0
0
0
0
0
0
0
0
0
0
0
0
0
0
0
0
0
0
0
0
0
0
0
0
0
0
0
0
0
0
0
0
0
0
0
0
0
0
0
0
0
-1
0
0
0
-1
0
-1
-1
0
0
-1
0
-1
0
0
-1
0
0
0
0
-1
0
-1
-1
0
0
-1
0
-1
0
0
0
-1
-1
-1
-1
-1
-1
-1
-1
-1
-1
-1
-1
-1
-1
-1
-1
-1
-1
-1
-1
-1
-1
-1
-1
-1
-1
-1
-1
-1
-1
-1
-1
0
0
0
0
0
0
0
0
0
0
0
0
0
0
0
0
0
0
0
0
0
0
0
0
0
0
0
0
0
0
0
0
0
0
0
0
0
0
0
0
0
0
0
0
0
0
0
0
0
0
0
0
0
0
0
0
0
0
0
0
0
0
0
0
0
0
0
0
0
0
0
0
0
0
0
0
0
0
0
0
0
0
0
0
0
0
0
0
0
0
0
0
0
0
0
0
0
0
0
0
0
0
0
0
0
0
0
0
0
0
0
0
0
0
0
0
0
0
0
0
0
0
0
0
0
0
0
0
0
0
0
0
0
0
0
0
0
0
0
0
0
0
0
0
0
0
0
0
0
0
0
0
0
0
0
0
0
0
0
0
0
0
0
0
0
0
0
0
0
0
0
0
0
0
0
0
0
0
0
0
0
0
0
0
0
0
0
0
0
0
0
0
0
0
0
0
0
0
0
0
0
0
0
0
0
0
0
0
0
0
0
0
0
0
0
0
0
0
0
0
0
0
0
0
0
0
0
0
0
0
0
0
0
0
0
0
0
0
0
0
0
0
0
0
0
0
0
0
0
0
0
0
0
0
0
0
0
0
0
0
0
0
0
0
0
0
0
0
0
0
0
0
0
0
0
0
0
0
0
0
0
0
0
0
0
0
0
0
0
0
0
0
0
0
0
0
0
0
0
0
0
0
0
0
0
0
0
0
0
0
0
0
0
0
0
0
0
0
0
0
0
0
0
0
0
0
0
0
0
0
0
0
0
0
0
0
0
0
0
0
0
0
0
0
0
0
0
0
0
0
0
0
0
0
0
0
0
0
0
0
0
0
0
0
0
0
0
0
0
0
0
0
0
0
0
0
0
0
0
0
0
0
0
0
6
6
6
6
6
6
6
6
6
6
6
6
6
6
6
6
6
6
6
6
6
6
6
6
6
6
6
6
6
6
6
6
0
0
0
0
0
0
0
0
0
0
0
0
0
0
0
0
0
0
0
0
0
0
0
0
0
0
0
0
0
0
0
0
6
6
6
6
6
6
6
6
6
6
6
6
6
6
6
6
6
6
6
6
6
6
6
6
6
6
6
6
6
6
6
6
0
0
0
0
0
0
0
0
0
0
0
0
0
0
0
0
0
0
0
0
0
0
0
0
0
0
0
0
0
0
0
0
6
6
6
6
6
6
6
6
6
6
6
6
6
6
6
6
6
6
6
6
6
6
6
6
6
6
6
6
6
6
6
6
0
0
0
0
0
0
0
0
0
0
0
0
0
0
0
0
0
0
0
0
0
0
0
0
0
0
0
0
0
0
0
0
6
6
6
6
6
6
6
6
6
6
6
6
6
6
6
6
6
6
6
6
6
6
6
6
6
6
6
6
6
6
6
6
0
0
0
0
0
0
0
0
0
0
0
0
0
0
0
0
0
0
0
0
0
0
0
0
0
0
0
0
0
0
0
0
6
6
6
6
6
6
6
6
6
6
6
6
6
6
6
6
6
6
6
6
6
6
6
6
6
6
6
6
6
6
6
6
0
0
0
0
0
0
0
0
0
0
0
0
0
0
0
0
0
0
0
0
0
0
0
0
0
0
0
0
0
0
0
0
6
6
6
6
6
6
6
6
6
6
6
6
6
6
6
6
6
6
6
6
6
6
6
6
6
6
6
6
6
6
6
6
0
0
0
0
0
0
0
0
0
0
0
0
0
0
0
0
0
0
0
0
0
0
0
0
0
0
0
0
0
0
0
0
0
0
0
0
0
0
0
0
0
0
0
0
0
0
0
0
0
0
0
0
0
0
0
0
0
0
0
0
0
0
0
0
0
0
0
0
0
0
0
0
0
0
0
0
0
0
0
0
0
0
0
0
0
0
0
0
0
0
0
0
0
0
0
0
6
6
6
6
6
6
6
6
6
6
6
6
6
6
6
6
6
6
6
6
6
6
6
6
6
6
6
6
6
6
6
6
0
0
0
0
0
0
0
0
0
0
0
0
0
0
0
0
0
0
0
0
0
0
0
0
0
0
0
0
0
0
0
0
6
6
6
6
6
6
6
6
6
6
6
6
6
6
6
6
6
6
6
6
6
6
6
6
6
6
6
6
6
6
6
6
0
0
0
0
0
0
0
0
0
0
0
0
0
0
0
0
0
0
0
0
0
0
0
0
0
0
0
0
0
0
0
0
6
6
6
6
6
6
6
6
6
6
6
6
6
6
6
6
6
6
6
6
6
6
6
6
6
6
6
6
6
6
6
6
0
0
0
0
0
0
0
0
0
0
0
0
0
0
0
0
0
0
0
0
0
0
0
0
0
0
0
0
0
0
0
0
6
6
6
6
6
6
6
6
6
6
6
6
6
6
6
6
6
6
6
6
6
6
6
6
6
6
6
6
6
6
6
6
0
0
0
0
0
0
0
0
0
0
0
0
0
0
0
0
0
0
0
0
0
0
0
0
0
0
0
0
0
0
0
0
6
6
6
6
6
6
6
6
6
6
6
6
6
6
6
6
6
6
6
6
6
6
6
6
6
6
6
6
6
6
6
6
0
0
0
0
0
0
0
0
0
0
0
0
0
0
0
0
0
0
0
0
0
0
0
0
0
0
0
0
0
0
0
0
6
6
6
6
6
6
6
6
6
6
6
6
6
6
6
6
6
6
6
6
6
6
6
6
6
6
6
6
6
6
6
6
0
0
0
0
0
0
0
0
0
0
0
0
0
0
0
0
0
0
0
0
0
0
0
0
0
0
0
0
0
0
0
0
0
0
0
0
0
0
0
0
0
0
0
0
0
0
0
0
0
0
0
0
0
0
0
0
0
0
0
0
0
0
0
0
0
0
0
0
0
0
0
0
0
0
0
0
0
0
0
0
0
0
0
0
0
0
0
0
0
0
0
0
0
0
0
0
