%pattern_data
4
4
4
0
0
32
-49
0
52
88
0
1
0
0
0
0
10
99
0
0
0
0
0
0
0
0
0
50
-1
-1
0
0
0
50
0
0
35
92
40
0
0
1
0
1
0
0
0
0
0
0
0
0
0
1
1
0
0
0
0
0
1
0
0
1
0
0
1
0
0
1
0
0
1
0
0
1
0
0
1
0
0
1
0
0
1
0
0
1
0
0
1
0
1
0
0
1
0
0
1
0
0
1
0
0
1
0
0
1
0
0
1
0
0
1
0
0
1
0
0
1
0
0
1
0
-49
-49
-49
-49
-49
-49
-49
-49
-49
-49
-49
-49
-49
-49
-49
-49
-49
-49
-49
-49
-49
-49
-49
-49
-49
-49
-49
-49
-49
-49
-49
-49
320408
576916
865374
1180816
1442313
1730771
2053356
2307687
2596145
2897415
3173084
3461542
3754308
4038458
4326916
4648367
4903855
5192313
5502177
5769229
6057687
6357982
6634626
6923084
7213424
7500000
7788458
8081995
8365374
8653855
8976190
9230771
9528254
9807687
10096145
10411497
10673084
10961542
11266054
11538458
11826916
12130952
12403855
12692313
13001293
13269229
13557687
13863537
14134626
14423084
14736009
15000000
15288458
15609569
15865374
16153855
16454943
16730771
17019229
17343696
17596145
17884626
18198095
18461542
299546
576916
865374
1166213
1442313
1730771
2047007
2307687
2596145
2903492
3173084
3461542
3754467
4038458
4326916
4652630
4903855
5192313
5529909
5769229
6057687
6384104
6634626
6923084
7233583
7500000
7788458
8087528
8365374
8653855
8972562
9230771
9547868
9807687
10096145
10398458
10673084
10961542
11281451
11538458
11826916
12142698
12403855
12692313
13019955
13269229
13557687
13869252
14134626
14423084
14729229
15000000
15288458
15610703
15865374
16153855
16458594
16730771
17019229
17330975
17596145
17884626
18202222
18461542
309365
576916
865374
1183628
1442313
1730771
2031406
2307687
2596145
2927891
3173084
3461542
2031406
4038458
4326916
4633810
4903855
5192313
5498118
5769229
6057687
6373197
6634626
6923084
7206372
7500000
7788458
8107778
8365374
8653855
8965283
9230771
9523968
9807687
10096145
10432313
10673084
10961542
11280113
11538458
11826916
12142426
12403855
12692313
12991224
13269229
13557687
13875261
14134626
14423084
14733469
15000000
15288458
15605034
15865374
16153855
16449048
16730771
17019229
17346259
17596145
17884626
18188594
18461542
305556
576916
865374
1207596
1442313
1730771
2024898
2307687
2596145
2911179
3173084
3461542
3756485
4038458
4326916
4631655
4903855
5192313
5499932
5769229
6057687
6390862
6634626
6923084
7192925
7500000
7788458
8101361
8365374
8653855
8950522
9230771
9550975
9807687
10096145
10420680
10673084
10961542
11278934
11538458
11826916
12156463
12403855
12692313
13010249
13269229
13557687
13899206
14134626
14423084
14739093
15000000
15288458
15608277
15865374
16153855
16457687
16730771
17019229
17365669
17596145
17884626
18202177
18461542
306984
576916
865374
1187460
1442313
1730771
2017710
2307687
2596145
2919433
3173084
3461542
3742109
4038458
4326916
4641043
4903855
5192313
5508594
5769229
6057687
6377823
6634626
6923084
7223628
7500000
7788458
8086281
8365374
8653855
8955374
9230771
12992063
9807687
10096145
10414580
10673084
10961542
11261020
11538458
11826916
12152268
12403855
12692313
12992063
13269229
13557687
13860204
14134626
14423084
14736281
15000000
15288458
17319773
15865374
16153855
16439093
16730771
17019229
17319773
17596145
17884626
18190272
18461542
296213
576916
865374
1180771
1442313
1730771
2056553
2307687
2596145
2915578
3173084
3461542
3753832
4038458
4326916
4627551
4903855
5192313
5497619
5769229
6057687
6360499
6634626
6923084
7211678
7500000
7788458
8079569
8365374
8653855
8957982
9230771
9540590
9807687
10096145
10402449
10673084
10961542
11268027
11538458
11826916
12129365
12403855
12692313
12970952
13269229
13557687
13841678
14134626
14423084
14718367
15000000
15288458
15618934
15865374
16153855
16453696
16730771
17019229
17332880
17596145
17884626
18178299
18461542
315147
576916
865374
1176553
1442313
1730771
2029841
2307687
2596145
2901519
3173084
3461542
3757347
4038458
4326916
4621043
4903855
5192313
5488254
5769229
6057687
6363311
6634626
6923084
7202562
7500000
7788458
8090975
8365374
8653855
8965238
9230771
9537800
9807687
10096145
10406395
10673084
10961542
11278027
11538458
11826916
12164580
12403855
12692313
12987800
13269229
13557687
13848934
14134626
14423084
14709909
15000000
15288458
15593311
15865374
16153855
16448027
16730771
17019229
17325510
17596145
17884626
18178912
18461542
290930
576916
865374
1170181
1442313
1730771
2020317
2307687
2596145
2917868
3173084
3461542
3762721
4038458
4326916
4635805
4903855
5192313
5486349
5769229
6057687
6348662
6634626
6923084
7212404
7500000
7788458
8079229
8365374
8653855
8969887
9230771
9554354
9807687
10096145
10403039
10673084
10961542
11255329
11538458
11826916
12136825
12403855
12692313
12978481
13269229
13557687
13846259
14134626
14423084
14731406
15000000
15288458
15608617
15865374
16153855
16446372
16730771
17019229
17323923
17596145
17884626
18185760
18461542
315329
576916
865374
1200249
1442313
1730771
2034853
2307687
2596145
2925533
3173084
3461542
3750658
4038458
4326916
4646621
4903855
5192313
5491587
5769229
6057687
6368798
6634626
6923084
7245510
7500000
7788458
8089569
8365374
8653855
8948980
9230771
9533492
9807687
10096145
10419637
10673084
10961542
11248209
11538458
11826916
12151497
12403855
12692313
12977370
13269229
13557687
13861633
14134626
14423084
14731497
15000000
15288458
15598163
15865374
16153855
16444898
16730771
17019229
17331156
17596145
17884626
18190726
18461542
291429
576916
865374
1187029
1442313
1730771
2055556
2307687
2596145
2919501
3173084
3461542
3755782
4038458
4326916
4637120
4903855
5192313
5510816
5769229
6057687
6365057
6634626
6923084
7222222
7500000
7788458
8099456
8365374
8653855
8964331
9230771
9534036
9807687
10096145
10404331
10673084
10961542
11276780
11538458
11826916
12138209
12403855
12692313
12983605
13269229
13557687
13851633
14134626
14423084
14734308
15000000
15288458
15608209
15865374
16153855
16441451
16730771
17019229
17322200
17596145
17884626
16441451
18461542
322200
576916
865374
1190884
1442313
1730771
2032721
2307687
2596145
2907279
3173084
3461542
3782381
4038458
4326916
4633651
4903855
5192313
5491542
5769229
6057687
6384580
6634626
6923084
7216553
7500000
7788458
8106190
8365374
8653855
8951247
9230771
9540612
9807687
10096145
10401088
10673084
10961542
11285533
11538458
11826916
12156009
12403855
12692313
12965533
13269229
13557687
13871383
14134626
14423084
14720476
15000000
15288458
15608345
15865374
16153855
16432200
16730771
17019229
17341247
17596145
17884626
18198481
18461542
0
0
0
0
0
0
0
0
0
0
0
0
0
0
0
0
0
0
0
0
0
0
0
0
0
0
0
0
0
0
0
0
0
0
0
0
0
0
0
0
0
0
0
0
0
0
0
0
0
0
0
0
0
0
0
0
0
0
0
0
0
0
0
0
0
0
0
0
0
0
0
0
0
0
0
0
0
0
0
0
0
0
0
0
0
0
0
0
0
0
0
0
0
0
0
0
0
0
0
0
0
0
0
0
0
0
0
0
0
0
0
0
0
0
0
0
0
0
0
0
0
0
0
0
0
0
0
0
0
0
0
0
0
0
0
0
0
0
0
0
0
0
0
0
0
0
0
0
0
0
0
0
0
0
0
0
0
0
0
0
0
0
0
0
0
0
0
0
0
0
0
0
0
0
0
0
0
0
0
0
0
0
0
0
0
0
0
0
0
0
0
0
0
0
0
0
0
0
0
0
0
0
0
0
0
0
0
0
0
0
0
0
0
0
0
0
0
0
0
0
0
0
0
0
0
0
0
0
0
0
0
0
0
0
0
0
0
0
0
0
0
0
0
0
0
0
0
0
0
0
0
0
0
0
0
0
0
0
0
0
0
0
0
0
0
0
0
0
0
0
0
0
0
0
0
0
0
0
0
0
0
0
0
0
0
0
0
0
0
0
0
0
0
0
0
0
0
0
0
0
0
0
0
0
0
0
0
0
0
0
0
0
0
0
0
0
0
0
0
0
0
0
0
0
0
0
0
0
0
0
0
0
0
0
0
0
0
0
0
0
0
0
0
0
0
0
0
0
0
0
0
0
0
0
0
0
0
0
0
0
0
0
0
0
0
0
0
0
0
0
0
0
0
0
0
0
0
0
0
0
0
0
0
0
0
0
0
0
0
0
0
0
0
0
0
0
0
0
0
0
0
0
0
0
0
0
0
0
0
0
0
0
0
0
0
0
0
0
0
0
0
0
0
0
0
0
0
0
0
0
0
0
0
0
0
0
0
0
0
0
0
0
0
0
0
0
0
0
0
0
0
0
0
0
0
0
0
0
0
0
0
0
0
0
0
0
0
0
0
0
0
0
0
0
0
0
0
0
0
0
0
0
0
0
0
0
0
0
0
0
0
0
0
0
0
0
0
0
0
0
0
0
0
0
0
0
0
0
0
0
0
0
0
0
0
0
0
0
0
0
0
0
0
0
0
0
0
0
0
0
0
0
0
0
0
0
0
0
0
0
0
0
0
0
0
0
0
0
0
0
0
0
0
0
0
0
0
0
0
0
0
0
0
0
0
0
0
0
0
0
0
0
0
0
0
0
190703
340907
511361
731678
852268
1022721
1212517
1363628
1534082
1722766
1875011
2045465
2243175
2386372
2556825
2775079
2897732
3068186
3265714
3409093
3579546
3777732
3920454
4090907
4289297
4431814
4602268
4798866
4943175
5113628
5323787
5454535
5654694
5795465
5965918
6183900
6306825
6477279
6681859
6818186
6988639
7194467
7329546
7500000
7676122
7840907
8011361
8201769
8352268
8522721
8716168
8863628
9034082
9209342
9375011
9545465
9727823
9886372
10056825
10253651
10397732
10568186
10757143
10909093
176961
340907
511361
715306
852268
1022721
1228753
1363628
1534082
1730023
1875011
2045465
2213152
2386372
2556825
2756327
2897732
3068186
3285828
3409093
3579546
3786009
3920454
4090907
4294331
4431814
4602268
4809751
4943175
5113628
5299637
5454535
5644966
5795465
5965918
6174671
6306825
6477279
6669070
6818186
6988639
7204104
7329546
7500000
7688413
7840907
8011361
8191882
8352268
8522721
8698073
8863628
9034082
9221633
9375011
9545465
9728277
9886372
10056825
10238821
10397732
10568186
10769025
10909093
160998
340907
511361
705193
852268
1022721
1220363
1363628
1534082
1746349
1875011
2045465
2240113
2386372
2556825
2770612
2897732
3068186
3263447
3409093
3579546
3782608
3920454
4090907
4266485
4431814
4602268
4781497
4943175
5113628
5283764
5454535
5608866
5795465
5965918
6152086
6306825
6477279
6671610
6818186
6988639
7184150
7329546
7500000
7690522
7840907
8011361
8206508
8352268
8522721
8708027
8863628
9034082
9202608
9375011
9545465
9725283
9886372
10056825
10248050
10397732
10568186
10740045
10909093
201723
340907
511361
728798
852268
1022721
1228889
1363628
1534082
1742925
1875011
2045465
2234263
2386372
2556825
2777982
2897732
3068186
3253311
3409093
3579546
3756372
3920454
4090907
4274286
4431814
4602268
4804127
4943175
5113628
5280794
5454535
5643356
5795465
5965918
6154286
6306825
6477279
6651338
6818186
6988639
7173016
7329546
7500000
7685011
7840907
8011361
8207256
8352268
8522721
8711383
8863628
9034082
9214195
9375011
9545465
9730385
9886372
10056825
10242880
10397732
10568186
10727528
10909093
178458
340907
511361
711270
852268
1022721
1207120
1363628
1534082
1717370
1875011
2045465
2220068
2386372
2556825
2752200
2897732
3068186
3249002
3409093
3579546
3756667
3920454
4090907
4258889
4431814
4602268
4804558
4943175
5113628
5291723
5454535
5640181
5795465
5965918
6149864
6306825
6477279
6635692
6818186
6988639
7175601
7329546
7500000
7663583
7840907
8011361
8200317
8352268
8522721
8695261
8863628
9034082
9210567
9375011
9545465
9716485
9886372
10056825
10248526
10397732
10568186
10738458
10909093
212109
340907
511361
748844
852268
1022721
1228345
1363628
1534082
1769138
1875011
2045465
2241361
2386372
2556825
2768481
2897732
3068186
3267256
3409093
3579546
3767460
3920454
4090907
4282268
4431814
4602268
4810068
4943175
5113628
5292290
5454535
5642585
5795465
5965918
6178186
6306825
6477279
6686417
6818186
6988639
7204966
7329546
7500000
7700998
7840907
8011361
8230454
8352268
8522721
8731927
8863628
9034082
9247619
9375011
9545465
9754082
9886372
10056825
10262268
10397732
10568186
10741497
10909093
184240
340907
511361
730952
852268
1022721
1203628
1363628
1534082
1722585
1875011
2045465
2222404
2386372
2556825
2760816
2897732
3068186
3259206
3409093
3579546
3769161
3920454
4090907
4274331
4431814
4602268
4802381
4943175
5113628
5300952
5454535
5636281
5795465
5965918
6179138
6306825
6477279
6669161
6818186
6988639
7206304
7329546
7500000
7670249
7840907
8011361
8204218
8352268
8522721
8703583
8863628
9034082
9230975
9375011
9545465
9725964
9886372
10056825
10240930
10397732
10568186
10763356
10909093
213991
340907
511361
732789
852268
1022721
1214830
1363628
1534082
1744104
1875011
2045465
2222200
2386372
2556825
2767052
2897732
3068186
3261678
3409093
3579546
3776621
3920454
4090907
4270113
4431814
4602268
4831995
4943175
5113628
5326281
5454535
5669252
5795465
5965918
6158934
6306825
6477279
6655692
6818186
6988639
7185397
7329546
7500000
7669683
7840907
8011361
8215306
8352268
8522721
8718889
8863628
9034082
9219478
9375011
9545465
9735420
9886372
10056825
10247800
10397732
10568186
10751429
10909093
179977
340907
511361
710136
852268
1022721
1221814
1363628
1534082
1750408
1875011
2045465
2242268
2386372
2556825
2777302
2897732
3068186
3284240
3409093
3579546
3797166
3920454
4090907
4291882
4431814
4602268
4805034
4943175
5113628
5296100
5454535
5641293
5795465
5965918
6168776
6306825
6477279
6674807
6818186
6988639
7194739
7329546
7500000
7674240
7840907
8011361
8213107
8352268
8522721
8703311
8863628
9034082
9240068
9375011
9545465
9722245
9886372
10056825
10257052
10397732
10568186
10754263
10909093
207098
340907
511361
729161
852268
1022721
1214308
1363628
1534082
1747800
1875011
2045465
2231746
2386372
2556825
2775034
2897732
3068186
3276961
3409093
3579546
3794354
3920454
4090907
4295011
4431814
4602268
4806032
4943175
5113628
5294036
5454535
5632585
5795465
5965918
6186054
6306825
6477279
6681746
6818186
6988639
7199206
7329546
7500000
7701814
7840907
8011361
8226667
8352268
8522721
8719864
8863628
9034082
9224717
9375011
9545465
9748798
9886372
10056825
10240884
10397732
10568186
10739184
10909093
179977
340907
511361
717642
852268
1022721
1198390
1363628
1534082
1729932
1875011
2045465
2225193
2386372
2556825
2772540
2897732
3068186
3256667
3409093
3579546
3783605
3920454
4090907
4295034
4431814
4602268
4801293
4943175
5113628
5282041
5454535
5653356
5795465
5965918
6188798
6306825
6477279
6674989
6818186
6988639
7204263
7329546
7500000
7686984
7840907
8011361
8211905
8352268
8522721
8728866
8863628
9034082
9250385
9375011
9545465
9738798
9886372
10056825
10256599
10397732
10568186
10761927
10909093
0
0
0
0
0
0
0
0
0
0
0
0
0
0
0
0
0
0
0
0
0
0
0
0
0
0
0
0
0
0
0
0
0
0
0
0
0
0
0
0
0
0
0
0
0
0
0
0
0
0
0
0
0
0
0
0
0
0
0
0
0
0
0
0
0
0
0
0
0
0
0
0
0
0
0
0
0
0
0
0
0
0
0
0
0
0
0
0
0
0
0
0
0
0
0
0
0
0
0
0
0
0
0
0
0
0
0
0
0
0
0
0
0
0
0
0
0
0
0
0
0
0
0
0
0
0
0
0
0
0
0
0
0
0
0
0
0
0
0
0
0
0
0
0
0
0
0
0
0
0
0
0
0
0
0
0
0
0
0
0
0
0
0
0
0
0
0
0
0
0
0
0
0
0
0
0
0
0
0
0
0
0
0
0
0
0
0
0
0
0
0
0
0
0
0
0
0
0
0
0
0
0
0
0
0
0
0
0
0
0
0
0
0
0
0
0
0
0
0
0
0
0
0
0
0
0
0
0
0
0
0
0
0
0
0
0
0
0
0
0
0
0
0
0
0
0
0
0
0
0
0
0
0
0
0
0
0
0
0
0
0
0
0
0
0
0
0
0
0
0
0
0
0
0
0
0
0
0
0
0
0
0
0
0
0
0
0
0
0
0
0
0
0
0
0
0
0
0
0
0
0
0
0
0
0
0
0
0
0
0
0
0
0
0
0
0
0
0
0
0
0
0
0
0
0
0
0
0
0
0
0
0
0
0
0
0
0
0
0
0
0
0
0
0
0
0
0
0
0
0
0
0
0
0
0
0
0
0
0
0
0
0
0
0
0
0
0
0
0
0
0
0
0
0
0
0
0
0
0
0
0
0
0
0
0
0
0
0
0
0
0
0
0
0
0
0
0
0
0
0
0
0
0
0
0
0
0
0
0
0
0
0
0
0
0
0
0
0
0
0
0
0
0
0
0
0
0
0
0
0
0
0
0
0
0
0
0
0
0
0
0
0
0
0
0
0
0
0
0
0
0
0
0
0
0
0
0
0
0
0
0
0
0
0
0
0
0
0
0
0
0
0
0
0
0
0
0
0
0
0
0
0
0
0
0
0
0
0
0
0
0
0
0
0
0
0
0
0
0
0
0
0
0
0
0
0
0
0
0
0
0
0
0
0
0
0
0
0
0
0
0
0
0
0
0
0
0
0
0
0
0
0
0
0
0
0
0
0
0
0
0
0
0
0
0
0
0
0
0
0
0
0
0
0
0
0
0
0
0
0
0
0
0
0
0
0
0
0
0
0
0
0
0
0
0
0
329
23
8
457
29
11
338
28
11
288
23
8
329
21
8
324
22
9
417
27
11
394
32
12
336
23
10
320
26
11
625
30
333
24
10
756
31
12
363
26
11
722
29
12
333
25
11
449
26
10
326
26
11
366
31
13
410
27
12
738
34
15
726
35
301
42
18
292
34
16
244
34
14
258
33
14
260
30
13
285
44
19
237
38
17
267
36
16
266
37
17
233
28
13
243
36
257
35
16
255
34
14
240
31
15
282
40
17
266
41
18
300
43
19
253
38
18
320
45
23
285
38
18
300
45
21
321
47
302
45
28
289
46
30
236
37
23
342
57
35
236
46
29
285
48
30
248
43
29
313
47
31
347
53
36
360
52
32
316
51
373
58
38
251
40
27
293
49
31
294
48
32
357
63
38
301
44
31
346
54
37
372
63
37
388
56
39
360
62
39
338
55
493
76
36
406
71
32
345
53
27
361
56
29
386
58
29
466
68
32
484
78
35
444
72
35
378
51
27
398
56
28
423
60
441
67
32
375
52
27
355
54
27
419
67
33
359
55
28
364
61
30
336
51
27
311
45
25
373
52
28
474
73
33
382
56
543
77
32
482
65
25
594
66
27
525
61
26
476
60
26
556
84
33
558
71
31
508
63
27
527
67
29
583
76
33
592
60
581
56
23
531
62
28
542
64
29
589
71
29
581
69
29
544
68
29
570
70
30
580
70
28
490
61
29
580
68
28
530
58
1386
86
19
1096
82
21
1174
87
19
1144
74
15
1053
61
14
1125
86
24
1161
92
24
1034
69
17
1064
58
13
1023
60
14
1220
78
1355
86
20
1245
85
20
1237
96
25
1281
95
28
1285
87
26
1196
76
19
1213
83
23
1149
95
24
1355
86
20
1351
104
30
1387
82
1373
194
63
1265
189
64
1140
131
42
1252
166
60
1219
122
37
1142
139
48
1126
129
40
1152
140
44
1179
132
45
1277
165
58
1236
151
1315
162
46
1198
162
60
1458
215
61
1238
184
51
1328
154
42
1285
153
47
1284
163
49
1209
160
45
1237
134
38
1251
159
42
1246
151
1307
82
15
1201
79
16
1379
110
21
1280
97
17
1216
77
11
1239
97
21
1330
93
14
1205
54
7
1200
61
8
1277
78
14
1489
130
1391
119
19
1318
83
12
1341
100
18
1386
100
17
1449
119
26
1230
79
14
1259
81
12
1216
101
18
1158
63
8
1156
68
11
1074
66
1543
113
7
1347
114
9
1507
92
7
1562
128
11
1422
83
6
1564
118
12
1585
115
15
1529
148
17
1512
111
7
1357
86
9
1572
104
1409
105
12
1387
99
8
1361
59
4
1627
130
11
1403
115
13
1373
97
9
1353
121
15
1500
154
22
1584
134
18
1734
137
15
1867
157
1665
112
13
1652
133
14
2015
168
17
1852
171
18
1697
89
8
1684
130
16
1740
117
11
1831
97
8
1612
86
6
1954
126
11
1419
73
1810
99
9
1688
107
8
1557
83
6
1910
101
9
1732
84
6
1555
79
7
1545
104
10
1878
112
8
1629
71
6
1570
109
11
1629
135
1927
134
12
1961
210
31
1950
262
43
2399
443
69
1806
332
52
1558
134
20
1541
255
61
1702
351
122
2018
471
122
1501
206
15
1775
278
1648
233
34
1947
240
42
1817
367
88
1445
208
25
1904
241
43
1677
240
43
1668
176
27
1820
236
53
1633
351
157
1581
294
76
1736
293
0
0
0
0
0
0
0
0
0
0
0
0
0
0
0
0
0
0
0
0
0
0
0
0
0
0
0
0
0
0
0
0
0
0
0
0
0
0
0
0
0
0
0
0
0
0
0
0
0
0
0
0
0
0
0
0
0
0
0
0
0
0
0
0
0
0
0
0
0
0
0
0
0
0
0
0
0
0
0
0
0
0
0
0
0
0
0
0
0
0
0
0
0
0
0
0
0
0
0
0
0
0
0
0
0
0
0
0
0
0
0
0
0
0
0
0
0
0
0
0
0
0
0
0
0
0
0
0
0
0
0
0
0
0
0
0
0
0
0
0
0
0
0
0
0
0
0
0
0
0
0
0
0
0
0
0
0
0
0
0
0
0
0
0
0
0
0
0
0
0
0
0
0
0
0
0
0
0
0
0
0
0
0
0
0
0
0
0
0
0
0
0
0
0
0
0
0
0
0
0
0
0
0
0
0
0
0
0
0
0
0
0
0
0
0
0
0
0
0
0
0
0
0
0
0
0
0
0
0
0
0
0
0
0
0
0
0
0
0
0
0
0
0
0
0
0
0
0
0
0
0
0
0
0
0
0
0
0
0
0
0
0
0
0
0
0
0
0
0
0
0
0
0
0
0
0
0
0
0
0
0
0
0
0
0
0
0
0
0
0
0
0
0
0
0
0
0
0
0
0
0
0
0
0
0
0
0
0
0
0
0
0
0
0
0
0
0
0
0
0
0
0
0
0
0
0
0
0
0
0
0
0
0
0
0
0
0
0
0
0
0
0
0
0
0
0
0
0
0
0
0
0
0
0
0
0
0
0
0
0
0
0
0
0
0
0
0
0
0
0
0
0
0
0
0
0
0
0
0
0
0
0
0
0
0
0
0
0
0
0
0
0
0
0
0
0
0
0
0
0
0
0
0
0
0
0
0
0
0
0
0
0
0
0
0
0
0
0
0
0
0
0
0
0
0
0
0
0
0
0
0
0
0
0
0
0
0
0
0
0
0
0
0
0
0
0
0
0
0
0
0
0
0
0
0
0
0
0
0
0
0
0
0
0
0
0
0
0
0
0
0
0
0
0
0
0
0
0
0
0
0
0
0
0
0
0
0
0
0
0
0
0
0
0
0
0
0
0
0
0
0
0
0
0
0
0
0
0
0
0
0
0
0
0
0
0
0
0
0
0
0
0
0
0
0
0
0
0
0
0
0
0
0
0
0
0
0
0
0
0
0
0
0
0
0
0
0
0
0
0
0
0
0
0
0
0
0
0
0
0
0
0
0
0
0
0
0
0
0
0
0
0
0
0
0
0
344
49
28
271
40
19
233
34
18
314
44
25
329
46
26
306
49
26
336
45
24
361
51
28
292
43
22
284
45
23
256
38
276
45
24
260
39
20
276
43
23
264
40
20
271
37
20
275
36
20
251
31
17
245
31
16
267
34
19
281
38
20
264
34
303
43
18
312
46
18
289
40
16
322
42
16
352
39
15
293
38
14
324
43
17
347
47
17
320
43
16
350
37
14
260
34
303
44
16
245
36
14
249
37
14
274
42
15
330
42
17
339
46
18
328
44
18
277
37
15
294
38
15
282
40
15
251
38
341
45
30
354
53
33
381
59
36
394
64
38
442
56
35
325
52
31
446
56
36
351
56
34
378
53
32
405
52
33
351
47
435
47
28
381
53
32
337
50
31
367
52
33
350
49
30
378
49
29
340
46
27
339
41
25
340
41
24
400
51
28
406
46
563
85
38
403
57
26
564
65
35
434
55
28
521
56
29
499
50
21
611
51
22
484
48
22
572
54
23
584
56
26
539
42
701
54
26
683
53
25
547
49
21
671
52
22
605
52
24
650
52
24
578
51
23
539
49
24
501
47
22
527
45
21
561
43
743
51
13
650
77
17
586
51
14
435
41
11
524
41
10
582
50
11
467
36
8
549
40
9
542
39
8
720
62
15
549
46
641
64
17
560
48
10
412
32
7
593
50
11
679
42
10
620
52
11
543
40
9
552
45
9
452
38
8
573
57
13
577
42
920
84
20
833
110
31
648
52
12
720
82
19
680
58
14
817
82
21
789
62
16
614
51
13
679
61
17
777
80
24
825
74
970
76
25
963
94
33
982
107
38
834
88
29
908
85
32
887
107
35
850
82
28
776
93
33
873
90
33
845
78
25
804
66
974
58
6
840
89
10
850
39
3
1076
54
6
952
64
7
1068
75
7
855
60
7
868
57
7
929
66
9
917
77
11
871
86
1011
81
13
925
92
11
877
68
8
929
85
8
734
40
5
1175
66
6
1041
64
8
1255
89
9
968
59
7
1238
79
8
1111
81
2139
422
59
1532
344
43
1468
135
23
1285
119
18
1443
108
19
1540
180
29
1364
110
19
1449
138
28
1915
188
43
1217
148
24
1685
265
1822
323
59
1592
128
23
1616
122
23
1655
154
34
1668
149
36
1530
219
45
1580
164
37
1432
117
21
1466
118
21
1540
115
21
1522
125
1239
149
25
1452
213
38
1383
189
42
1469
256
46
1187
161
29
1037
212
50
1200
247
51
917
158
23
1047
115
5
948
99
11
1211
95
1352
155
19
1482
211
27
1051
120
13
1629
236
41
1752
219
43
1498
226
47
1173
171
34
1424
260
60
1419
192
41
1395
219
28
1498
194
1549
387
115
1002
291
95
1209
253
85
1284
326
100
1150
244
83
1620
604
168
1332
346
111
1260
359
119
1118
247
79
1344
330
111
1285
310
1459
360
98
1437
405
97
1247
271
79
1479
337
70
1370
237
52
1266
289
74
1495
268
60
1393
172
33
954
158
30
1170
154
27
1256
138
2144
616
23
1296
121
12
1437
51
3
1359
80
6
1948
105
9
1369
138
13
1860
107
8
1810
163
16
1714
185
19
1973
157
15
2027
184
1786
173
17
2166
360
35
1908
216
24
1897
279
32
2158
210
30
2099
273
39
2244
317
46
1726
242
29
1991
204
20
1967
223
27
1581
174
0
0
0
0
0
0
0
0
0
0
0
0
0
0
0
0
0
0
0
0
0
0
0
0
0
0
0
0
0
0
0
0
0
0
0
0
0
0
0
0
0
0
0
0
0
0
0
0
0
0
0
0
0
0
0
0
0
0
0
0
0
0
0
0
0
0
0
0
0
0
0
0
0
0
0
0
0
0
0
0
0
0
0
0
0
0
0
0
0
0
0
0
0
0
0
0
0
0
0
0
0
0
0
0
0
0
0
0
0
0
0
0
0
0
0
0
0
0
0
0
0
0
0
0
0
0
0
0
0
0
0
0
0
0
0
0
0
0
0
0
0
0
0
0
0
0
0
0
0
0
0
0
0
0
0
0
0
0
0
0
0
0
0
0
0
0
0
0
0
0
0
0
0
0
0
0
0
0
0
0
0
0
0
0
0
0
0
0
0
0
0
0
0
0
0
0
0
0
0
0
0
0
0
0
0
0
0
0
0
0
0
0
0
0
0
0
0
0
0
0
0
0
0
0
0
0
0
0
0
0
0
0
0
0
0
0
0
0
0
0
0
0
0
0
0
0
0
0
0
0
0
0
0
0
0
0
0
0
0
0
0
0
0
0
0
0
0
0
0
0
0
0
0
0
0
0
0
0
0
0
0
0
0
0
0
0
0
0
0
0
0
0
0
0
0
0
0
0
0
0
0
0
0
0
0
0
0
0
0
0
0
0
0
0
0
0
0
0
0
0
0
0
0
0
0
0
0
0
0
0
0
0
0
0
0
0
0
0
0
0
0
0
0
0
0
0
0
0
0
0
0
0
0
0
0
0
0
0
0
0
0
0
0
0
0
0
0
0
0
0
0
0
0
0
0
0
0
0
0
0
0
0
0
0
0
0
0
0
0
0
0
0
0
0
0
0
0
0
0
0
0
0
0
0
0
0
0
0
0
0
0
0
0
0
0
0
0
0
0
0
0
0
0
0
0
0
0
0
0
0
0
0
0
0
0
0
0
0
0
0
0
0
0
0
0
0
0
0
0
0
0
0
0
0
0
0
0
0
0
0
0
0
0
0
0
0
0
0
0
0
0
0
0
0
0
0
0
0
0
0
0
0
0
0
0
0
0
0
0
0
0
0
0
0
0
0
0
0
0
0
0
0
0
0
0
0
0
0
0
0
0
0
0
0
0
0
0
0
0
0
0
0
0
0
0
0
0
0
0
0
0
0
0
0
0
0
0
0
0
0
0
0
0
0
0
0
0
0
0
0
0
0
0
0
0
0
0
0
0
0
0
0
0
0
0
0
0
0
0
0
0
0
0
0
0
0
20
20
20
20
20
20
20
20
20
20
20
20
20
20
20
20
20
20
20
20
20
20
20
20
20
20
20
20
20
20
20
20
20
20
20
20
20
20
20
20
20
20
20
20
20
20
20
20
20
20
20
20
20
20
20
20
20
20
20
20
20
20
20
20
46
46
46
46
46
46
46
46
46
46
46
46
46
46
46
46
46
46
46
46
46
46
46
46
46
46
46
46
46
46
46
46
46
46
46
46
46
46
46
46
46
46
46
46
46
46
46
46
46
46
46
46
46
46
46
46
46
46
46
46
46
46
46
46
46
46
46
46
46
46
46
46
46
46
46
46
46
46
46
46
46
46
46
46
46
46
46
46
46
46
46
46
46
46
46
46
46
46
46
46
46
46
46
46
46
46
46
46
46
46
46
46
46
46
46
46
46
46
46
46
46
46
46
46
46
46
46
46
46
46
46
46
46
46
46
46
46
46
46
46
46
46
46
46
46
46
46
46
46
46
46
46
46
46
46
46
46
46
46
46
46
46
46
46
46
46
46
46
46
46
46
46
46
46
46
46
46
46
46
46
46
46
46
46
46
46
46
46
46
46
46
46
46
46
46
46
46
46
46
46
46
46
46
46
46
46
46
46
46
46
46
46
46
46
46
46
46
46
46
46
46
46
46
46
46
46
46
46
46
46
46
46
46
46
46
46
46
46
46
46
46
46
46
46
46
46
46
46
46
46
46
46
46
46
46
46
46
46
46
46
46
46
46
46
46
46
46
46
46
46
46
46
46
46
46
46
46
46
46
46
46
46
46
46
46
46
46
46
46
46
46
46
46
46
46
46
46
46
46
46
46
46
46
46
46
46
46
46
46
46
46
46
46
46
46
46
46
46
46
46
46
46
46
46
46
46
46
46
46
46
46
46
46
46
46
46
46
46
46
46
46
46
46
46
46
46
46
46
46
46
46
46
46
46
46
46
46
46
46
46
46
46
46
46
46
46
46
46
46
46
46
46
46
46
46
46
46
46
46
46
46
46
46
46
46
46
46
46
46
46
46
46
46
46
46
46
46
46
46
46
46
46
46
46
46
46
46
46
46
46
46
46
46
46
46
46
46
46
46
46
46
46
46
46
46
46
46
46
46
46
46
46
46
46
46
46
46
46
46
46
46
46
46
46
46
46
46
46
46
46
46
46
46
46
46
46
46
46
46
46
46
46
46
46
46
46
46
46
46
46
46
46
46
46
46
46
46
46
46
46
46
46
46
46
46
46
46
46
46
46
46
46
46
46
46
46
46
46
46
46
46
46
46
46
46
46
46
46
46
46
46
46
46
46
46
46
46
46
46
46
46
46
46
46
46
46
46
46
46
46
46
46
46
46
46
46
46
46
46
46
46
46
46
46
46
46
46
46
46
46
46
46
46
46
46
46
46
46
46
46
46
46
46
46
46
46
46
46
46
46
46
46
46
46
46
46
46
46
46
46
46
46
46
46
46
46
46
46
46
46
46
46
46
46
46
46
46
46
46
46
46
46
46
46
46
46
46
46
46
46
46
46
46
46
46
46
46
46
46
46
46
46
46
46
46
46
46
46
46
46
46
46
46
46
46
46
46
46
46
46
20
20
20
20
20
20
20
20
20
20
20
20
20
20
20
20
20
20
20
20
20
20
20
20
20
20
20
20
20
20
20
20
46
46
46
46
46
46
46
46
46
46
46
46
46
46
46
46
46
46
46
46
46
46
46
46
46
46
46
46
46
46
46
46
46
46
46
46
46
46
46
46
46
46
46
46
46
46
46
46
46
46
46
46
46
46
46
46
46
46
46
46
46
46
46
46
46
46
46
46
46
46
46
46
46
46
46
46
46
46
46
46
46
46
46
46
46
46
46
46
46
46
46
46
46
46
46
46
46
46
46
46
46
46
46
46
46
46
46
46
46
46
46
46
46
46
46
46
46
46
46
46
46
46
46
46
46
46
46
46
46
46
46
46
46
46
46
46
46
46
46
46
46
46
46
46
46
46
46
46
46
46
46
46
46
46
46
46
46
46
46
46
46
46
46
46
46
46
46
46
46
46
46
46
46
46
46
46
46
46
46
46
46
46
46
46
46
46
46
46
46
46
46
46
46
46
46
46
46
46
46
46
46
46
46
46
46
46
46
46
46
46
46
46
46
46
46
46
46
46
46
46
46
46
46
46
46
46
46
46
46
46
46
46
46
46
46
46
46
46
46
46
46
46
46
46
46
46
46
46
46
46
46
46
46
46
46
46
46
46
46
46
46
46
46
46
46
46
46
46
46
46
46
46
46
46
46
46
46
46
46
46
46
46
46
46
46
46
46
46
46
46
46
46
46
46
46
46
46
46
46
46
46
46
46
46
46
46
46
46
46
46
46
46
46
46
46
46
46
46
46
46
46
46
46
46
46
46
46
46
46
46
46
46
46
46
46
46
46
46
46
46
46
46
46
46
46
46
46
46
46
46
46
46
46
46
46
46
46
46
46
46
46
46
46
46
46
46
46
46
46
46
46
46
46
46
46
46
46
46
46
46
46
46
46
46
46
46
46
46
46
46
46
46
46
46
46
46
46
46
46
46
46
46
46
46
46
46
46
46
46
46
46
46
46
46
46
46
46
46
46
46
46
46
46
46
46
46
46
46
46
46
46
46
46
46
46
46
46
46
46
46
46
46
46
46
46
46
46
46
46
46
46
46
46
46
46
46
46
46
46
46
46
46
46
46
46
46
46
46
46
46
46
46
46
46
46
46
46
46
46
46
46
46
46
46
46
46
46
46
46
46
46
46
46
46
46
46
46
46
46
46
46
46
46
46
46
46
46
46
46
46
46
46
46
46
46
46
46
46
46
46
46
46
46
46
46
46
46
46
46
46
46
46
46
46
46
46
46
46
46
46
46
46
46
46
46
46
46
46
46
46
46
46
46
46
46
46
46
46
46
46
46
46
46
46
46
46
46
46
46
46
46
46
46
46
46
46
46
46
46
46
46
46
46
46
46
46
46
46
46
46
46
46
46
46
46
46
46
46
46
46
46
46
46
46
46
46
46
46
46
46
46
46
46
46
46
46
46
46
46
46
46
46
46
46
46
46
46
46
46
46
46
46
46
46
46
46
46
46
46
46
20
20
20
20
20
20
20
20
20
20
20
20
20
20
20
20
20
20
20
20
20
20
20
20
20
20
20
20
20
20
20
20
20
20
20
20
20
20
20
20
20
20
20
20
20
20
20
20
20
20
20
20
20
20
20
20
20
20
20
20
20
20
20
20
46
46
46
46
46
46
46
46
46
46
46
46
46
46
46
46
46
46
46
46
46
46
46
46
46
46
46
46
46
46
46
46
46
46
46
46
46
46
46
46
46
46
46
46
46
46
46
46
46
46
46
46
46
46
46
46
46
46
46
46
46
46
46
46
46
46
46
46
46
46
46
46
46
46
46
46
46
46
46
46
46
46
46
46
46
46
46
46
46
46
46
46
46
46
46
46
46
46
46
46
46
46
46
46
46
46
46
46
46
46
46
46
46
46
46
46
46
46
46
46
46
46
46
46
46
46
46
46
46
46
46
46
46
46
46
46
46
46
46
46
46
46
46
46
46
46
46
46
46
46
46
46
46
46
46
46
46
46
46
46
46
46
46
46
46
46
46
46
46
46
46
46
46
46
46
46
46
46
46
46
46
46
46
46
46
46
46
46
46
46
46
46
46
46
46
46
46
46
46
46
46
46
46
46
46
46
46
46
46
46
46
46
46
46
46
46
46
46
46
46
46
46
46
46
46
46
46
46
46
46
46
46
46
46
46
46
46
46
46
46
46
46
46
46
46
46
46
46
46
46
46
46
46
46
46
46
46
46
46
46
46
46
46
46
46
46
46
46
46
46
46
46
46
46
46
46
46
46
46
46
46
46
46
46
46
46
46
46
46
46
46
46
46
46
46
46
46
46
46
46
46
46
46
46
46
46
46
46
46
46
46
46
46
46
46
46
46
46
46
46
46
46
46
46
46
46
46
46
46
46
46
46
46
46
46
46
46
46
46
46
46
46
46
46
46
46
46
46
46
46
46
46
46
46
46
46
46
46
46
46
46
46
46
46
46
46
46
46
46
46
46
46
46
46
46
46
46
46
46
46
46
46
46
46
46
46
46
46
46
46
46
46
46
46
46
46
46
46
46
46
46
46
46
46
46
46
46
46
46
46
46
46
46
46
46
46
46
46
46
46
46
46
46
46
46
46
46
46
46
46
46
46
46
46
46
46
46
46
46
46
46
46
46
46
46
46
46
46
46
46
46
46
46
46
46
46
46
46
46
46
46
46
46
46
46
46
46
46
46
46
46
46
46
46
46
46
46
46
46
46
46
46
46
46
46
46
46
46
46
46
46
46
46
46
46
46
46
46
46
46
46
46
46
46
46
46
46
46
46
46
46
46
46
46
46
46
46
46
46
46
46
46
46
46
46
46
46
46
46
46
46
46
46
46
46
46
46
46
46
46
46
46
46
46
46
46
46
46
46
46
46
46
46
46
46
46
46
46
46
46
46
46
46
46
46
46
46
46
46
46
46
46
46
46
46
46
46
46
46
46
46
46
46
46
46
46
46
46
46
46
46
46
46
46
46
46
46
46
46
46
46
46
46
46
46
46
46
46
46
46
46
46
46
46
46
46
46
46
46
46
46
46
46
46
46
46
46
46
46
46
46
46
46
46
46
46
46
46
46
46
20
20
20
20
20
20
20
20
20
20
20
20
20
20
20
20
20
20
20
20
20
20
20
20
20
20
20
20
20
20
20
20
20
20
20
20
20
20
20
20
20
20
20
20
20
20
20
20
20
20
20
20
20
20
20
20
20
20
20
20
20
20
20
20
46
46
46
46
46
46
46
46
46
46
46
46
46
46
46
46
46
46
46
46
46
46
46
46
46
46
46
46
46
46
46
46
46
46
46
46
46
46
46
46
46
46
46
46
46
46
46
46
46
46
46
46
46
46
46
46
46
46
46
46
46
46
46
46
46
46
46
46
46
46
46
46
46
46
46
46
46
46
46
46
46
46
46
46
46
46
46
46
46
46
46
46
46
46
46
46
46
46
46
46
46
46
46
46
46
46
46
46
46
46
46
46
46
46
46
46
46
46
46
46
46
46
46
46
46
46
46
46
46
46
46
46
46
46
46
46
46
46
46
46
46
46
46
46
46
46
46
46
46
46
46
46
46
46
46
46
46
46
46
46
46
46
46
46
46
46
46
46
46
46
46
46
46
46
46
46
46
46
46
46
46
46
46
46
46
46
46
46
46
46
46
46
46
46
46
46
46
46
46
46
46
46
46
46
46
46
46
46
46
46
46
46
46
46
46
46
46
46
46
46
46
46
46
46
46
46
46
46
46
46
46
46
46
46
46
46
46
46
46
46
46
46
46
46
46
46
46
46
46
46
46
46
46
46
46
46
46
46
46
46
46
46
46
46
46
46
46
46
46
46
46
46
46
46
46
46
46
46
46
46
46
46
46
46
46
46
46
46
46
46
46
46
46
46
46
46
46
46
46
46
46
46
46
46
46
46
46
46
46
46
46
46
46
46
46
46
46
46
46
46
46
46
46
46
46
46
46
46
46
46
46
46
46
46
46
46
46
46
46
46
46
46
46
46
46
46
46
46
46
46
46
46
46
46
46
46
46
46
46
46
46
46
46
46
46
46
46
46
46
46
46
46
46
46
46
46
46
46
46
46
46
46
46
46
46
46
46
46
46
46
46
46
46
46
46
46
46
46
46
46
46
46
46
46
46
46
46
46
46
46
46
46
46
46
46
46
46
46
46
46
46
46
46
46
46
46
46
46
46
46
46
46
46
46
46
46
46
46
46
46
46
46
46
46
46
46
46
46
46
46
46
46
46
46
46
46
46
46
46
46
46
46
46
46
46
46
46
46
46
46
46
46
46
46
46
46
46
46
46
46
46
46
46
46
46
46
46
46
46
46
46
46
46
46
46
46
46
46
46
46
46
46
46
46
46
46
46
46
46
46
46
46
46
46
46
46
46
46
46
46
46
46
46
46
46
46
46
46
46
46
46
46
46
46
46
46
46
46
46
46
46
46
46
46
46
46
46
46
46
46
46
46
46
46
46
46
46
46
46
46
46
46
46
46
46
46
46
46
46
46
46
46
46
46
46
46
46
46
46
46
46
46
46
46
46
46
46
46
46
46
46
46
46
46
46
46
46
46
46
46
46
46
46
46
46
46
46
46
46
46
46
46
46
46
46
46
46
46
46
46
46
46
46
46
46
46
46
46
46
46
46
46
46
46
46
46
46
46
46
46
20
20
20
20
20
20
20
20
20
20
20
20
20
20
20
20
20
20
20
20
20
20
20
20
20
20
20
20
20
20
20
20
20
20
20
20
20
20
20
20
20
20
20
20
20
20
20
20
20
20
20
20
20
20
20
20
20
20
20
20
20
20
20
20
46
46
46
46
46
46
46
46
46
46
46
46
46
46
46
46
46
46
46
46
46
46
46
46
46
46
46
46
46
46
46
46
46
46
46
46
46
46
46
46
46
46
46
46
46
46
46
46
46
46
46
46
46
46
46
46
46
46
46
46
46
46
46
46
46
46
46
46
46
46
46
46
46
46
46
46
46
46
46
46
46
46
46
46
46
46
46
46
46
46
46
46
46
46
46
46
46
46
46
46
46
46
46
46
46
46
46
46
46
46
46
46
46
46
46
46
46
46
46
46
46
46
46
46
46
46
46
46
46
46
46
46
46
46
46
46
46
46
46
46
46
46
46
46
46
46
46
46
46
46
46
46
46
46
46
46
46
46
46
46
46
46
46
46
46
46
46
46
46
46
46
46
46
46
46
46
46
46
46
46
46
46
46
46
46
46
46
46
46
46
46
46
46
46
46
46
46
46
46
46
46
46
46
46
46
46
46
46
46
46
46
46
46
46
46
46
46
46
46
46
46
46
46
46
46
46
46
46
46
46
46
46
46
46
46
46
46
46
46
46
46
46
46
46
46
46
46
46
46
46
46
46
46
46
46
46
46
46
46
46
46
46
46
46
46
46
46
46
46
46
46
46
46
46
46
46
46
46
46
46
46
46
46
46
46
46
46
46
46
46
46
46
46
46
46
46
46
46
46
46
46
46
46
46
46
46
46
46
46
46
46
46
46
46
46
46
46
46
46
46
46
46
46
46
46
46
46
46
46
46
46
46
46
46
46
46
46
46
46
46
46
46
46
46
46
46
46
46
46
46
46
46
46
46
46
46
46
46
46
46
46
46
46
46
46
46
46
46
46
46
46
46
46
46
46
46
46
46
46
46
46
46
46
46
46
46
46
46
46
46
46
46
46
46
46
46
46
46
46
46
46
46
46
46
46
46
46
46
46
46
46
46
46
46
46
46
46
46
46
46
46
46
46
46
46
46
46
46
46
46
46
46
46
46
46
46
46
46
46
46
46
46
46
46
46
46
46
46
46
46
46
46
46
46
46
46
46
46
46
46
46
46
46
46
46
46
46
46
46
46
46
46
46
46
46
46
46
46
46
46
46
46
46
46
46
46
46
46
46
46
46
46
46
46
46
46
46
46
46
46
46
46
46
46
46
46
46
46
46
46
46
46
46
46
46
46
46
46
46
46
46
46
46
46
46
46
46
46
46
46
46
46
46
46
46
46
46
46
46
46
46
46
46
46
46
46
46
46
46
46
46
46
46
46
46
46
46
46
46
46
46
46
46
46
46
46
46
46
46
46
46
46
46
46
46
46
46
46
46
46
46
46
46
46
46
46
46
46
46
46
46
46
46
46
46
46
46
46
46
46
46
46
46
46
46
46
46
46
46
46
46
46
46
46
46
46
46
46
46
46
46
46
46
46
46
46
46
46
46
46
46
46
46
46
46
46
46
46
46
46
20
20
20
20
20
20
20
20
20
20
20
20
20
20
20
20
20
20
20
20
20
20
20
20
20
20
20
20
20
20
20
20
20
20
20
20
20
20
20
20
20
20
20
20
20
20
20
20
20
20
20
20
20
20
20
20
20
20
20
20
20
20
20
20
46
46
46
46
46
46
46
46
46
46
46
46
46
46
46
46
46
46
46
46
46
46
46
46
46
46
46
46
46
46
46
46
46
46
46
46
46
46
46
46
46
46
46
46
46
46
46
46
46
46
46
46
46
46
46
46
46
46
46
46
46
46
46
46
46
46
46
46
46
46
46
46
46
46
46
46
46
46
46
46
46
46
46
46
46
46
46
46
46
46
46
46
46
46
46
46
46
46
46
46
46
46
46
46
46
46
46
46
46
46
46
46
46
46
46
46
46
46
46
46
46
46
46
46
46
46
46
46
46
46
46
46
46
46
46
46
46
46
46
46
46
46
46
46
46
46
46
46
46
46
46
46
46
46
46
46
46
46
46
46
46
46
46
46
46
46
46
46
46
46
46
46
46
46
46
46
46
46
46
46
46
46
46
46
46
46
46
46
46
46
46
46
46
46
46
46
46
46
46
46
46
46
46
46
46
46
46
46
46
46
46
46
46
46
46
46
46
46
46
46
46
46
46
46
46
46
46
46
46
46
46
46
46
46
46
46
46
46
46
46
46
46
46
46
46
46
46
46
46
46
46
46
46
46
46
46
46
46
46
46
46
46
46
46
46
46
46
46
46
46
46
46
46
46
46
46
46
46
46
46
46
46
46
46
46
46
46
46
0
0
0
0
0
0
0
0
0
0
0
0
0
0
0
0
0
0
0
0
0
0
0
0
0
0
0
0
0
0
0
0
0
0
0
0
0
0
0
0
0
0
0
0
0
0
0
0
0
0
0
0
0
0
0
0
0
0
0
0
0
0
0
0
0
0
0
0
0
0
0
0
0
0
0
0
0
0
0
0
0
0
0
0
0
0
0
0
0
0
0
0
0
0
0
0
2
2
2
2
2
2
2
2
2
2
2
2
2
2
2
2
2
2
2
2
2
2
2
2
2
2
2
2
2
2
2
2
0
0
0
0
0
0
0
0
0
0
0
0
0
0
0
0
0
0
0
0
0
0
0
0
0
0
0
0
0
0
0
0
0
0
0
0
0
0
0
0
0
0
0
0
0
0
0
0
0
0
0
0
0
0
0
0
0
0
0
0
0
0
0
0
0
0
0
0
0
0
0
0
0
0
0
0
0
0
0
0
0
0
0
0
0
0
0
0
0
0
0
0
0
0
0
0
0
0
0
0
0
0
0
0
0
0
0
0
0
0
0
0
0
0
0
0
0
0
0
0
0
0
0
0
0
0
0
0
5
4
5
4
5
4
5
4
5
4
5
4
5
4
5
4
5
4
5
4
5
4
5
4
5
4
5
4
5
4
5
4
0
0
0
0
0
0
0
0
0
0
0
0
0
0
0
0
0
0
0
0
0
0
0
0
0
0
0
0
0
0
0
0
0
0
0
0
0
0
0
0
0
0
0
0
0
0
0
0
0
0
0
0
0
0
0
0
0
0
0
0
0
0
0
0
0
0
0
0
0
0
0
0
0
0
0
0
0
0
0
0
0
0
0
0
0
0
0
0
0
0
0
0
0
0
0
0
0
0
0
0
0
0
0
0
0
0
0
0
0
0
0
0
0
0
0
0
0
0
0
0
0
0
0
0
0
0
0
0
-1
-1
-1
-1
-1
-1
-1
-1
-1
-1
-1
-1
-1
-1
-1
-1
-1
-1
-1
-1
-1
-1
-1
-1
-1
-1
-1
-1
-1
-1
-1
-1
0
0
0
0
0
0
0
0
0
0
0
0
0
0
0
0
0
0
0
0
0
0
0
0
0
0
0
0
0
0
0
0
0
0
0
0
0
0
0
0
0
0
0
0
0
0
0
0
0
0
0
0
0
0
0
0
0
0
0
0
0
0
0
0
0
0
0
0
0
0
0
0
0
0
0
0
0
0
0
0
0
0
0
0
0
0
0
0
0
0
0
0
0
0
0
0
0
0
0
0
0
0
0
0
0
0
0
0
0
0
0
0
0
0
0
0
0
0
0
0
0
0
0
0
0
0
0
0
0
0
0
0
0
0
0
0
0
0
0
0
0
0
0
0
0
0
0
0
0
0
0
0
0
0
0
0
0
0
0
0
0
0
0
0
0
0
0
0
0
0
0
0
0
0
0
0
0
0
0
0
0
0
0
0
0
0
0
0
0
0
0
0
0
0
0
0
0
0
0
0
0
0
0
0
0
0
0
0
0
0
0
0
0
0
0
0
0
0
0
0
0
0
0
0
0
0
0
0
0
0
0
0
0
0
0
0
0
0
0
0
0
0
0
0
0
0
0
0
0
0
0
0
0
0
0
0
0
0
0
0
0
0
0
0
0
0
0
0
0
0
0
0
0
0
0
0
0
0
0
0
0
0
0
0
0
0
0
0
0
0
0
0
0
0
0
0
0
0
0
0
0
0
0
0
0
0
0
0
0
0
0
0
0
0
0
0
0
0
0
0
0
0
0
0
0
0
0
0
0
0
0
0
0
0
0
0
0
0
0
0
0
0
0
0
0
0
0
0
0
0
0
0
0
0
0
0
0
0
0
0
0
0
0
0
0
0
0
0
0
0
0
0
0
0
0
0
0
0
0
0
0
0
0
0
6
6
6
6
6
6
6
6
6
6
6
6
6
6
6
6
6
6
6
6
6
6
6
6
6
6
6
6
6
6
6
6
0
0
0
0
0
0
0
0
0
0
0
0
0
0
0
0
0
0
0
0
0
0
0
0
0
0
0
0
0
0
0
0
6
6
6
6
6
6
6
6
6
6
6
6
6
6
6
6
6
6
6
6
6
6
6
6
6
6
6
6
6
6
6
6
0
0
0
0
0
0
0
0
0
0
0
0
0
0
0
0
0
0
0
0
0
0
0
0
0
0
0
0
0
0
0
0
6
6
6
6
6
6
6
6
6
6
6
6
6
6
6
6
6
6
6
6
6
6
6
6
6
6
6
6
6
6
6
6
0
0
0
0
0
0
0
0
0
0
0
0
0
0
0
0
0
0
0
0
0
0
0
0
0
0
0
0
0
0
0
0
6
6
6
6
6
6
6
6
6
6
6
6
6
6
6
6
6
6
6
6
6
6
6
6
6
6
6
6
6
6
6
6
0
0
0
0
0
0
0
0
0
0
0
0
0
0
0
0
0
0
0
0
0
0
0
0
0
0
0
0
0
0
0
0
6
6
6
6
6
6
6
6
6
6
6
6
6
6
6
6
6
6
6
6
6
6
6
6
6
6
6
6
6
6
6
6
0
0
0
0
0
0
0
0
0
0
0
0
0
0
0
0
0
0
0
0
0
0
0
0
0
0
0
0
0
0
0
0
6
6
6
6
6
6
6
6
6
6
6
6
6
6
6
6
6
6
6
6
6
6
6
6
6
6
6
6
6
6
6
6
0
0
0
0
0
0
0
0
0
0
0
0
0
0
0
0
0
0
0
0
0
0
0
0
0
0
0
0
0
0
0
0
0
0
0
0
0
0
0
0
0
0
0
0
0
0
0
0
0
0
0
0
0
0
0
0
0
0
0
0
0
0
0
0
0
0
0
0
0
0
0
0
0
0
0
0
0
0
0
0
0
0
0
0
0
0
0
0
0
0
0
0
0
0
0
0
6
6
6
6
6
6
6
6
6
6
6
6
6
6
6
6
6
6
6
6
6
6
6
6
6
6
6
6
6
6
6
6
0
0
0
0
0
0
0
0
0
0
0
0
0
0
0
0
0
0
0
0
0
0
0
0
0
0
0
0
0
0
0
0
6
6
6
6
6
6
6
6
6
6
6
6
6
6
6
6
6
6
6
6
6
6
6
6
6
6
6
6
6
6
6
6
0
0
0
0
0
0
0
0
0
0
0
0
0
0
0
0
0
0
0
0
0
0
0
0
0
0
0
0
0
0
0
0
6
6
6
6
6
6
6
6
6
6
6
6
6
6
6
6
6
6
6
6
6
6
6
6
6
6
6
6
6
6
6
6
0
0
0
0
0
0
0
0
0
0
0
0
0
0
0
0
0
0
0
0
0
0
0
0
0
0
0
0
0
0
0
0
6
6
6
6
6
6
6
6
6
6
6
6
6
6
6
6
6
6
6
6
6
6
6
6
6
6
6
6
6
6
6
6
0
0
0
0
0
0
0
0
0
0
0
0
0
0
0
0
0
0
0
0
0
0
0
0
0
0
0
0
0
0
0
0
6
6
6
6
6
6
6
6
6
6
6
6
6
6
6
6
6
6
6
6
6
6
6
6
6
6
6
6
6
6
6
6
0
0
0
0
0
0
0
0
0
0
0
0
0
0
0
0
0
0
0
0
0
0
0
0
0
0
0
0
0
0
0
0
6
6
6
6
6
6
6
6
6
6
6
6
6
6
6
6
6
6
6
6
6
6
6
6
6
6
6
6
6
6
6
6
0
0
0
0
0
0
0
0
0
0
0
0
0
0
0
0
0
0
0
0
0
0
0
0
0
0
0
0
0
0
0
0
0
0
0
0
0
0
0
0
0
0
0
0
0
0
0
0
0
0
0
0
0
0
0
0
0
0
0
0
0
0
0
0
0
0
0
0
0
0
0
0
0
0
0
0
0
0
0
0
0
0
0
0
0
0
0
0
0
0
0
0
0
0
0
0
