%pattern_data
4
4
4
0
0
32
-8
0
52
88
0
1
1
0
0
0
10
0
3
0
0
0
0
0
0
0
0
37
-1
-1
0
0
0
50
0
0
37
99
0
0
0
1
0
1
0
0
0
0
0
0
0
0
0
0
0
0
9
0
0
43
1
0
1
0
0
0
1
0
1
0
1
0
0
0
1
0
1
0
1
0
0
0
1
0
1
0
1
0
0
0
1
0
1
0
1
0
0
0
1
0
1
0
1
0
0
0
1
0
1
0
1
0
0
0
1
0
1
0
1
0
0
0
1
0
-47
-47
-47
-47
-47
-47
-47
-47
-47
-47
-47
-47
-47
-47
-47
-47
-47
-47
-47
-47
-47
-47
-47
-47
-47
-47
-47
-47
-47
-47
-47
-47
307460
576916
886100
1153855
1442313
1730771
2034943
2307687
2603900
2884626
3202766
3461542
3750000
4038458
4341655
4615374
4920091
5192313
5495737
5769229
6057687
6346145
6648118
6923084
7232472
7500000
7796485
8076916
8365374
8653855
8946735
9230771
9544535
9807687
10123061
10384626
10673084
10961542
11261973
11538458
11838866
12115374
12411905
12692313
12980771
13269229
13556667
13846145
14155488
14423084
14736848
15000000
15288458
15576916
15911746
16153855
16470295
16730771
17059569
17307687
17596145
17884626
18190476
18461542
299887
576916
850091
1153855
1442313
1730771
2016893
2307687
2606100
2884626
3183061
3461542
3750000
4038458
4333878
4615374
4908571
5192313
5480907
5769229
6057687
6346145
6641270
6923084
7204649
7500000
7795692
8076916
8365374
8653855
8960181
9230771
9536259
9807687
10109773
10384626
10673084
10961542
11235714
11538458
11824059
12115374
12401995
12692313
12980771
13269229
13561315
13846145
14139977
14423084
14726100
15000000
15288458
15576916
15880159
16153855
16443220
16730771
17017619
17307687
17596145
17884626
18187891
18461542
1122626
576916
1695923
1153855
1442313
1730771
2866935
2307687
3431017
2884626
3999714
3461542
3750000
4038458
5135597
4615374
5724090
5192313
6313759
5769229
6057687
6346145
7470310
6923084
8023865
7500000
8595158
8076916
8365374
8653855
9776163
9230771
10355958
9807687
10947743
10384626
10673084
10961542
12082013
11538458
12657352
12115374
13240988
12692313
12980771
13269229
12082013
13846145
14976591
14423084
15550030
15000000
15288458
15576916
16708252
16153855
17278206
16730771
15560635
17307687
17596145
17884626
12082114
18461542
295760
576916
871859
1153855
1442313
1730771
2025397
2307687
2613061
2884626
3195737
3461542
3750000
4038458
4360680
4615374
4932993
5192313
5488957
5769229
6057687
6346145
6647846
6923084
7232041
7500000
7805147
8076916
8365374
8653855
8968118
9230771
9547619
9807687
10122789
10384626
10673084
10961542
11256259
11538458
11849977
12115374
12434785
12692313
12980771
13269229
13565805
13846145
14155964
14423084
14743197
15000000
15288458
15576916
15895147
16153855
16474875
16730771
17052313
17307687
17596145
17884626
18187234
18461542
314104
576916
871497
1153855
1442313
1730771
2018050
2307687
2596689
2884626
3182902
3461542
3750000
4038458
4335034
4615374
4916009
5192313
5487664
5769229
6057687
6346145
6634785
6923084
7230544
7500000
7810839
8076916
8365374
8653855
8965125
9230771
9540159
9807687
10108458
10384626
10673084
10961542
11264444
11538458
11843333
12115374
12418005
12692313
12980771
13269229
13569751
13846145
14134626
14423084
14723084
15000000
15288458
15576916
15893855
16153855
16475442
16730771
17049841
17307687
17596145
17884626
18213265
18461542
301361
576916
888005
1153855
1442313
1730771
2025646
2307687
2605828
2884626
3185714
3461542
3750000
4038458
4338141
4615374
4917120
5192313
5511474
5769229
6057687
6346145
6648844
6923084
7210408
7500000
7785964
8076916
8365374
8653855
8975147
9230771
9530476
9807687
10115193
10384626
10673084
10961542
11252132
11538458
11824830
12115374
12428549
12692313
12980771
13269229
13589592
13846145
14163311
14423084
14725624
15000000
15288458
15576916
15893401
16153855
16455351
16730771
17032204
17307687
17596145
17884626
18192538
18461542
320567
576916
895578
1153855
1442313
1730771
4343923
2307687
895578
2884626
3220771
3461542
3750000
4038458
4343923
4615374
4909683
5192313
5483039
5769229
6057687
6346145
4909683
6923084
7238141
7500000
7823991
8076916
8365374
8653855
8937075
9230771
9529955
9807687
10133900
10384626
10673084
10961542
11249705
11538458
11836032
12115374
12421610
12692313
12980771
13269229
13546939
13846145
15871678
14423084
12421610
15000000
15288458
15576916
15871678
16153855
16465147
16730771
17030023
17307687
17596145
17884626
15871678
18461542
313673
576916
890159
1153855
1442313
1730771
2031973
2307687
2606236
2884626
3192154
3461542
3750000
4038458
4346780
4615374
4913175
5192313
5494558
5769229
6057687
6346145
6644444
6923084
7229660
7500000
7811746
8076916
8365374
8653855
8956939
9230771
9533719
9807687
10129864
10384626
10673084
10961542
11263243
11538458
11830295
12115374
12411859
12692313
12980771
13269229
13583333
13846145
14166304
14423084
14738594
15000000
15288458
15576916
15895805
16153855
16464036
16730771
17052494
17307687
17596145
17884626
18202517
18461542
308707
576916
875669
1153855
1442313
1730771
2027460
2307687
2623900
2884626
3202857
3461542
3750000
4038458
4338435
4615374
4920227
5192313
5508231
5769229
6057687
6346145
6644059
6923084
7230612
7500000
7808526
8076916
8365374
8653855
8973265
9230771
9546236
9807687
10099184
10384626
10673084
10961542
11270499
11538458
11857029
12115374
12422585
12692313
12980771
13269229
13577120
13846145
14156122
14423084
14734150
15000000
15288458
15576916
15879025
16153855
16483401
16730771
17025578
17307687
17596145
17884626
18161111
18461542
310317
576916
888934
1153855
1442313
1730771
2033855
2307687
2624580
2884626
3187483
3461542
3750000
4038458
4358027
4615374
4926145
5192313
5507302
5769229
6057687
6346145
6650000
6923084
7229161
7500000
7807279
8076916
8365374
8653855
8986032
9230771
9533447
9807687
10135510
10384626
10673084
10961542
11267143
11538458
11844943
12115374
12424399
12692313
12980771
13269229
13591519
13846145
14156463
14423084
14735646
15000000
15288458
15576916
15900907
16153855
16460454
16730771
17051474
17307687
17596145
17884626
18204580
18461542
302993
576916
891361
1153855
1442313
1730771
2059365
2307687
2609206
2884626
3191406
3461542
3750000
4038458
4351950
4615374
4921247
5192313
5500317
5769229
6057687
6346145
6645624
6923084
7206145
7500000
7787279
8076916
8365374
8653855
8943379
9230771
9515079
9807687
10106236
10384626
10673084
10961542
11285941
11538458
11838594
12115374
12406485
12692313
12980771
13269229
13563039
13846145
14149093
14423084
14706372
15000000
15288458
15576916
15858095
16153855
16463175
16730771
17005057
17307687
17596145
17884626
18179365
18461542
292086
576916
878730
1153855
1442313
1730771
2038662
2307687
2624308
2884626
3184082
3461542
3750000
4038458
4357098
4615374
4904059
5192313
5499909
5769229
6057687
6346145
6658821
6923084
7216327
7500000
7810907
8076916
8365374
8653855
8953968
9230771
9537891
9807687
10103719
10384626
10673084
10961542
11262041
11538458
11838231
12115374
12422721
12692313
12980771
13269229
14730000
13846145
14140816
14423084
14730000
15000000
15288458
15576916
15886281
16153855
16449365
16730771
17048005
17307687
17596145
17884626
18182268
18461542
294898
576916
881202
1153855
1442313
1730771
2044150
2307687
2608073
2884626
3178095
3461542
3750000
4038458
4322132
4615374
4905147
5192313
5491791
5769229
6057687
6346145
6674286
6923084
7241746
7500000
7818549
8076916
8365374
8653855
8976077
9230771
9533719
9807687
10109955
10384626
10673084
10961542
11267438
11538458
11862880
12115374
12430136
12692313
12980771
13269229
13567120
13846145
14145646
14423084
14719002
15000000
15288458
15576916
15882766
16153855
16458254
16730771
17042018
17307687
17596145
17884626
18210794
18461542
297166
576916
904467
1153855
1442313
1730771
2024921
2307687
2598889
2884626
3183946
3461542
3750000
4038458
4334127
4615374
4903379
5192313
5496803
5769229
6057687
6346145
6649456
6923084
7220658
7500000
7817596
8076916
8365374
8653855
8947324
9230771
9520635
9807687
10114512
10384626
10673084
10961542
11263832
11538458
11837914
12115374
12411474
12692313
12980771
13269229
13574331
13846145
14153061
14423084
14734218
15000000
15288458
15576916
15882200
16153855
16457551
16730771
17039297
17307687
17596145
17884626
18193288
18461542
307596
576916
867188
1153855
1442313
1730771
2028912
2307687
2612041
2884626
3195624
3461542
3750000
4038458
4320998
4615374
4907052
5192313
5486009
5769229
6057687
6346145
6654807
6923084
7238798
7500000
7811655
8076916
8365374
8653855
8959796
9230771
9524036
9807687
10117120
10384626
10673084
10961542
11245669
11538458
11832268
12115374
12422608
12692313
12980771
13269229
13571519
13846145
14147166
14423084
14724127
15000000
15288458
15576916
15881837
16153855
16457007
16730771
17027347
17307687
17596145
17884626
18196485
18461542
0
0
0
0
0
0
0
0
0
0
0
0
0
0
0
0
0
0
0
0
0
0
0
0
0
0
0
0
0
0
0
0
0
0
0
0
0
0
0
0
0
0
0
0
0
0
0
0
0
0
0
0
0
0
0
0
0
0
0
0
0
0
0
0
0
0
0
0
0
0
0
0
0
0
0
0
0
0
0
0
0
0
0
0
0
0
0
0
0
0
0
0
0
0
0
0
0
0
0
0
0
0
0
0
0
0
0
0
0
0
0
0
0
0
0
0
0
0
0
0
0
0
0
0
0
0
0
0
0
0
0
0
0
0
0
0
0
0
0
0
0
0
0
0
0
0
0
0
0
0
0
0
0
0
0
0
0
0
0
0
0
0
0
0
0
0
0
0
0
0
0
0
0
0
0
0
0
0
0
0
0
0
0
0
0
0
0
0
0
0
0
0
0
0
0
0
0
0
0
0
0
0
0
0
0
0
0
0
0
0
0
0
0
0
0
0
0
0
0
0
0
0
0
0
0
0
0
0
0
0
0
0
0
0
0
0
0
0
0
0
0
0
0
0
0
0
0
0
0
0
0
0
0
0
0
0
0
0
0
0
0
0
0
0
0
0
0
0
0
0
0
0
0
0
0
0
0
0
0
0
0
0
0
0
0
0
0
0
0
0
0
0
0
0
0
0
0
0
0
0
0
0
0
0
0
0
0
0
0
0
0
0
0
0
0
0
0
0
0
0
187302
340907
527392
681814
852268
1022721
1203243
1363628
1541587
1704535
1896395
2045465
2215918
2386372
2573220
2727279
2914580
3068186
3260816
3409093
3579546
3750000
3926939
4090907
4275057
4431814
4629388
4772721
4943175
5113628
5290227
5454535
5646667
5795465
5988322
6136372
6306825
6477279
6656667
6818186
7006984
7159093
7353379
7500000
7670454
7840907
8024399
8181814
8360454
8522721
8713288
8863628
9034082
9204535
9386485
9545465
9733968
9886372
10076327
10227279
10397732
10568186
10760998
10909093
199796
340907
535760
681814
852268
1022721
1218594
1363628
1572517
1704535
1899751
2045465
2215918
2386372
2573379
2727279
2909728
3068186
3240363
3409093
3579546
3750000
3936100
4090907
4276848
4431814
4619048
4772721
4943175
5113628
5299909
5454535
5650839
5795465
5991202
6136372
6306825
6477279
6649728
6818186
7009637
7159093
7347166
7500000
7670454
7840907
8031406
8181814
8379887
8522721
8722494
8863628
9034082
9204535
9401791
9545465
9743084
9886372
10083243
10227279
10397732
10568186
10754603
10909093
190454
340907
520023
681814
852268
1022721
1213084
1363628
1551043
1704535
1875737
2045465
2215918
2386372
2570091
2727279
2907483
3068186
3264422
3409093
3579546
3750000
3942880
4090907
4278005
4431814
4621134
4772721
4943175
5113628
5309048
5454535
5642834
5795465
5990045
6136372
6306825
6477279
6654830
6818186
7003197
7159093
7345215
7500000
7670454
7840907
8035193
8181814
8367052
8522721
8713537
8863628
9034082
9204535
9392630
9545465
9720136
9886372
10075079
10227279
10397732
10568186
10748073
10909093
182812
340907
524399
681814
852268
1022721
1194762
1363628
1549955
1704535
1877370
2045465
2215918
2386372
2581066
2727279
2922154
3068186
3252063
3409093
3579546
3750000
3941678
4090907
4285896
4431814
4620249
4772721
4943175
5113628
5307800
5454535
5648889
5795465
10071293
6136372
6306825
6477279
6682472
6818186
7006122
7159093
7328503
7500000
7670454
7840907
8011655
8181814
8366508
8522721
8693923
8863628
9034082
9204535
9396848
9545465
9726599
9886372
10071293
10227279
10397732
10568186
10753129
10909093
182812
340907
533129
681814
852268
1022721
1201610
1363628
1554558
1704535
1888639
2045465
2215918
2386372
2562177
2727279
2925442
3068186
3259728
3409093
3579546
3750000
3944422
4090907
4280408
4431814
4623265
4772721
4943175
5113628
5314218
5454535
5652971
5795465
5996689
6136372
6306825
6477279
6664694
6818186
7009274
7159093
7345782
7500000
7670454
7840907
8033424
8181814
8367302
8522721
8709796
8863628
9034082
9204535
9403379
9545465
9738231
9886372
10080113
10227279
10397732
10568186
10750544
10909093
192041
340907
534150
681814
852268
1022721
1199705
1363628
1538277
1704535
1888413
2045465
2215918
2386372
2562086
2727279
2918345
3068186
3266281
3409093
3579546
3750000
3922154
4090907
4276599
4431814
4615850
4772721
4943175
5113628
5306122
5454535
5658889
5795465
5991519
6136372
6306825
6477279
6646576
6818186
7006621
7159093
7348934
7500000
7670454
7840907
8042540
8181814
8371769
8522721
8716327
8863628
9034082
9204535
9401587
9545465
9734263
9886372
10091179
10227279
10397732
10568186
10776848
10909093
197868
340907
533946
681814
852268
1022721
1211474
1363628
1550930
1704535
1899637
2045465
2215918
2386372
2563152
2727279
2909070
3068186
3261474
3409093
3579546
3750000
3925941
4090907
4293605
4431814
4630023
4772721
4943175
5113628
5301519
5454535
5654512
5795465
5997347
6136372
6306825
6477279
6663719
6818186
7017098
7159093
7356281
7500000
7670454
7840907
8045306
8181814
8380771
8522721
8732018
8863628
9034082
9204535
9390952
9545465
9754376
9886372
10088957
10227279
10397732
10568186
10764921
10909093
193628
340907
541383
681814
852268
1022721
1224490
1363628
1547234
1704535
1897823
2045465
2215918
2386372
1224490
2727279
2908118
3068186
3262812
3409093
3579546
3750000
2908118
4090907
4291519
4431814
4633243
4772721
4943175
5113628
4291519
5454535
7356122
5795465
5991361
6136372
6306825
6477279
8044059
6818186
7006961
7159093
7356122
7500000
7670454
7840907
8044059
8181814
8366667
8522721
8726440
8863628
9034082
9204535
9403968
9545465
9737234
9886372
10074853
10227279
10397732
10568186
10761020
10909093
204717
340907
525533
681814
852268
1022721
1200499
1363628
1558685
1704535
1899093
2045465
2215918
2386372
2572744
2727279
2926100
3068186
3268458
3409093
3579546
3750000
3939161
4090907
4282880
4431814
4638073
4772721
4943175
5113628
5294762
5454535
5636372
5795465
5980522
6136372
6306825
6477279
6661338
6818186
7006304
7159093
7357098
7500000
7670454
7840907
8024830
8181814
8381451
8522721
8735941
8863628
9034082
9204535
9394898
9545465
9738685
9886372
10075102
10227279
10397732
10568186
10744059
10909093
183560
340907
528889
681814
852268
1022721
1209093
1363628
1542200
1704535
1885850
2045465
2215918
2386372
2568277
2727279
2909297
3068186
3257166
3409093
3579546
3750000
3941791
4090907
4299456
4431814
4624263
4772721
4943175
5113628
5294195
5454535
5635079
5795465
5973016
6136372
6306825
6477279
6657642
6818186
7000340
7159093
7338367
7500000
7670454
7840907
8013900
8181814
8365624
8522721
8708844
8863628
9034082
9204535
9406213
9545465
9734580
9886372
10072200
10227279
10397732
10568186
10765306
10909093
185102
340907
530680
681814
852268
1022721
1216735
1363628
1552585
1704535
1896825
2045465
2215918
2386372
2577211
2727279
2919274
3068186
3265215
3409093
3579546
3750000
3932086
4090907
4274059
4431814
4625283
4772721
4943175
5113628
5300975
5454535
5661043
5795465
5996032
6136372
6306825
6477279
6661678
6818186
7000930
7159093
7357710
7500000
7670454
7840907
8025374
8181814
8368549
8522721
8711066
8863628
9034082
9204535
9391020
9545465
9736145
9886372
10079365
10227279
10397732
10568186
10747664
10909093
192698
340907
538095
681814
852268
1022721
1202290
1363628
1557914
1704535
1893787
2045465
2215918
2386372
2563583
2727279
2913900
3068186
3253401
3409093
3579546
3750000
3921474
4090907
4275805
4431814
4624036
4772721
4943175
5113628
5302290
5454535
5646009
5795465
5978481
6136372
6306825
6477279
6646304
6818186
7006667
7159093
7342177
7500000
7670454
7840907
8020975
8181814
8360091
8522721
8718980
8863628
9034082
9204535
9395941
9545465
9714512
9886372
10072018
10227279
10397732
10568186
10760703
10909093
176122
340907
521814
681814
852268
1022721
1212880
1363628
1555397
1704535
1894036
2045465
2215918
2386372
2569546
2727279
2911610
3068186
3270680
3409093
3579546
3750000
3937438
4090907
4286757
4431814
4620930
4772721
4943175
5113628
5312086
5454535
5649841
5795465
5979206
6136372
6306825
6477279
6674671
6818186
6993968
7159093
7344671
7500000
7670454
7840907
8037483
8181814
8366780
8522721
8716939
8863628
9034082
9204535
9404807
9545465
9744127
9886372
10089501
10227279
10397732
10568186
10757982
10909093
182562
340907
528005
681814
852268
1022721
1214150
1363628
1539161
1704535
1884898
2045465
2215918
2386372
2568413
2727279
2905034
3068186
3240181
3409093
3579546
3750000
3921497
4090907
4262721
4431814
4611746
4772721
4943175
5113628
5297279
5454535
5635782
5795465
5988526
6136372
6306825
6477279
6660136
6818186
6997800
7159093
7339274
7500000
7670454
7840907
8022109
8181814
8360476
8522721
8704603
8863628
9034082
9204535
9396009
9545465
9712608
9886372
10068367
10227279
10397732
10568186
10768118
10909093
171859
340907
522426
681814
852268
1022721
1189297
1363628
1553175
1704535
1905442
2045465
2215918
2386372
2581224
2727279
2918526
3068186
3262540
3409093
3579546
3750000
3935646
4090907
4268730
4431814
4614717
4772721
4943175
5113628
5303129
5454535
5639093
5795465
5976485
6136372
6306825
6477279
6660862
6818186
7003288
7159093
7348186
7500000
7670454
7840907
8041088
8181814
8376032
8522721
8713288
8863628
9034082
9204535
9373832
9545465
9712494
9886372
10059592
10227279
10397732
10568186
10736599
10909093
0
0
0
0
0
0
0
0
0
0
0
0
0
0
0
0
0
0
0
0
0
0
0
0
0
0
0
0
0
0
0
0
0
0
0
0
0
0
0
0
0
0
0
0
0
0
0
0
0
0
0
0
0
0
0
0
0
0
0
0
0
0
0
0
0
0
0
0
0
0
0
0
0
0
0
0
0
0
0
0
0
0
0
0
0
0
0
0
0
0
0
0
0
0
0
0
0
0
0
0
0
0
0
0
0
0
0
0
0
0
0
0
0
0
0
0
0
0
0
0
0
0
0
0
0
0
0
0
0
0
0
0
0
0
0
0
0
0
0
0
0
0
0
0
0
0
0
0
0
0
0
0
0
0
0
0
0
0
0
0
0
0
0
0
0
0
0
0
0
0
0
0
0
0
0
0
0
0
0
0
0
0
0
0
0
0
0
0
0
0
0
0
0
0
0
0
0
0
0
0
0
0
0
0
0
0
0
0
0
0
0
0
0
0
0
0
0
0
0
0
0
0
0
0
0
0
0
0
0
0
0
0
0
0
0
0
0
0
0
0
0
0
0
0
0
0
0
0
0
0
0
0
0
0
0
0
0
0
0
0
0
0
0
0
0
0
0
0
0
0
0
0
0
0
0
0
0
0
0
0
0
0
0
0
0
0
0
0
0
0
0
0
0
0
0
0
0
0
0
0
0
0
0
0
0
0
0
0
0
0
0
0
0
0
0
0
0
0
0
0
748
55
853
53
24
13
747
53
989
58
668
55
26
14
682
56
1126
46
652
52
26
14
917
46
651
55
949
50
23
13
683
46
869
63
948
56
26
15
507
49
591
39
748
51
26
15
678
39
654
56
596
60
30
16
496
65
619
74
823
56
26
15
689
47
820
65
946
60
23
12
788
66
929
65
1377
61
23
10
899
74
985
62
1107
63
30
13
756
89
906
79
1156
59
28
14
1192
81
1153
63
1194
59
30
15
1016
81
1361
59
746
60
27
15
1142
68
892
64
1357
60
25
13
921
85
1747
69
905
62
29
13
802
74
847
443
770
622
76
584
987
51
998
701
1079
850
83
706
680
49
1248
245
894
616
71
531
885
43
799
598
932
498
76
250
867
36
669
546
970
269
65
640
1003
46
969
261
872
449
92
465
1003
45
1082
230
1087
490
74
750
1063
42
742
510
1073
382
69
327
1010
16
811
114
1107
102
49
24
1170
93
1116
99
1174
95
49
25
1067
120
995
113
1266
104
57
33
1776
105
1113
101
1128
110
53
27
1969
101
824
114
579
111
59
31
1240
113
1509
97
1251
107
52
25
1505
130
996
125
1177
113
58
33
1289
105
936
127
1280
118
65
39
1282
114
1307
73
1271
73
20
4
1111
65
1228
64
1130
57
14
4
1181
69
1190
73
756
50
12
2
1076
53
1186
52
1379
65
15
3
1414
64
1232
52
1127
43
6
1
1092
61
1186
51
1257
47
10
3
1512
57
1427
54
1253
55
15
4
1496
68
1088
69
1092
76
14
1
901
58
1716
27
1435
23
2
0
1898
18
1340
17
1700
14
1
0
1915
12
1836
22
1368
27
2
0
2313
18
1479
12
1467
5
1
0
1300
28
1288
17
1786
37
5
1
1960
25
1590
15
2279
28
2
0
1640
39
1953
37
1290
33
3
0
2036
20
1449
20
1296
18
1
0
1976
42
1164
42
1459
34
3
1
950
39
1459
58
1784
48
6
1
950
34
1329
34
2090
29
4
1
1329
76
1345
38
2128
43
7
1
2009
48
1697
71
2050
52
4
1
984
24
1822
41
1979
46
9
1
1924
54
1753
88
1979
28
8
2
1753
33
1405
49
2271
45
6
1
1753
95
1680
43
1649
12
1
0
2068
44
1770
7
2534
42
2
0
1912
31
2031
32
2367
16
2
0
2251
36
1502
20
1655
18
4
0
2252
58
2076
19
1227
9
1
0
1173
30
1372
17
2084
23
3
0
2110
34
1374
20
1552
5
1
0
1618
22
977
31
1461
28
8
0
1588
49
2641
9
3035
7
0
0
2128
9
2296
11
2755
10
0
0
2272
10
2254
9
2858
10
0
0
1898
9
2247
10
2334
10
0
0
2063
12
1796
11
2655
7
0
0
2268
9
2396
10
2616
9
0
0
2329
9
2552
9
2789
8
0
0
2489
8
1725
12
2407
7
0
0
2229
6
1469
4
2444
6
0
0
2325
5
2135
5
1928
4
0
0
2017
4
1962
3
2272
3
1
0
2034
4
1901
3
2450
4
0
0
1956
6
2037
4
2422
6
0
0
2371
4
2136
3
2153
3
0
0
1944
4
1810
3
2389
3
0
0
1944
4
1673
3
2352
4
0
0
2095
4
2880
19
3292
22
1
0
3101
27
3330
18
4101
18
1
0
3308
21
2967
20
3635
20
1
0
3675
17
3242
14
3766
15
1
0
3847
15
3685
14
3364
17
0
0
3285
25
3432
17
4282
14
0
0
3905
16
4271
16
3959
13
0
0
3300
13
3222
20
3493
11
0
0
3751
15
708
140
1014
158
74
46
1571
137
1091
155
1130
144
68
41
1141
167
978
124
1003
144
75
44
993
150
1120
150
1059
149
70
57
713
112
867
149
753
134
88
49
673
113
963
122
948
169
77
58
1062
199
876
147
1062
156
74
50
1106
166
833
148
1046
129
63
39
781
135
1383
128
1208
122
58
33
1842
140
1436
129
1590
131
59
36
1271
131
1344
117
1992
149
60
30
1660
132
1778
155
1674
177
70
33
1177
126
1195
108
1263
128
71
41
1398
113
1036
137
1320
168
82
50
801
127
1293
144
1691
115
57
35
1732
121
1667
137
1544
137
73
46
1549
172
1426
78
1431
96
35
15
1210
91
1372
77
1394
104
39
12
1362
72
1345
68
1396
80
36
15
1506
92
1249
89
1372
104
44
20
1179
95
1206
71
1311
92
39
21
1112
97
1120
82
1278
87
32
15
1332
77
1563
81
1148
81
32
13
1063
86
1232
83
1054
102
43
19
1533
71
2064
116
1785
100
42
15
1791
115
1573
85
1651
97
35
12
1560
104
1896
82
1568
102
32
12
1431
124
1292
95
1389
116
48
17
1572
110
1340
93
1503
84
28
10
1382
89
1925
85
1902
125
30
8
1179
92
996
83
1542
78
22
7
1742
79
1478
99
2141
82
27
8
1895
82
0
0
0
0
0
0
0
0
0
0
0
0
0
0
0
0
0
0
0
0
0
0
0
0
0
0
0
0
0
0
0
0
0
0
0
0
0
0
0
0
0
0
0
0
0
0
0
0
0
0
0
0
0
0
0
0
0
0
0
0
0
0
0
0
0
0
0
0
0
0
0
0
0
0
0
0
0
0
0
0
0
0
0
0
0
0
0
0
0
0
0
0
0
0
0
0
0
0
0
0
0
0
0
0
0
0
0
0
0
0
0
0
0
0
0
0
0
0
0
0
0
0
0
0
0
0
0
0
0
0
0
0
0
0
0
0
0
0
0
0
0
0
0
0
0
0
0
0
0
0
0
0
0
0
0
0
0
0
0
0
0
0
0
0
0
0
0
0
0
0
0
0
0
0
0
0
0
0
0
0
0
0
0
0
0
0
0
0
0
0
0
0
0
0
0
0
0
0
0
0
0
0
0
0
0
0
0
0
0
0
0
0
0
0
0
0
0
0
0
0
0
0
0
0
0
0
0
0
0
0
0
0
0
0
0
0
0
0
0
0
0
0
0
0
0
0
0
0
0
0
0
0
0
0
0
0
0
0
0
0
0
0
0
0
0
0
0
0
0
0
0
0
0
0
0
0
0
0
0
0
0
0
0
0
0
0
0
0
0
0
0
0
0
0
0
0
0
0
0
0
0
0
0
0
0
0
0
0
0
0
0
0
0
0
0
0
0
0
0
0
1760
232
1271
256
113
77
1037
264
1169
238
1998
266
129
93
1083
286
1137
244
970
222
116
74
1567
215
860
210
1151
250
124
86
942
214
943
175
1032
215
108
68
1191
253
1011
233
1104
220
123
80
1146
266
909
244
1119
233
121
81
1149
236
863
196
1326
232
125
90
1159
299
963
161
2376
145
67
43
1984
140
1481
141
2057
126
62
39
1425
142
1932
146
2064
108
52
32
2198
142
1821
135
1543
144
72
44
1358
154
1127
147
1676
144
69
43
1314
127
1272
159
1600
159
80
52
1479
153
1495
144
1297
162
80
52
1248
149
2073
152
2032
146
68
43
1002
154
2636
94
1895
104
60
38
1686
109
1072
119
1809
108
62
37
1407
116
1121
112
1333
121
70
50
1365
128
1074
111
1445
127
70
50
1540
107
1413
122
1327
134
80
55
1240
137
754
111
1361
123
79
54
1444
123
1567
111
1117
109
64
42
1260
128
1117
109
1465
132
80
55
1408
124
1740
164
1253
143
74
39
858
130
1200
163
1270
142
84
44
1194
158
1424
154
1454
158
85
48
1337
153
1120
177
1251
155
79
46
1626
130
1715
154
1678
161
89
53
1288
191
1287
183
2107
153
96
61
1800
144
938
196
1449
138
74
42
1276
165
1395
168
1678
164
94
57
1225
140
1355
118
1911
107
41
16
1380
108
1451
110
1421
111
36
13
1489
117
1236
137
1691
108
38
15
1318
126
1358
102
1556
93
30
10
1241
118
1220
117
1533
117
42
15
1599
107
1478
107
1368
107
37
13
1310
117
1326
121
1416
103
41
16
1270
128
1579
120
1217
114
45
18
1486
118
1574
113
3175
74
15
6
3475
111
3786
99
3718
51
11
5
4122
108
2523
82
5119
91
18
6
3336
83
1961
106
3508
94
21
7
4549
85
2250
87
3752
70
13
4
2764
72
3026
48
1897
61
13
4
1550
87
1748
77
3625
83
17
4
1937
95
1630
68
2288
71
9
2
1992
85
2046
106
2433
120
45
10
1492
93
1735
105
1935
55
8
2
1484
95
1401
134
2150
69
9
2
1954
90
1549
87
2226
95
12
2
1869
148
1873
107
1818
51
6
1
1900
147
1647
82
1563
133
25
4
1910
120
1113
73
1527
71
17
2
1481
55
1593
94
1755
41
6
2
1043
95
1964
72
3287
111
18
4
924
101
1150
98
1171
60
6
2
924
149
457
84
2433
44
6
3
457
39
979
112
2281
125
21
8
979
144
1232
225
1131
43
5
3
602
84
545
42
1232
29
4
2
602
59
732
59
1018
26
2
2
1113
55
855
73
2076
12
2
1
904
86
2588
96
3429
69
6
1
3127
63
2232
88
3380
84
7
1
2471
82
2257
94
3171
99
8
1
2549
81
2569
87
3108
106
8
1
3242
69
3370
67
3481
71
6
1
3387
67
3531
77
2155
88
8
1
3189
67
2275
89
2685
121
9
1
3394
83
2243
88
3530
74
7
1
2898
64
2470
22
4099
19
1
1
2107
24
2735
19
3047
19
1
1
3309
19
2819
23
3667
20
1
1
3067
24
2721
34
4204
19
1
1
3041
19
2885
20
4159
13
2
1
2943
20
3179
19
4213
12
1
0
4175
12
3192
19
4580
19
1
1
3825
25
2630
23
4022
15
1
1
2731
32
3088
113
2996
124
10
1
3180
134
2766
119
3654
131
10
1
2910
125
2634
120
4075
143
11
1
3060
113
2836
111
3758
134
11
1
2714
118
2229
135
3388
150
12
1
2748
105
2885
109
2975
138
11
1
2769
117
2874
111
3278
121
10
1
2651
107
2145
99
2847
128
10
1
2561
96
1414
252
1956
240
142
109
1477
219
1540
280
1375
235
131
92
1408
217
1481
218
1549
219
134
94
1466
232
1402
233
1484
264
167
118
1462
278
1563
298
1930
247
166
115
1943
306
1351
259
1526
246
152
101
1322
225
1628
261
2258
253
158
119
1418
229
1407
252
1359
197
113
90
1602
267
1894
194
1996
177
91
53
1686
173
1739
193
1759
197
91
55
1174
208
1630
196
1460
233
104
59
1383
172
1423
182
1603
212
124
71
1336
225
1663
193
1584
160
90
57
1082
180
1538
174
1291
174
90
56
1470
211
1623
180
1675
187
113
68
1803
203
1855
194
1818
215
99
57
1188
190
1563
106
1877
148
74
42
1519
142
2057
159
1927
126
61
32
1443
147
1724
128
2544
155
81
42
1774
131
1870
138
2115
132
73
44
1942
145
1569
141
1990
131
66
38
1664
138
1896
147
2130
145
68
39
1786
148
2212
145
2052
144
70
39
1699
165
1844
130
1814
139
81
47
1857
137
1277
136
1266
152
76
47
1541
130
1069
163
1628
162
72
36
1905
147
2280
159
1360
131
70
36
1575
151
1566
144
1782
141
66
38
1638
159
2004
149
1849
154
76
38
1837
127
1930
136
1250
156
80
41
1548
208
2179
177
1540
162
83
46
1365
165
1471
173
1670
141
75
41
1966
128
0
0
0
0
0
0
0
0
0
0
0
0
0
0
0
0
0
0
0
0
0
0
0
0
0
0
0
0
0
0
0
0
0
0
0
0
0
0
0
0
0
0
0
0
0
0
0
0
0
0
0
0
0
0
0
0
0
0
0
0
0
0
0
0
0
0
0
0
0
0
0
0
0
0
0
0
0
0
0
0
0
0
0
0
0
0
0
0
0
0
0
0
0
0
0
0
0
0
0
0
0
0
0
0
0
0
0
0
0
0
0
0
0
0
0
0
0
0
0
0
0
0
0
0
0
0
0
0
0
0
0
0
0
0
0
0
0
0
0
0
0
0
0
0
0
0
0
0
0
0
0
0
0
0
0
0
0
0
0
0
0
0
0
0
0
0
0
0
0
0
0
0
0
0
0
0
0
0
0
0
0
0
0
0
0
0
0
0
0
0
0
0
0
0
0
0
0
0
0
0
0
0
0
0
0
0
0
0
0
0
0
0
0
0
0
0
0
0
0
0
0
0
0
0
0
0
0
0
0
0
0
0
0
0
0
0
0
0
0
0
0
0
0
0
0
0
0
0
0
0
0
0
0
0
0
0
0
0
0
0
0
0
0
0
0
0
0
0
0
0
0
0
0
0
0
0
0
0
0
0
0
0
0
0
0
0
0
0
0
0
0
0
0
0
0
0
0
0
0
0
0
0
0
0
0
0
0
0
0
0
0
0
0
0
0
0
0
0
0
0
20
20
20
20
20
20
20
20
20
20
20
20
20
20
20
20
20
20
20
20
20
20
20
20
20
20
20
20
20
20
20
20
20
20
20
20
20
20
20
20
20
20
20
20
20
20
20
20
20
20
20
20
20
20
20
20
20
20
20
20
20
20
20
20
46
46
46
46
46
46
46
46
46
46
46
46
46
46
46
46
46
46
46
46
46
46
46
46
46
46
46
46
46
46
46
46
46
46
46
46
46
46
46
46
46
46
46
46
46
46
46
46
46
46
46
46
46
46
46
46
46
46
46
46
46
46
46
46
46
46
46
46
46
46
46
46
46
46
46
46
46
46
46
46
46
46
46
46
46
46
46
46
46
46
46
46
46
46
46
46
46
46
46
46
46
46
46
46
46
46
46
46
46
46
46
46
46
46
46
46
46
46
46
46
46
46
46
46
46
46
46
46
46
46
46
46
46
46
46
46
46
46
46
46
46
46
46
46
46
46
46
46
46
46
46
46
46
46
46
46
46
46
46
46
46
46
46
46
46
46
46
46
46
46
46
46
46
46
46
46
46
46
46
46
46
46
46
46
46
46
46
46
46
46
46
46
46
46
46
46
46
46
46
46
46
46
46
46
46
46
46
46
46
46
46
46
46
46
46
46
46
46
46
46
46
46
46
46
46
46
46
46
46
46
46
46
46
46
46
46
46
46
46
46
46
46
46
46
46
46
46
46
46
46
46
46
46
46
46
46
46
46
46
46
46
46
46
46
46
46
46
46
46
46
46
46
46
46
46
46
46
46
46
46
46
46
46
46
46
46
46
46
20
20
20
20
20
20
20
20
20
20
20
20
20
20
20
20
20
20
20
20
20
20
20
20
20
20
20
20
20
20
20
20
20
20
20
20
20
20
20
20
20
20
20
20
20
20
20
20
20
20
20
20
20
20
20
20
20
20
20
20
20
20
20
20
46
46
46
46
46
46
46
46
46
46
46
46
46
46
46
46
46
46
46
46
46
46
46
46
46
46
46
46
46
46
46
46
46
46
46
46
46
46
46
46
46
46
46
46
46
46
46
46
46
46
46
46
46
46
46
46
46
46
46
46
46
46
46
46
46
46
46
46
46
46
46
46
46
46
46
46
46
46
46
46
46
46
46
46
46
46
46
46
46
46
46
46
46
46
46
46
46
46
46
46
46
46
46
46
46
46
46
46
46
46
46
46
46
46
46
46
46
46
46
46
46
46
46
46
46
46
46
46
46
46
46
46
46
46
46
46
46
46
46
46
46
46
46
46
46
46
46
46
46
46
46
46
46
46
46
46
46
46
46
46
46
46
46
46
46
46
46
46
46
46
46
46
46
46
46
46
46
46
46
46
46
46
46
46
46
46
46
46
46
46
46
46
46
46
46
46
46
46
46
46
46
46
46
46
46
46
46
46
46
46
46
46
46
46
46
46
46
46
46
46
46
46
46
46
46
46
46
46
46
46
46
46
46
46
46
46
46
46
46
46
46
46
46
46
46
46
46
46
46
46
46
46
46
46
46
46
46
46
46
46
46
46
46
46
46
46
46
46
46
46
46
46
46
46
46
46
46
46
46
46
46
46
46
46
46
46
46
46
20
20
20
20
20
20
20
20
20
20
20
20
20
20
20
20
20
20
20
20
20
20
20
20
20
20
20
20
20
20
20
20
20
20
20
20
20
20
20
20
20
20
20
20
20
20
20
20
20
20
20
20
20
20
20
20
20
20
20
20
20
20
20
20
46
46
46
46
46
46
46
46
46
46
46
46
46
46
46
46
46
46
46
46
46
46
46
46
46
46
46
46
46
46
46
46
46
46
46
46
46
46
46
46
46
46
46
46
46
46
46
46
46
46
46
46
46
46
46
46
46
46
46
46
46
46
46
46
46
46
46
46
46
46
46
46
46
46
46
46
46
46
46
46
46
46
46
46
46
46
46
46
46
46
46
46
46
46
46
46
46
46
46
46
46
46
46
46
46
46
46
46
46
46
46
46
46
46
46
46
46
46
46
46
46
46
46
46
46
46
46
46
46
46
46
46
46
46
46
46
46
46
46
46
46
46
46
46
46
46
46
46
46
46
46
46
46
46
46
46
46
46
46
46
46
46
46
46
46
46
46
46
46
46
46
46
46
46
46
46
46
46
46
46
46
46
46
46
46
46
46
46
46
46
46
46
46
46
46
46
46
46
46
46
46
46
46
46
46
46
46
46
46
46
46
46
46
46
46
46
46
46
46
46
46
46
46
46
27
27
27
27
27
27
27
27
27
27
27
27
27
27
27
27
27
27
27
27
27
27
27
27
27
27
27
27
27
27
27
27
27
27
27
27
27
27
27
27
27
27
27
27
27
27
27
27
27
27
27
27
27
27
27
27
27
27
27
27
27
27
27
27
20
20
20
20
20
20
20
20
20
20
20
20
20
20
20
20
20
20
20
20
20
20
20
20
20
20
20
20
20
20
20
20
20
20
20
20
20
20
20
20
20
20
20
20
20
20
20
20
20
20
20
20
20
20
20
20
20
20
20
20
20
20
20
20
20
20
20
20
20
20
20
20
20
20
20
20
20
20
20
20
20
20
20
20
20
20
20
20
20
20
20
20
20
20
20
20
20
20
20
20
20
20
20
20
20
20
20
20
20
20
20
20
20
20
20
20
20
20
20
20
20
20
20
20
20
20
20
20
20
20
20
20
20
20
20
20
20
20
20
20
20
20
20
20
20
20
20
20
20
20
20
20
20
20
20
20
20
20
20
20
20
20
20
20
20
20
20
20
20
20
20
20
20
20
20
20
20
20
20
20
20
20
20
20
20
20
20
20
20
20
20
20
20
20
20
20
20
20
20
20
20
20
20
20
20
20
20
20
20
20
20
20
20
20
20
20
20
20
20
20
20
20
20
20
46
46
46
46
46
46
46
46
46
46
46
46
46
46
46
46
46
46
46
46
46
46
46
46
46
46
46
46
46
46
46
46
46
46
46
46
46
46
46
46
46
46
46
46
46
46
46
46
46
46
46
46
46
46
46
46
46
46
46
46
46
46
46
46
46
46
46
46
46
46
46
46
46
46
46
46
46
46
46
46
46
46
46
46
46
46
46
46
46
46
46
46
46
46
46
46
46
46
46
46
46
46
46
46
46
46
46
46
46
46
46
46
46
46
46
46
46
46
46
46
46
46
46
46
46
46
46
46
20
20
20
20
20
20
20
20
20
20
20
20
20
20
20
20
20
20
20
20
20
20
20
20
20
20
20
20
20
20
20
20
46
46
46
46
46
46
46
46
46
46
46
46
46
46
46
46
46
46
46
46
46
46
46
46
46
46
46
46
46
46
46
46
46
46
46
46
46
46
46
46
46
46
46
46
46
46
46
46
46
46
46
46
46
46
46
46
46
46
46
46
46
46
46
46
46
46
46
46
46
46
46
46
46
46
46
46
46
46
46
46
46
46
46
46
46
46
46
46
46
46
46
46
46
46
46
46
46
46
46
46
46
46
46
46
46
46
46
46
46
46
46
46
46
46
46
46
46
46
46
46
46
46
46
46
46
46
46
46
46
46
46
46
46
46
46
46
46
46
46
46
46
46
46
46
46
46
46
46
46
46
46
46
46
46
46
46
46
46
46
46
46
46
46
46
46
46
46
46
46
46
46
46
46
46
46
46
46
46
46
46
46
46
46
46
46
46
46
46
46
46
46
46
46
46
46
46
46
46
46
46
46
46
46
46
46
46
46
46
46
46
46
46
46
46
46
46
46
46
46
46
46
46
46
46
46
46
46
46
46
46
46
46
46
46
46
46
46
46
46
46
46
46
46
46
46
46
46
46
46
46
46
46
46
46
46
46
27
27
27
27
27
27
27
27
27
27
27
27
27
27
27
27
27
27
27
27
27
27
27
27
27
27
27
27
27
27
27
27
27
27
27
27
27
27
27
27
27
27
27
27
27
27
27
27
27
27
27
27
27
27
27
27
27
27
27
27
27
27
27
27
27
27
27
27
27
27
27
27
27
27
27
27
27
27
27
27
27
27
27
27
27
27
27
27
27
27
27
27
27
27
27
27
27
27
27
27
27
27
27
27
27
27
27
27
27
27
27
27
27
27
27
27
27
27
27
27
27
27
27
27
27
27
27
27
27
27
27
27
27
27
27
27
27
27
27
27
27
27
27
27
27
27
27
27
27
27
27
27
27
27
27
27
27
27
27
27
27
27
27
27
27
27
27
27
27
27
27
27
27
27
27
27
27
27
27
27
27
27
27
27
27
27
27
27
27
27
27
27
27
27
27
27
27
27
27
27
27
27
27
27
27
27
27
27
27
27
27
27
27
27
27
27
27
27
27
27
27
27
27
27
46
46
46
46
46
46
46
46
46
46
46
46
46
46
46
46
46
46
46
46
46
46
46
46
46
46
46
46
46
46
46
46
46
46
46
46
46
46
46
46
46
46
46
46
46
46
46
46
46
46
46
46
46
46
46
46
46
46
46
46
46
46
46
46
46
46
46
46
46
46
46
46
46
46
46
46
46
46
46
46
46
46
46
46
46
46
46
46
46
46
46
46
46
46
46
46
46
46
46
46
46
46
46
46
46
46
46
46
46
46
46
46
46
46
46
46
46
46
46
46
46
46
46
46
46
46
46
46
46
46
46
46
46
46
46
46
46
46
46
46
46
46
46
46
46
46
46
46
46
46
46
46
46
46
46
46
46
46
46
46
20
20
20
20
20
20
20
20
20
20
20
20
20
20
20
20
20
20
20
20
20
20
20
20
20
20
20
20
20
20
20
20
46
46
46
46
46
46
46
46
46
46
46
46
46
46
46
46
46
46
46
46
46
46
46
46
46
46
46
46
46
46
46
46
46
46
46
46
46
46
46
46
46
46
46
46
46
46
46
46
46
46
46
46
46
46
46
46
46
46
46
46
46
46
46
46
46
46
46
46
46
46
46
46
46
46
46
46
46
46
46
46
46
46
46
46
46
46
46
46
46
46
46
46
46
46
46
46
46
46
46
46
46
46
46
46
46
46
46
46
46
46
46
46
46
46
46
46
46
46
46
46
46
46
46
46
46
46
46
46
46
46
46
46
46
46
46
46
46
46
46
46
46
46
46
46
46
46
46
46
46
46
46
46
46
46
46
46
46
46
46
46
46
46
46
46
46
46
46
46
46
46
46
46
46
46
46
46
46
46
46
46
46
46
46
46
46
46
46
46
46
46
46
46
46
46
46
46
46
46
46
46
46
46
46
46
46
46
46
46
46
46
46
46
46
46
46
46
46
46
46
46
46
46
46
46
46
46
46
46
46
46
46
46
46
46
46
46
46
46
46
46
46
46
46
46
46
46
46
46
46
46
46
46
46
46
46
46
46
46
46
46
46
46
46
46
46
46
46
46
46
46
46
46
46
46
46
46
46
46
46
46
46
46
46
46
46
46
46
46
46
46
46
46
46
46
46
46
46
46
46
46
46
46
46
46
46
46
46
46
46
46
46
46
46
46
46
46
46
46
46
46
46
46
46
46
46
46
46
46
46
46
46
46
46
46
46
46
46
46
46
46
46
46
46
46
46
46
46
46
46
46
46
46
46
46
46
46
46
46
46
46
46
46
46
46
46
46
46
46
46
46
46
46
46
46
46
46
46
46
46
46
46
46
46
46
46
46
46
46
46
46
46
46
46
46
46
46
46
46
46
46
46
46
46
46
46
46
46
46
46
46
46
46
46
46
46
46
46
46
46
46
46
46
46
46
46
46
46
46
46
46
46
46
46
46
46
46
46
46
46
46
46
46
46
46
46
46
46
46
46
46
46
46
46
46
46
46
46
46
46
46
46
46
46
46
46
46
46
46
46
46
46
46
46
46
46
46
46
46
46
46
46
46
46
46
46
46
46
46
46
46
46
46
46
46
46
46
46
46
46
46
46
46
46
46
46
46
46
46
46
46
46
46
46
46
46
46
46
46
46
46
46
46
46
46
46
46
46
46
46
46
46
46
46
46
46
46
46
46
46
46
46
46
46
46
46
46
46
46
46
46
46
46
46
46
46
46
46
46
46
46
46
46
46
46
46
46
46
46
46
46
46
46
46
46
46
46
46
46
46
46
46
46
46
46
46
46
46
46
46
46
46
46
46
46
46
46
46
46
46
46
46
46
46
46
46
46
46
46
46
46
46
46
46
46
46
46
46
46
46
46
46
46
46
46
46
46
46
46
46
46
46
46
46
46
46
46
46
46
46
46
20
20
20
20
20
20
20
20
20
20
20
20
20
20
20
20
20
20
20
20
20
20
20
20
20
20
20
20
20
20
20
20
20
20
20
20
20
20
20
20
20
20
20
20
20
20
20
20
20
20
20
20
20
20
20
20
20
20
20
20
20
20
20
20
46
46
46
46
46
46
46
46
46
46
46
46
46
46
46
46
46
46
46
46
46
46
46
46
46
46
46
46
46
46
46
46
46
46
46
46
46
46
46
46
46
46
46
46
46
46
46
46
46
46
46
46
46
46
46
46
46
46
46
46
46
46
46
46
46
46
46
46
46
46
46
46
46
46
46
46
46
46
46
46
46
46
46
46
46
46
46
46
46
46
46
46
46
46
46
46
46
46
46
46
46
46
46
46
46
46
46
46
46
46
46
46
46
46
46
46
46
46
46
46
46
46
46
46
46
46
46
46
46
46
46
46
46
46
46
46
46
46
46
46
46
46
46
46
46
46
46
46
46
46
46
46
46
46
46
46
46
46
46
46
46
46
46
46
46
46
46
46
46
46
46
46
46
46
46
46
46
46
46
46
46
46
46
46
46
46
46
46
46
46
46
46
46
46
46
46
46
46
46
46
46
46
46
46
46
46
46
46
46
46
46
46
46
46
46
46
46
46
46
46
46
46
46
46
46
46
46
46
46
46
46
46
46
46
46
46
46
46
46
46
46
46
46
46
46
46
46
46
46
46
46
46
46
46
46
46
46
46
46
46
46
46
46
46
46
46
46
46
46
46
46
46
46
46
46
46
46
46
46
46
46
46
46
46
46
46
46
46
46
46
46
46
46
46
46
46
46
46
46
46
46
46
46
46
46
46
46
46
46
46
46
46
46
46
46
46
46
46
46
46
46
46
46
46
46
46
46
46
46
46
46
46
46
46
46
46
46
46
46
46
46
46
46
46
46
46
46
46
46
46
46
46
46
46
46
46
46
46
46
46
46
46
46
46
46
46
46
46
46
46
46
46
46
46
46
46
46
46
46
46
46
46
46
46
46
46
46
46
46
46
46
46
46
46
46
46
46
46
46
46
46
46
46
46
46
46
46
46
46
46
46
46
46
46
46
46
46
46
46
46
46
46
46
46
46
46
46
46
46
46
46
46
46
46
46
46
46
46
46
46
46
46
46
46
46
46
46
46
46
46
46
46
46
46
46
46
46
46
46
46
46
46
46
46
46
46
46
46
46
46
46
46
46
46
46
46
46
46
46
46
46
46
46
46
46
46
46
46
46
46
46
46
46
46
46
46
46
46
46
46
46
46
46
46
46
46
46
46
46
46
46
46
46
46
46
46
46
46
46
46
46
46
46
46
46
46
46
46
46
46
46
46
46
46
46
46
46
46
46
46
46
46
46
46
46
46
46
46
46
46
46
46
46
46
46
46
46
46
46
46
46
46
46
46
46
46
46
46
46
46
46
46
46
46
46
46
46
46
46
46
46
46
46
46
46
46
46
46
46
46
46
46
46
46
46
46
46
46
46
46
46
46
46
46
46
46
46
46
46
46
46
46
46
46
46
46
46
46
46
46
46
46
46
46
46
46
46
46
46
46
46
46
46
46
46
46
46
46
46
46
20
20
20
20
20
20
20
20
20
20
20
20
20
20
20
20
20
20
20
20
20
20
20
20
20
20
20
20
20
20
20
20
20
20
20
20
20
20
20
20
20
20
20
20
20
20
20
20
20
20
20
20
20
20
20
20
20
20
20
20
20
20
20
20
20
20
20
20
20
20
20
20
20
20
20
20
20
20
20
20
20
20
20
20
20
20
20
20
20
20
20
20
20
20
20
20
46
46
46
46
46
46
46
46
46
46
46
46
46
46
46
46
46
46
46
46
46
46
46
46
46
46
46
46
46
46
46
46
46
46
46
46
46
46
46
46
46
46
46
46
46
46
46
46
46
46
46
46
46
46
46
46
46
46
46
46
46
46
46
46
46
46
46
46
46
46
46
46
46
46
46
46
46
46
46
46
46
46
46
46
46
46
46
46
46
46
46
46
46
46
46
46
46
46
46
46
46
46
46
46
46
46
46
46
46
46
46
46
46
46
46
46
46
46
46
46
46
46
46
46
46
46
46
46
46
46
46
46
46
46
46
46
46
46
46
46
46
46
46
46
46
46
46
46
46
46
46
46
46
46
46
46
46
46
46
46
46
46
46
46
46
46
46
46
46
46
46
46
46
46
46
46
46
46
46
46
46
46
46
46
46
46
46
46
46
46
46
46
46
46
46
46
46
46
46
46
46
46
46
46
46
46
46
46
46
46
46
46
46
46
46
46
46
46
46
46
46
46
46
46
46
46
46
46
46
46
46
46
46
46
46
46
46
46
46
46
46
46
46
46
46
46
46
46
46
46
46
46
46
46
46
46
46
46
46
46
46
46
46
46
46
46
46
46
46
46
46
46
46
46
46
46
46
46
46
46
46
46
46
46
46
46
46
46
0
0
0
0
0
0
0
0
0
0
0
0
0
0
0
0
0
0
0
0
0
0
0
0
0
0
0
0
0
0
0
0
0
0
0
0
0
0
0
0
0
0
0
0
0
0
0
0
0
0
0
0
0
0
0
0
0
0
0
0
0
0
0
0
0
0
0
0
0
0
0
0
0
0
0
0
0
0
0
0
0
0
0
0
0
0
0
0
0
0
0
0
0
0
0
0
2
2
2
2
2
2
2
2
2
2
2
2
2
2
2
2
2
2
2
2
2
2
2
2
2
2
2
2
2
2
2
2
0
0
0
0
0
0
-10
0
11
0
0
0
0
0
0
0
0
0
0
0
0
0
-10
0
9
0
0
0
0
0
0
0
0
0
0
0
0
0
0
0
0
0
0
0
0
0
0
0
0
0
0
0
0
0
0
0
0
0
0
0
0
0
0
0
0
0
0
0
0
0
0
0
0
0
0
0
0
0
0
0
0
0
0
0
0
0
0
0
0
0
0
0
0
0
0
0
0
0
0
0
0
0
0
0
0
0
0
0
0
0
0
0
0
0
0
0
0
0
0
0
0
0
0
0
0
0
0
0
12
0
12
0
12
0
12
0
12
0
12
0
12
0
12
0
12
0
12
0
12
0
12
0
12
0
12
0
12
0
12
0
0
0
0
0
0
0
0
0
0
0
0
0
0
0
0
0
0
0
0
0
0
0
0
0
0
0
0
0
0
0
0
0
0
0
0
0
0
0
0
0
0
0
0
0
0
0
0
0
0
0
0
0
0
0
0
0
0
0
0
0
0
0
0
0
0
0
0
0
0
0
0
0
0
0
0
0
0
0
0
0
0
0
0
0
0
0
0
0
0
0
0
0
0
0
0
0
0
0
0
0
0
0
0
0
0
0
0
0
0
0
0
0
0
0
0
0
0
0
0
0
0
0
0
0
0
0
0
0
0
0
0
0
0
0
0
0
0
0
0
0
0
0
0
0
0
0
0
0
0
0
0
0
0
0
0
0
0
0
0
0
0
0
0
0
0
0
0
0
0
0
0
0
0
0
0
0
0
0
0
0
0
0
0
0
0
0
0
0
0
0
0
0
0
0
0
0
0
0
0
0
0
0
0
0
0
0
0
0
0
0
0
0
0
0
0
0
0
0
0
0
0
0
0
0
0
0
0
0
0
0
0
0
0
0
0
0
0
0
0
0
0
0
0
0
0
0
0
0
0
0
0
0
0
0
0
0
0
0
0
0
0
0
0
0
0
0
0
0
0
0
0
0
0
0
0
0
0
0
0
0
0
0
0
0
0
0
0
0
0
0
0
0
0
0
0
0
0
0
0
0
0
0
0
0
0
0
0
0
0
0
0
0
0
0
0
0
0
0
0
0
0
0
0
0
0
0
0
0
0
0
0
0
0
0
0
0
0
0
0
0
0
0
0
0
0
0
0
0
0
0
0
0
0
0
0
0
0
0
0
0
0
0
0
0
0
0
0
0
0
0
0
0
0
0
0
0
0
0
0
0
0
0
0
0
0
0
0
0
0
0
0
0
0
0
0
0
0
0
0
0
0
0
0
0
0
0
0
0
0
0
0
0
0
0
0
0
0
0
0
0
0
0
0
0
0
0
0
0
0
0
0
0
0
0
0
0
0
0
0
0
0
0
0
0
0
0
0
0
0
0
0
0
0
0
0
0
0
0
0
0
0
0
0
0
0
0
0
0
0
0
0
0
0
0
0
0
0
0
0
0
0
0
0
0
0
0
0
0
0
0
0
0
0
0
0
0
0
0
0
0
0
0
0
0
0
0
0
0
0
0
0
0
0
0
0
0
0
0
0
0
0
0
0
0
0
0
0
0
0
0
0
0
0
0
0
0
0
0
0
0
0
0
0
0
6
6
6
6
6
6
6
6
6
6
6
6
6
6
6
6
6
6
6
6
6
6
6
6
6
6
6
6
6
6
6
6
0
0
0
0
0
0
0
0
0
0
0
0
0
0
0
0
0
0
0
0
0
0
0
0
0
0
0
0
0
0
0
0
6
6
6
6
6
6
6
6
6
6
6
6
6
6
6
6
6
6
6
6
6
6
6
6
6
6
6
6
6
6
6
6
0
0
0
0
0
0
0
0
0
0
0
0
0
0
0
0
0
0
0
0
0
0
0
0
0
0
0
0
0
0
0
0
6
6
6
6
6
6
6
6
6
6
6
6
6
6
6
6
6
6
6
6
6
6
6
6
6
6
6
6
6
6
6
6
0
0
0
0
0
0
0
0
0
0
0
0
0
0
0
0
0
0
0
0
0
0
0
0
0
0
0
0
0
0
0
0
6
6
6
6
6
6
6
6
6
6
6
6
6
6
6
6
6
6
6
6
6
6
6
6
6
6
6
6
6
6
6
6
0
0
0
0
0
0
0
0
0
0
0
0
0
0
0
0
0
0
0
0
0
0
0
0
0
0
0
0
0
0
0
0
6
6
6
6
6
6
6
6
6
6
6
6
6
6
6
6
6
6
6
6
6
6
6
6
6
6
6
6
6
6
6
6
0
0
0
0
0
0
0
0
0
0
0
0
0
0
0
0
0
0
0
0
0
0
0
0
0
0
0
0
0
0
0
0
6
6
6
6
6
6
6
6
6
6
6
6
6
6
6
6
6
6
6
6
6
6
6
6
6
6
6
6
6
6
6
6
0
0
0
0
0
0
0
0
0
0
0
0
0
0
0
0
0
0
0
0
0
0
0
0
0
0
0
0
0
0
0
0
0
0
0
0
0
0
0
0
0
0
0
0
0
0
0
0
0
0
0
0
0
0
0
0
0
0
0
0
0
0
0
0
0
0
0
0
0
0
0
0
0
0
0
0
0
0
0
0
0
0
0
0
0
0
0
0
0
0
0
0
0
0
0
0
6
6
6
6
6
6
6
6
6
6
6
6
6
6
6
6
6
6
6
6
6
6
6
6
6
6
6
6
6
6
6
6
0
0
0
0
0
0
0
0
0
0
0
0
0
0
0
0
0
0
0
0
0
0
0
0
0
0
0
0
0
0
0
0
6
6
6
6
6
6
6
6
6
6
6
6
6
6
6
6
6
6
6
6
6
6
6
6
6
6
6
6
6
6
6
6
0
0
0
0
0
0
0
0
0
0
0
0
0
0
0
0
0
0
0
0
0
0
0
0
0
0
0
0
0
0
0
0
6
6
6
6
6
6
6
6
6
6
6
6
6
6
6
6
6
6
6
6
6
6
6
6
6
6
6
6
6
6
6
6
0
0
0
0
0
0
0
0
0
0
0
0
0
0
0
0
0
0
0
0
0
0
0
0
0
0
0
0
0
0
0
0
6
6
6
6
6
6
6
6
6
6
6
6
6
6
6
6
6
6
6
6
6
6
6
6
6
6
6
6
6
6
6
6
0
0
0
0
0
0
0
0
0
0
0
0
0
0
0
0
0
0
0
0
0
0
0
0
0
0
0
0
0
0
0
0
6
6
6
6
6
6
6
6
6
6
6
6
6
6
6
6
6
6
6
6
6
6
6
6
6
6
6
6
6
6
6
6
0
0
0
0
0
0
0
0
0
0
0
0
0
0
0
0
0
0
0
0
0
0
0
0
0
0
0
0
0
0
0
0
6
6
6
6
6
6
6
6
6
6
6
6
6
6
6
6
6
6
6
6
6
6
6
6
6
6
6
6
6
6
6
6
0
0
0
0
0
0
0
0
0
0
0
0
0
0
0
0
0
0
0
0
0
0
0
0
0
0
0
0
0
0
0
0
0
0
0
0
0
0
0
0
0
0
0
0
0
0
0
0
0
0
0
0
0
0
0
0
0
0
0
0
0
0
0
0
0
0
0
0
0
0
0
0
0
0
0
0
0
0
0
0
0
0
0
0
0
0
0
0
0
0
0
0
0
0
0
0
