%pattern_data
4
4
4
0
1
32
-49
0
52
88
0
1
0
0
0
0
10
99
0
0
0
0
0
0
0
0
0
45
-1
-1
0
0
0
50
0
0
47
90
80
0
0
1
0
1
0
0
0
0
0
0
0
0
0
1
1
0
0
0
0
0
1
0
0
1
0
0
1
0
1
0
0
1
0
0
1
0
1
0
0
1
0
0
1
0
1
0
0
1
0
0
1
0
1
0
0
1
0
0
1
0
1
0
0
1
0
0
1
0
1
0
0
1
0
0
1
0
1
0
0
1
0
0
1
0
-49
-49
-49
-49
-49
-49
-49
-49
-49
-49
-49
-49
-49
-49
-49
-49
-49
-49
-49
-49
-49
-49
-49
-49
-49
-49
-49
-49
-49
-49
-49
-49
314762
576916
865374
1185714
1442313
1730771
2047528
2307687
2614376
2884626
3173084
3490068
3750000
4038458
4354399
4615374
4935941
5192313
5480771
5793628
6057687
6346145
6650567
6923084
7220295
7500000
7788458
8085578
8365374
8653855
8935034
9230771
4935941
5192313
5480771
5793628
6057687
6346145
6650567
6923084
7220295
7500000
7788458
8085578
8365374
8653855
8935034
9230771
314762
576916
865374
1185714
1442313
1730771
2047528
2307687
2614376
2884626
3173084
3490068
3750000
4038458
4354399
4615374
303447
576916
865374
1183401
1442313
1730771
2022132
2307687
2609683
2884626
3173084
3487937
3750000
4038458
4329660
4615374
4913628
5192313
5480771
5771769
6057687
6346145
6646327
6923084
7207914
7500000
7788458
8092971
8365374
8653855
8929864
9230771
4913628
5192313
5480771
5771769
6057687
6346145
6646327
6923084
7207914
7500000
7788458
8092971
8365374
8653855
8929864
9230771
303447
576916
865374
1183401
1442313
1730771
2022132
2307687
2609683
2884626
3173084
3487937
3750000
4038458
4329660
4615374
317891
576916
865374
1165351
1442313
1730771
2013741
2307687
2595329
2884626
3173084
3483832
3750000
4038458
4318639
4615374
4919796
5192313
5480771
5807143
6057687
6346145
6667846
6923084
7234739
7500000
7788458
8099002
8365374
8653855
8974263
9230771
4919796
5192313
5480771
5807143
6057687
6346145
6667846
6923084
7234739
7500000
7788458
8099002
8365374
8653855
8974263
9230771
317891
576916
865374
1165351
1442313
1730771
2013741
2307687
2595329
2884626
3173084
3483832
3750000
4038458
4318639
4615374
287052
576916
865374
1189705
1442313
1730771
2008027
2307687
2605238
2884626
3173084
3490658
3750000
4038458
4337188
4615374
4920635
5192313
5480771
5797460
6057687
6346145
6631179
6923084
7219887
7500000
7788458
8101361
8365374
8653855
8949433
9230771
4920635
5192313
5480771
5797460
6057687
6346145
6631179
6923084
7219887
7500000
7788458
8101361
8365374
8653855
8949433
9230771
287052
576916
865374
1189705
1442313
1730771
2008027
2307687
2605238
2884626
3173084
3490658
3750000
4038458
4337188
4615374
307846
576916
865374
1182698
1442313
1730771
2020952
2307687
2600249
2884626
3173084
3497234
3750000
4038458
4341519
4615374
4907211
5192313
5480771
5807596
6057687
6346145
6637574
6923084
7221633
7500000
7788458
8108299
8365374
8653855
8935737
9230771
4907211
5192313
5480771
5807596
6057687
6346145
6637574
6923084
7221633
7500000
7788458
8108299
8365374
8653855
8935737
9230771
307846
576916
865374
1182698
1442313
1730771
2020952
2307687
2600249
2884626
3173084
3497234
3750000
4038458
4341519
4615374
299932
576916
865374
1159138
1442313
1730771
2032676
2307687
2616576
2884626
3173084
3480363
3750000
4038458
4349025
4615374
4940544
5192313
5480771
5814104
6057687
6346145
6640635
6923084
5814104
7500000
7788458
8086168
8365374
8653855
8960703
9230771
4940544
5192313
5480771
5814104
6057687
6346145
6640635
6923084
299932
7500000
7788458
8086168
8365374
8653855
8960703
9230771
299932
576916
865374
1159138
1442313
1730771
2032676
2307687
2616576
2884626
3173084
3480363
3750000
4038458
4349025
4615374
292177
576916
865374
1181247
1442313
1730771
2014195
2307687
2587098
2884626
3173084
3468821
3750000
4038458
4335624
4615374
4923537
5192313
5480771
5809093
6057687
6346145
6643129
6923084
7236916
7500000
7788458
8104195
8365374
8653855
8931633
9230771
4923537
5192313
5480771
5809093
6057687
6346145
6643129
6923084
7236916
7500000
7788458
8104195
8365374
8653855
8931633
9230771
292177
576916
865374
1181247
1442313
1730771
2014195
2307687
2587098
2884626
3173084
3468821
3750000
4038458
4335624
4615374
279138
576916
865374
1172426
1442313
1730771
2014263
2307687
2608957
2884626
3173084
3483855
3750000
4038458
4326531
4615374
4913311
5192313
5480771
5786712
6057687
6346145
6635079
6923084
7230431
7500000
7788458
8092880
8365374
8653855
8935488
9230771
4913311
5192313
5480771
5786712
6057687
6346145
6635079
6923084
7230431
7500000
7788458
8092880
8365374
8653855
8935488
9230771
279138
576916
865374
1172426
1442313
1730771
2014263
2307687
2608957
2884626
3173084
3483855
3750000
4038458
4326531
4615374
313129
576916
865374
1178141
1442313
1730771
2064580
2307687
2648005
2884626
3173084
3476893
3750000
4038458
4349841
4615374
4914444
5192313
5480771
5784943
6057687
6346145
6640748
6923084
7238005
7500000
7788458
8104830
8365374
8653855
8968639
9230771
4914444
5192313
5480771
5784943
6057687
6346145
6640748
6923084
7238005
7500000
7788458
8104830
8365374
8653855
8968639
9230771
313129
576916
865374
1178141
1442313
1730771
2064580
2307687
2648005
2884626
3173084
3476893
3750000
4038458
4349841
4615374
318367
576916
865374
1174399
1442313
1730771
2042630
2307687
2612834
2884626
3173084
3480522
3750000
4038458
4348458
4615374
4930204
5192313
5480771
5795374
6057687
6346145
6649138
6923084
7227891
7500000
7788458
8084626
8365374
8653855
8954898
9230771
4930204
5192313
5480771
5795374
6057687
6346145
6649138
6923084
7227891
7500000
7788458
8084626
8365374
8653855
8954898
9230771
318367
576916
865374
1174399
1442313
1730771
2042630
2307687
2612834
2884626
3173084
3480522
3750000
4038458
4348458
4615374
290159
576916
865374
1177823
1442313
1730771
2034422
2307687
2625442
2884626
3173084
3498571
3750000
4038458
4342698
4615374
4937256
5192313
5480771
5788141
6057687
6346145
6649887
6923084
7243265
7500000
7788458
8092766
8365374
8653855
8942245
9230771
4937256
5192313
5480771
5788141
6057687
6346145
6649887
6923084
7243265
7500000
7788458
8092766
8365374
8653855
8942245
9230771
290159
576916
865374
1177823
1442313
1730771
2034422
2307687
2625442
2884626
3173084
3498571
3750000
4038458
4342698
4615374
0
0
0
0
0
0
0
0
0
0
0
0
0
0
0
0
0
0
0
0
0
0
0
0
0
0
0
0
0
0
0
0
0
0
0
0
0
0
0
0
0
0
0
0
0
0
0
0
0
0
0
0
0
0
0
0
0
0
0
0
0
0
0
0
0
0
0
0
0
0
0
0
0
0
0
0
0
0
0
0
0
0
0
0
0
0
0
0
0
0
0
0
0
0
0
0
0
0
0
0
0
0
0
0
0
0
0
0
0
0
0
0
0
0
0
0
0
0
0
0
0
0
0
0
0
0
0
0
0
0
0
0
0
0
0
0
0
0
0
0
0
0
0
0
0
0
0
0
0
0
0
0
0
0
0
0
0
0
0
0
0
0
0
0
0
0
0
0
0
0
0
0
0
0
0
0
0
0
0
0
0
0
0
0
0
0
0
0
0
0
0
0
0
0
0
0
0
0
0
0
0
0
0
0
0
0
0
0
0
0
0
0
0
0
0
0
0
0
0
0
0
0
0
0
0
0
0
0
0
0
0
0
0
0
0
0
0
0
0
0
0
0
0
0
0
0
0
0
0
0
0
0
0
0
0
0
0
0
0
0
0
0
0
0
0
0
0
0
0
0
0
0
0
0
0
0
0
0
0
0
0
0
0
0
0
0
0
0
0
0
0
0
0
0
0
0
0
0
0
0
0
0
0
0
0
0
0
0
0
0
0
0
0
0
0
0
0
0
0
0
0
0
0
0
0
0
0
0
0
0
0
0
0
0
0
0
0
0
0
0
0
0
0
0
0
0
0
0
0
0
0
0
0
0
0
0
0
0
0
0
0
0
0
0
0
0
0
0
0
0
0
0
0
0
0
0
0
0
0
0
0
0
0
0
0
0
0
0
0
0
0
0
0
0
0
0
0
0
0
0
0
0
0
0
0
0
0
0
0
0
0
0
0
0
0
0
0
0
0
0
0
0
0
0
0
0
0
0
0
0
0
0
0
0
0
0
0
0
0
0
0
0
0
0
0
0
0
0
0
0
0
0
0
0
0
0
0
0
0
0
0
0
0
0
0
0
0
0
0
0
0
0
0
0
0
0
0
0
0
0
0
0
0
0
0
0
0
0
0
0
0
0
0
0
0
0
0
0
0
0
0
0
0
0
0
0
0
0
0
0
0
0
0
0
0
0
0
0
0
0
0
0
0
0
0
0
0
0
0
0
0
0
0
0
0
0
0
0
0
0
0
0
0
0
0
0
0
0
0
0
0
0
0
0
0
0
0
0
0
0
0
0
0
0
0
0
0
0
0
0
0
0
0
0
0
0
187415
340907
511361
703333
852268
1022721
1179093
1363628
1525079
1704535
1875011
2043605
2215918
2386372
2564308
2727279
2915828
3068186
3238639
3428776
3579546
3750000
3946825
4090907
4289932
4431814
4602268
4802449
4943175
5113628
5312971
5454535
2915828
3068186
3238639
3428776
3579546
3750000
3946825
4090907
4289932
4431814
4602268
4802449
4943175
5113628
5312971
5454535
187415
340907
511361
703333
852268
1022721
1179093
1363628
1525079
1704535
1875011
2043605
2215918
2386372
2564308
2727279
204535
340907
511361
726122
852268
1022721
1229388
1363628
1560136
1704535
1875011
2059932
2215918
2386372
2586825
2727279
2930249
3068186
3238639
3441995
3579546
3750000
3942608
4090907
4290862
4431814
4602268
4809342
4943175
5113628
5302381
5454535
2930249
3068186
3238639
3441995
3579546
3750000
3942608
4090907
4290862
4431814
4602268
4809342
4943175
5113628
5302381
5454535
204535
340907
511361
726122
852268
1022721
1229388
1363628
1560136
1704535
1875011
2059932
2215918
2386372
2586825
2727279
191361
340907
511361
709161
852268
1022721
1224762
1363628
1559501
1704535
1875011
2071406
2215918
2386372
2589025
2727279
2916372
3068186
3238639
3436168
3579546
3750000
3957188
4090907
4277075
4431814
4602268
4781429
4943175
5113628
5304762
5454535
2916372
3068186
3238639
3436168
3579546
3750000
3957188
4090907
4277075
4431814
4602268
4781429
4943175
5113628
5304762
5454535
191361
340907
511361
709161
852268
1022721
1224762
1363628
1559501
1704535
1875011
2071406
2215918
2386372
2589025
2727279
211338
340907
511361
712063
852268
1022721
1218209
1363628
1563583
1704535
1875011
2092925
2215918
2386372
2572041
2727279
2938390
3068186
3238639
3441111
3579546
3750000
3955941
4090907
4289660
4431814
4602268
4813923
4943175
5113628
5302472
5454535
2938390
3068186
3238639
3441111
3579546
3750000
3955941
4090907
4289660
4431814
4602268
4813923
4943175
5113628
5302472
5454535
211338
340907
511361
712063
852268
1022721
1218209
1363628
1563583
1704535
1875011
2092925
2215918
2386372
2572041
2727279
202063
340907
511361
748844
852268
1022721
1232177
1363628
1564898
1704535
1875011
2085896
2215918
2386372
2575306
2727279
2912562
3068186
3238639
3437347
3579546
3750000
3939592
4090907
4275918
4431814
4602268
4795624
4943175
5113628
5287438
5454535
2912562
3068186
3238639
3437347
3579546
3750000
3939592
4090907
4275918
4431814
4602268
4795624
4943175
5113628
5287438
5454535
202063
340907
511361
748844
852268
1022721
1232177
1363628
1564898
1704535
1875011
2085896
2215918
2386372
2575306
2727279
190476
340907
511361
733016
852268
1022721
1239819
1363628
1561519
1704535
1875011
2079660
2215918
2386372
2588866
2727279
2906032
3068186
3238639
3406984
3579546
3750000
3941270
4090907
4292404
4431814
4602268
4817460
4943175
5113628
5305601
5454535
2906032
3068186
3238639
3406984
3579546
3750000
3941270
4090907
4292404
4431814
4602268
4817460
4943175
5113628
5305601
5454535
190476
340907
511361
733016
852268
1022721
1239819
1363628
1561519
1704535
1875011
2079660
2215918
2386372
2588866
2727279
207823
340907
511361
712834
852268
1022721
1199955
1363628
1573651
1704535
1875011
2086417
2215918
2386372
2580726
2727279
2934127
3068186
3238639
3442562
3579546
3750000
3938571
4090907
4286281
4431814
4602268
4809955
4943175
5113628
5280181
5454535
2934127
3068186
3238639
3442562
3579546
3750000
3938571
4090907
4286281
4431814
4602268
4809955
4943175
5113628
5280181
5454535
207823
340907
511361
712834
852268
1022721
1199955
1363628
1573651
1704535
1875011
2086417
2215918
2386372
2580726
2727279
191111
340907
511361
734830
852268
1022721
1190544
1363628
1545079
1704535
1875011
2086871
2215918
2386372
2566780
2727279
2910317
3068186
3238639
3429002
3579546
3750000
3935193
4090907
4269773
4431814
4602268
4790023
4943175
5113628
5300658
5454535
2910317
3068186
3238639
3429002
3579546
3750000
3935193
4090907
4269773
4431814
4602268
4790023
4943175
5113628
5300658
5454535
191111
340907
511361
734830
852268
1022721
1190544
1363628
1545079
1704535
1875011
2086871
2215918
2386372
2566780
2727279
188095
340907
511361
700499
852268
1022721
1230499
1363628
1557846
1704535
1875011
2069773
2215918
2386372
2562721
2727279
2909252
3068186
3238639
3423152
3579546
3750000
3949728
4090907
4278753
4431814
4602268
4802426
4943175
5113628
5317778
5454535
2909252
3068186
3238639
3423152
3579546
3750000
3949728
4090907
4278753
4431814
4602268
4802426
4943175
5113628
5317778
5454535
188095
340907
511361
700499
852268
1022721
1230499
1363628
1557846
1704535
1875011
2069773
2215918
2386372
2562721
2727279
195986
340907
511361
721655
852268
1022721
1198413
1363628
1548254
1704535
1875011
2068707
2215918
2386372
2550181
2727279
2897914
3068186
3238639
3450431
3579546
3750000
3926395
4090907
4273492
4431814
4602268
4814059
4943175
5113628
5291224
5454535
2897914
3068186
3238639
3450431
3579546
3750000
3926395
4090907
4273492
4431814
4602268
4814059
4943175
5113628
5291224
5454535
195986
340907
511361
721655
852268
1022721
1198413
1363628
1548254
1704535
1875011
2068707
2215918
2386372
2550181
2727279
198798
340907
511361
706349
852268
1022721
1223900
1363628
1555669
1704535
1875011
2061655
2215918
2386372
2584240
2727279
2919206
3068186
3238639
3436213
3579546
3750000
3952222
4090907
4281610
4431814
4602268
4789909
4943175
5113628
5300159
5454535
2919206
3068186
3238639
3436213
3579546
3750000
3952222
4090907
4281610
4431814
4602268
4789909
4943175
5113628
5300159
5454535
198798
340907
511361
706349
852268
1022721
1223900
1363628
1555669
1704535
1875011
2061655
2215918
2386372
2584240
2727279
0
0
0
0
0
0
0
0
0
0
0
0
0
0
0
0
0
0
0
0
0
0
0
0
0
0
0
0
0
0
0
0
0
0
0
0
0
0
0
0
0
0
0
0
0
0
0
0
0
0
0
0
0
0
0
0
0
0
0
0
0
0
0
0
0
0
0
0
0
0
0
0
0
0
0
0
0
0
0
0
0
0
0
0
0
0
0
0
0
0
0
0
0
0
0
0
0
0
0
0
0
0
0
0
0
0
0
0
0
0
0
0
0
0
0
0
0
0
0
0
0
0
0
0
0
0
0
0
0
0
0
0
0
0
0
0
0
0
0
0
0
0
0
0
0
0
0
0
0
0
0
0
0
0
0
0
0
0
0
0
0
0
0
0
0
0
0
0
0
0
0
0
0
0
0
0
0
0
0
0
0
0
0
0
0
0
0
0
0
0
0
0
0
0
0
0
0
0
0
0
0
0
0
0
0
0
0
0
0
0
0
0
0
0
0
0
0
0
0
0
0
0
0
0
0
0
0
0
0
0
0
0
0
0
0
0
0
0
0
0
0
0
0
0
0
0
0
0
0
0
0
0
0
0
0
0
0
0
0
0
0
0
0
0
0
0
0
0
0
0
0
0
0
0
0
0
0
0
0
0
0
0
0
0
0
0
0
0
0
0
0
0
0
0
0
0
0
0
0
0
0
0
0
0
0
0
0
0
0
0
0
0
0
0
0
0
0
0
0
0
0
0
0
0
0
0
0
0
0
0
0
0
0
0
0
0
0
0
0
0
0
0
0
0
0
0
0
0
0
0
0
0
0
0
0
0
0
0
0
0
0
0
0
0
0
0
0
0
0
0
0
0
0
0
0
0
0
0
0
0
0
0
0
0
0
0
0
0
0
0
0
0
0
0
0
0
0
0
0
0
0
0
0
0
0
0
0
0
0
0
0
0
0
0
0
0
0
0
0
0
0
0
0
0
0
0
0
0
0
0
0
0
0
0
0
0
0
0
0
0
0
0
0
0
0
0
0
0
0
0
0
0
0
0
0
0
0
0
0
0
0
0
0
0
0
0
0
0
0
0
0
0
0
0
0
0
0
0
0
0
0
0
0
0
0
0
0
0
0
0
0
0
0
0
0
0
0
0
0
0
0
0
0
0
0
0
0
0
0
0
0
0
0
0
0
0
0
0
0
0
0
0
0
0
0
0
0
0
0
0
0
0
0
0
0
0
0
0
0
0
0
0
0
0
0
0
0
0
0
0
0
0
0
0
0
0
0
0
0
0
0
0
0
0
0
0
0
0
0
0
0
0
0
0
0
0
314
38
19
382
46
25
383
49
338
48
25
396
53
29
324
48
370
48
25
415
46
27
432
56
393
51
26
474
58
28
406
50
370
858
0
415
0
0
432
0
393
0
0
474
0
0
406
0
314
0
0
382
0
0
383
0
338
0
0
396
0
0
324
0
486
153
92
549
193
116
500
166
437
180
85
397
147
82
394
166
467
192
95
451
191
88
328
132
421
158
90
537
186
99
527
169
467
183
0
451
0
0
328
0
421
0
0
537
0
0
527
0
486
0
0
549
0
0
500
0
437
0
0
397
0
0
394
0
362
71
39
331
63
34
389
79
368
80
46
306
69
39
362
64
279
56
32
371
84
42
445
93
392
88
44
326
67
37
307
57
279
114
0
371
0
0
445
0
392
0
0
326
0
0
307
0
362
0
0
331
0
0
389
0
368
0
0
306
0
0
362
0
476
80
36
565
113
35
353
54
500
94
39
385
63
28
344
57
449
77
35
443
85
33
393
57
443
68
33
466
84
35
350
56
449
2060
0
443
0
0
393
0
443
0
0
466
0
0
350
0
476
0
0
565
0
0
353
0
500
0
0
385
0
0
344
0
490
168
73
441
115
60
562
159
627
192
85
374
104
52
520
169
522
160
79
507
149
78
658
182
506
150
71
469
123
57
589
153
522
2950
0
507
0
0
658
0
506
0
0
469
0
0
589
0
490
0
0
441
0
0
562
0
627
0
0
374
0
0
520
0
1193
263
87
963
202
73
975
192
1064
246
82
1055
213
74
1039
202
1014
232
75
937
214
71
890
176
937
243
77
903
195
72
917
213
1014
2184
0
937
0
0
890
0
1193
0
0
903
0
0
917
0
1193
0
0
963
0
0
975
0
1064
0
0
1055
0
0
1039
0
1168
137
35
1278
210
64
1170
159
1250
144
36
1315
171
49
1304
158
1301
185
59
1355
240
73
1218
180
1183
198
57
1180
173
52
1187
141
1301
2509
0
1355
0
0
1218
0
1183
0
0
1180
0
0
1187
0
1168
0
0
1278
0
0
1170
0
1250
0
0
1315
0
0
1304
0
1616
699
353
1686
753
381
1906
805
1520
682
345
1622
753
379
1929
798
1525
685
345
1428
666
347
1769
775
1663
758
379
1942
863
423
1830
774
1525
1043
0
1428
0
0
1769
0
1663
0
0
1942
0
0
1830
0
1616
0
0
1686
0
0
1906
0
1520
0
0
1622
0
0
1929
0
1150
315
152
1298
358
166
1360
421
1100
372
178
1176
395
198
1296
392
1536
457
227
1498
447
220
1552
436
1572
479
231
1281
392
199
1560
466
1536
2206
0
1498
0
0
1552
0
1572
0
0
1281
0
0
1560
0
1150
0
0
1298
0
0
1360
0
1100
0
0
1176
0
0
1296
0
1426
352
139
1606
361
144
1850
352
1959
424
161
1922
387
152
2076
406
2014
436
174
2255
416
151
1562
245
1627
386
153
1425
315
128
1406
316
2014
1603
0
2255
0
0
1562
0
1627
0
0
1425
0
0
1406
0
1426
0
0
1606
0
0
1850
0
1959
0
0
1922
0
0
2076
0
1626
301
115
1706
412
208
1538
432
1525
347
138
1332
262
116
1650
373
1524
296
107
1474
319
124
1590
362
1571
285
89
1272
274
99
1204
320
1524
388
0
1474
0
0
1590
0
1571
0
0
1272
0
0
1204
0
1626
0
0
1706
0
0
1538
0
1525
0
0
1332
0
0
1650
0
0
0
0
0
0
0
0
0
0
0
0
0
0
0
0
0
0
0
0
0
0
0
0
0
0
0
0
0
0
0
0
0
0
0
0
0
0
0
0
0
0
0
0
0
0
0
0
0
0
0
0
0
0
0
0
0
0
0
0
0
0
0
0
0
0
0
0
0
0
0
0
0
0
0
0
0
0
0
0
0
0
0
0
0
0
0
0
0
0
0
0
0
0
0
0
0
0
0
0
0
0
0
0
0
0
0
0
0
0
0
0
0
0
0
0
0
0
0
0
0
0
0
0
0
0
0
0
0
0
0
0
0
0
0
0
0
0
0
0
0
0
0
0
0
0
0
0
0
0
0
0
0
0
0
0
0
0
0
0
0
0
0
0
0
0
0
0
0
0
0
0
0
0
0
0
0
0
0
0
0
0
0
0
0
0
0
0
0
0
0
0
0
0
0
0
0
0
0
0
0
0
0
0
0
0
0
0
0
0
0
0
0
0
0
0
0
0
0
0
0
0
0
0
0
0
0
0
0
0
0
0
0
0
0
0
0
0
0
0
0
0
0
0
0
0
0
0
0
0
0
0
0
0
0
0
0
0
0
0
0
0
0
0
0
0
0
0
0
0
0
0
0
0
0
0
0
0
0
0
0
0
0
0
0
0
0
0
0
0
0
0
0
0
0
0
0
0
0
0
0
0
0
0
0
0
0
0
0
0
0
0
0
0
0
0
0
0
0
0
0
0
0
0
0
0
0
0
0
0
0
0
0
0
0
0
0
0
0
0
0
0
0
0
0
0
0
0
0
0
0
0
0
0
0
0
0
0
0
0
0
0
0
0
0
0
0
0
0
0
0
0
0
0
0
0
0
0
0
0
0
0
0
0
0
0
0
0
0
0
0
0
0
0
0
0
0
0
0
0
0
0
0
0
0
0
0
0
0
0
0
0
0
0
0
0
0
0
0
0
0
0
0
0
0
0
0
0
0
0
0
0
0
0
0
0
0
0
0
0
0
0
0
0
0
0
0
0
0
0
0
0
0
0
0
0
0
0
0
0
0
0
0
0
0
0
0
0
0
0
0
0
0
0
0
0
0
0
0
0
0
0
0
0
0
0
0
0
0
0
0
0
0
0
0
0
0
0
0
0
0
0
0
0
0
0
0
0
0
0
0
0
0
0
0
0
0
0
0
0
0
0
0
0
0
0
0
0
0
0
0
0
0
0
0
0
0
0
0
0
0
0
0
0
0
0
0
0
0
0
0
0
0
0
0
0
0
0
0
0
0
0
0
0
0
0
0
0
0
0
0
0
0
0
0
0
0
237
73
38
304
101
55
249
70
229
69
42
238
82
46
247
75
269
96
56
267
95
56
206
79
253
83
49
302
105
58
378
81
269
188
0
267
0
0
206
0
253
0
0
302
0
0
378
0
237
0
0
304
0
0
249
0
229
0
0
238
0
0
247
0
342
62
31
351
59
29
322
50
361
57
27
354
55
28
332
60
376
59
29
386
64
29
388
60
363
62
30
370
65
35
323
51
376
359
0
386
0
0
388
0
363
0
0
370
0
0
323
0
342
0
0
351
0
0
322
0
361
0
0
354
0
0
332
0
426
67
44
535
71
44
465
59
456
57
37
496
69
44
402
54
476
67
42
624
87
54
347
56
439
62
38
568
79
50
391
52
476
239
0
624
0
0
347
0
439
0
0
568
0
0
391
0
426
0
0
535
0
0
465
0
456
0
0
496
0
0
402
0
634
87
41
505
68
36
517
63
419
65
35
515
87
38
468
58
612
107
48
524
85
39
590
91
559
80
41
473
97
37
425
61
612
318
0
524
0
0
590
0
559
0
0
473
0
0
425
0
634
0
0
505
0
0
517
0
419
0
0
515
0
0
468
0
495
108
38
642
205
47
522
94
599
115
42
503
115
40
544
76
486
91
33
594
92
32
519
75
590
105
38
609
122
42
530
70
486
279
0
594
0
0
519
0
590
0
0
609
0
0
530
0
495
0
0
642
0
0
522
0
599
0
0
503
0
0
544
0
825
116
55
827
137
61
724
111
837
123
61
914
128
62
724
117
894
117
57
729
91
46
694
96
837
148
68
902
165
75
821
118
894
313
0
729
0
0
694
0
837
0
0
902
0
0
821
0
825
0
0
827
0
0
724
0
837
0
0
914
0
0
724
0
1214
323
147
1031
271
120
1049
227
1074
293
131
1284
405
172
808
223
1124
307
136
1309
424
176
1164
327
1066
324
149
889
277
127
911
232
1124
287
0
1309
0
0
1164
0
1066
0
0
889
0
0
911
0
1214
0
0
1031
0
0
1049
0
1074
0
0
1284
0
0
808
0
1309
348
167
1373
446
192
1573
407
1510
416
200
1392
487
214
1722
438
1390
406
203
1513
443
209
1625
458
1530
509
250
1507
469
239
1147
393
1390
801
0
1513
0
0
1625
0
1530
0
0
1507
0
0
1147
0
1309
0
0
1373
0
0
1573
0
1510
0
0
1392
0
0
1722
0
1668
567
239
1718
594
224
1904
611
1701
520
174
1903
566
225
1564
459
1803
553
205
1817
545
205
1659
544
1726
522
196
1598
455
171
1876
543
1803
1296
0
1817
0
0
1659
0
1726
0
0
1598
0
0
1876
0
1668
0
0
1718
0
0
1904
0
1701
0
0
1903
0
0
1564
0
2445
815
327
2826
1005
378
2412
761
2303
549
175
2072
529
212
2044
420
2077
476
175
2434
718
229
2064
573
2153
643
219
2206
830
278
1903
613
2077
960
0
2434
0
0
2064
0
2153
0
0
2206
0
0
1903
0
2445
0
0
2826
0
0
2412
0
2303
0
0
2072
0
0
2044
0
1931
895
516
1603
722
390
1629
769
1977
886
484
1649
740
423
2033
894
2051
865
478
1916
829
483
2208
1025
2315
940
511
1920
851
479
1946
863
2051
1212
0
1916
0
0
2208
0
2315
0
0
1920
0
0
1946
0
1931
0
0
1603
0
0
1629
0
1977
0
0
1649
0
0
2033
0
0
0
0
0
0
0
0
0
0
0
0
0
0
0
0
0
0
0
0
0
0
0
0
0
0
0
0
0
0
0
0
0
0
0
0
0
0
0
0
0
0
0
0
0
0
0
0
0
0
0
0
0
0
0
0
0
0
0
0
0
0
0
0
0
0
0
0
0
0
0
0
0
0
0
0
0
0
0
0
0
0
0
0
0
0
0
0
0
0
0
0
0
0
0
0
0
0
0
0
0
0
0
0
0
0
0
0
0
0
0
0
0
0
0
0
0
0
0
0
0
0
0
0
0
0
0
0
0
0
0
0
0
0
0
0
0
0
0
0
0
0
0
0
0
0
0
0
0
0
0
0
0
0
0
0
0
0
0
0
0
0
0
0
0
0
0
0
0
0
0
0
0
0
0
0
0
0
0
0
0
0
0
0
0
0
0
0
0
0
0
0
0
0
0
0
0
0
0
0
0
0
0
0
0
0
0
0
0
0
0
0
0
0
0
0
0
0
0
0
0
0
0
0
0
0
0
0
0
0
0
0
0
0
0
0
0
0
0
0
0
0
0
0
0
0
0
0
0
0
0
0
0
0
0
0
0
0
0
0
0
0
0
0
0
0
0
0
0
0
0
0
0
0
0
0
0
0
0
0
0
0
0
0
0
0
0
0
0
0
0
0
0
0
0
0
0
0
0
0
0
0
0
0
0
0
0
0
0
0
0
0
0
0
0
0
0
0
0
0
0
0
0
0
0
0
0
0
0
0
0
0
0
0
0
0
0
0
0
0
0
0
0
0
0
0
0
0
0
0
0
0
0
0
0
0
0
0
0
0
0
0
0
0
0
0
0
0
0
0
0
0
0
0
0
0
0
0
0
0
0
0
0
0
0
0
0
0
0
0
0
0
0
0
0
0
0
0
0
0
0
0
0
0
0
0
0
0
0
0
0
0
0
0
0
0
0
0
0
0
0
0
0
0
0
0
0
0
0
0
0
0
0
0
0
0
0
0
0
0
0
0
0
0
0
0
0
0
0
0
0
0
0
0
0
0
0
0
0
0
0
0
0
0
0
0
0
0
0
0
0
0
0
0
0
0
0
0
0
0
0
0
0
0
0
0
0
0
0
0
0
0
0
0
0
0
0
0
0
0
0
0
0
0
0
0
0
0
0
0
0
0
0
0
0
0
0
0
0
0
0
0
0
0
0
0
0
0
0
0
0
0
0
0
0
0
0
0
0
0
0
0
0
0
0
0
0
0
0
0
0
0
0
0
0
0
0
0
0
0
0
0
0
0
0
0
0
0
0
0
0
0
0
0
0
0
0
20
20
20
20
20
20
20
20
20
20
20
20
20
20
20
20
20
20
20
20
20
20
20
20
20
20
20
20
20
20
20
20
20
20
20
20
20
20
20
20
20
20
20
20
20
20
20
20
20
20
20
20
20
20
20
20
20
20
20
20
20
20
20
20
46
46
46
46
46
46
46
46
46
46
46
46
46
46
46
46
46
46
46
46
46
46
46
46
46
46
46
46
46
46
46
46
46
46
46
46
46
46
46
46
46
46
46
46
46
46
46
46
46
46
46
46
46
46
46
46
46
46
46
46
46
46
46
46
46
46
46
46
46
46
46
46
46
46
46
46
46
46
46
46
46
46
46
46
46
46
46
46
46
46
46
46
46
46
46
46
46
46
46
46
46
46
46
46
46
46
46
46
46
46
46
46
46
46
46
46
46
46
46
46
46
46
46
46
46
46
46
46
46
46
46
46
46
46
46
46
46
46
46
46
46
46
46
46
46
46
46
46
46
46
46
46
46
46
46
46
46
46
46
46
46
46
46
46
46
46
46
46
46
46
46
46
46
46
46
46
46
46
46
46
46
46
46
46
46
46
46
46
46
46
46
46
46
46
46
46
46
46
46
46
46
46
46
46
46
46
46
46
46
46
46
46
46
46
46
46
46
46
46
46
46
46
46
46
46
46
46
46
46
46
46
46
46
46
46
46
46
46
46
46
46
46
46
46
46
46
46
46
46
46
46
46
46
46
46
46
46
46
46
46
46
46
46
46
46
46
46
46
46
46
46
46
46
46
46
46
46
46
46
46
46
46
46
46
46
46
46
46
46
46
46
46
46
46
46
46
46
46
46
46
46
46
46
46
46
46
46
46
46
46
46
46
46
46
46
46
46
46
46
46
46
46
46
46
46
46
46
46
46
46
46
46
46
46
46
46
46
46
46
46
46
46
46
46
46
46
46
46
46
46
46
46
46
46
46
46
46
46
46
46
46
46
46
46
46
46
46
46
46
46
46
46
46
46
46
46
46
46
46
46
46
46
46
46
46
46
46
46
46
46
46
46
46
46
46
46
46
46
46
46
46
46
46
46
46
46
46
46
46
46
46
46
46
46
46
46
46
46
46
46
46
46
46
46
46
46
46
46
46
46
46
46
46
46
46
46
46
46
46
46
46
46
46
46
46
46
46
46
46
46
46
46
46
46
46
46
46
46
46
46
46
46
46
46
46
46
46
46
46
46
46
46
46
46
46
46
46
46
46
46
46
46
46
46
46
46
46
46
46
46
46
46
46
46
46
46
46
46
46
46
46
46
46
46
46
46
46
46
46
46
46
46
46
46
46
46
46
46
46
46
46
46
46
46
46
46
46
46
46
46
46
46
46
46
46
46
46
46
46
46
46
46
46
46
46
46
46
46
46
46
46
46
46
46
46
46
46
46
46
46
46
46
46
46
46
46
46
46
46
46
46
46
46
46
46
46
46
46
46
46
46
46
46
46
46
46
46
46
46
46
46
46
46
46
46
46
46
46
46
46
46
46
46
46
46
46
46
46
46
46
46
46
46
46
46
46
46
46
46
46
46
46
46
46
46
46
46
46
46
46
46
46
46
46
46
46
46
46
46
46
20
20
20
20
20
20
20
20
20
20
20
20
20
20
20
20
20
20
20
20
20
20
20
20
20
20
20
20
20
20
20
20
46
46
46
46
46
46
46
46
46
46
46
46
46
46
46
46
46
46
46
46
46
46
46
46
46
46
46
46
46
46
46
46
46
46
46
46
46
46
46
46
46
46
46
46
46
46
46
46
46
46
46
46
46
46
46
46
46
46
46
46
46
46
46
46
46
46
46
46
46
46
46
46
46
46
46
46
46
46
46
46
46
46
46
46
46
46
46
46
46
46
46
46
46
46
46
46
46
46
46
46
46
46
46
46
46
46
46
46
46
46
46
46
46
46
46
46
46
46
46
46
46
46
46
46
46
46
46
46
46
46
46
46
46
46
46
46
46
46
46
46
46
46
46
46
46
46
46
46
46
46
46
46
46
46
46
46
46
46
46
46
46
46
46
46
46
46
46
46
46
46
46
46
46
46
46
46
46
46
46
46
46
46
46
46
46
46
46
46
46
46
46
46
46
46
46
46
46
46
46
46
46
46
46
46
46
46
46
46
46
46
46
46
46
46
46
46
46
46
46
46
46
46
46
46
46
46
46
46
46
46
46
46
46
46
46
46
46
46
46
46
46
46
46
46
46
46
46
46
46
46
46
46
46
46
46
46
46
46
46
46
46
46
46
46
46
46
46
46
46
46
46
46
46
46
46
46
46
46
46
46
46
46
46
46
46
46
46
46
46
46
46
46
46
46
46
46
46
46
46
46
46
46
46
46
46
46
46
46
46
46
46
46
46
46
46
46
46
46
46
46
46
46
46
46
46
46
46
46
46
46
46
46
46
46
46
46
46
46
46
46
46
46
46
46
46
46
46
46
46
46
46
46
46
46
46
46
46
46
46
46
46
46
46
46
46
46
46
46
46
46
46
46
46
46
46
46
46
46
46
46
46
46
46
46
46
46
46
46
46
46
46
46
46
46
46
46
46
46
46
46
46
46
46
46
46
46
46
46
46
46
46
46
46
46
46
46
46
46
46
46
46
46
46
46
46
46
46
46
46
46
46
46
46
46
46
46
46
46
46
46
46
46
46
46
46
46
46
46
46
46
46
46
46
46
46
46
46
46
46
46
46
46
46
46
46
46
46
46
46
46
46
46
46
46
46
46
46
46
46
46
46
46
46
46
46
46
46
46
46
46
46
46
46
46
46
46
46
46
46
46
46
46
46
46
46
46
46
46
46
46
46
46
46
46
46
46
46
46
46
46
46
46
46
46
46
46
46
46
46
46
46
46
46
46
46
46
46
46
46
46
46
46
46
46
46
46
46
46
46
46
46
46
46
46
46
46
46
46
46
46
46
46
46
46
46
46
46
46
46
46
46
46
46
46
46
46
46
46
46
46
46
46
46
46
46
46
46
46
46
46
46
46
46
46
46
46
46
46
46
46
46
46
46
46
46
46
46
46
46
46
46
46
46
46
46
46
46
46
46
46
46
46
46
46
46
46
46
46
46
46
46
46
46
46
46
46
46
46
46
46
20
20
20
20
20
20
20
20
20
20
20
20
20
20
20
20
20
20
20
20
20
20
20
20
20
20
20
20
20
20
20
20
20
20
20
20
20
20
20
20
20
20
20
20
20
20
20
20
20
20
20
20
20
20
20
20
20
20
20
20
20
20
20
20
46
46
46
46
46
46
46
46
46
46
46
46
46
46
46
46
46
46
46
46
46
46
46
46
46
46
46
46
46
46
46
46
46
46
46
46
46
46
46
46
46
46
46
46
46
46
46
46
46
46
46
46
46
46
46
46
46
46
46
46
46
46
46
46
46
46
46
46
46
46
46
46
46
46
46
46
46
46
46
46
46
46
46
46
46
46
46
46
46
46
46
46
46
46
46
46
46
46
46
46
46
46
46
46
46
46
46
46
46
46
46
46
46
46
46
46
46
46
46
46
46
46
46
46
46
46
46
46
46
46
46
46
46
46
46
46
46
46
46
46
46
46
46
46
46
46
46
46
46
46
46
46
46
46
46
46
46
46
46
46
46
46
46
46
46
46
46
46
46
46
46
46
46
46
46
46
46
46
46
46
46
46
46
46
46
46
46
46
46
46
46
46
46
46
46
46
46
46
46
46
46
46
46
46
46
46
46
46
46
46
46
46
46
46
46
46
46
46
46
46
46
46
46
46
46
46
46
46
46
46
46
46
46
46
46
46
46
46
46
46
46
46
46
46
46
46
46
46
46
46
46
46
46
46
46
46
46
46
46
46
46
46
46
46
46
46
46
46
46
46
46
46
46
46
46
46
46
46
46
46
46
46
46
46
46
46
46
46
46
46
46
46
46
46
46
46
46
46
46
46
46
46
46
46
46
46
46
46
46
46
46
46
46
46
46
46
46
46
46
46
46
46
46
46
46
46
46
46
46
46
46
46
46
46
46
46
46
46
46
46
46
46
46
46
46
46
46
46
46
46
46
46
46
46
46
46
46
46
46
46
46
46
46
46
46
46
46
46
46
46
46
46
46
46
46
46
46
46
46
46
46
46
46
46
46
46
46
46
46
46
46
46
46
46
46
46
46
46
46
46
46
46
46
46
46
46
46
46
46
46
46
46
46
46
46
46
46
46
46
46
46
46
46
46
46
46
46
46
46
46
46
46
46
46
46
46
46
46
46
46
46
46
46
46
46
46
46
46
46
46
46
46
46
46
46
46
46
46
46
46
46
46
46
46
46
46
46
46
46
46
46
46
46
46
46
46
46
46
46
46
46
46
46
46
46
46
46
46
46
46
46
46
46
46
46
46
46
46
46
46
46
46
46
46
46
46
46
46
46
46
46
46
46
46
46
46
46
46
46
46
46
46
46
46
46
46
46
46
46
46
46
46
46
46
46
46
46
46
46
46
46
46
46
46
46
46
46
46
46
46
46
46
46
46
46
46
46
46
46
46
46
46
46
46
46
46
46
46
46
46
46
46
46
46
46
46
46
46
46
46
46
46
46
46
46
46
46
46
46
46
46
46
46
46
46
46
46
46
46
46
46
46
46
46
46
46
46
46
46
46
46
46
46
46
46
46
46
46
46
46
46
46
46
46
46
46
46
46
46
46
46
46
46
46
46
46
46
46
46
46
20
20
20
20
20
20
20
20
20
20
20
20
20
20
20
20
20
20
20
20
20
20
20
20
20
20
20
20
20
20
20
20
20
20
20
20
20
20
20
20
20
20
20
20
20
20
20
20
20
20
20
20
20
20
20
20
20
20
20
20
20
20
20
20
46
46
46
46
46
46
46
46
46
46
46
46
46
46
46
46
46
46
46
46
46
46
46
46
46
46
46
46
46
46
46
46
46
46
46
46
46
46
46
46
46
46
46
46
46
46
46
46
46
46
46
46
46
46
46
46
46
46
46
46
46
46
46
46
46
46
46
46
46
46
46
46
46
46
46
46
46
46
46
46
46
46
46
46
46
46
46
46
46
46
46
46
46
46
46
46
46
46
46
46
46
46
46
46
46
46
46
46
46
46
46
46
46
46
46
46
46
46
46
46
46
46
46
46
46
46
46
46
46
46
46
46
46
46
46
46
46
46
46
46
46
46
46
46
46
46
46
46
46
46
46
46
46
46
46
46
46
46
46
46
46
46
46
46
46
46
46
46
46
46
46
46
46
46
46
46
46
46
46
46
46
46
46
46
46
46
46
46
46
46
46
46
46
46
46
46
46
46
46
46
46
46
46
46
46
46
46
46
46
46
46
46
46
46
46
46
46
46
46
46
46
46
46
46
46
46
46
46
46
46
46
46
46
46
46
46
46
46
46
46
46
46
46
46
46
46
46
46
46
46
46
46
46
46
46
46
46
46
46
46
46
46
46
46
46
46
46
46
46
46
46
46
46
46
46
46
46
46
46
46
46
46
46
46
46
46
46
46
46
46
46
46
46
46
46
46
46
46
46
46
46
46
46
46
46
46
46
46
46
46
46
46
46
46
46
46
46
46
46
46
46
46
46
46
46
46
46
46
46
46
46
46
46
46
46
46
46
46
46
46
46
46
46
46
46
46
46
46
46
46
46
46
46
46
46
46
46
46
46
46
46
46
46
46
46
46
46
46
46
46
46
46
46
46
46
46
46
46
46
46
46
46
46
46
46
46
46
46
46
46
46
46
46
46
46
46
46
46
46
46
46
46
46
46
46
46
46
46
46
46
46
46
46
46
46
46
46
46
46
46
46
46
46
46
46
46
46
46
46
46
46
46
46
46
46
46
46
46
46
46
46
46
46
46
46
46
46
46
46
46
46
46
46
46
46
46
46
46
46
46
46
46
46
46
46
46
46
46
46
46
46
46
46
46
46
46
46
46
46
46
46
46
46
46
46
46
46
46
46
46
46
46
46
46
46
46
46
46
46
46
46
46
46
46
46
46
46
46
46
46
46
46
46
46
46
46
46
46
46
46
46
46
46
46
46
46
46
46
46
46
46
46
46
46
46
46
46
46
46
46
46
46
46
46
46
46
46
46
46
46
46
46
46
46
46
46
46
46
46
46
46
46
46
46
46
46
46
46
46
46
46
46
46
46
46
46
46
46
46
46
46
46
46
46
46
46
46
46
46
46
46
46
46
46
46
46
46
46
46
46
46
46
46
46
46
46
46
46
46
46
46
46
46
46
46
46
46
46
46
46
46
46
46
46
46
46
46
46
46
46
46
46
46
46
46
46
46
46
46
46
20
20
20
20
20
20
20
20
20
20
20
20
20
20
20
20
20
20
20
20
20
20
20
20
20
20
20
20
20
20
20
20
20
20
20
20
20
20
20
20
20
20
20
20
20
20
20
20
20
20
20
20
20
20
20
20
20
20
20
20
20
20
20
20
46
46
46
46
46
46
46
46
46
46
46
46
46
46
46
46
46
46
46
46
46
46
46
46
46
46
46
46
46
46
46
46
46
46
46
46
46
46
46
46
46
46
46
46
46
46
46
46
46
46
46
46
46
46
46
46
46
46
46
46
46
46
46
46
46
46
46
46
46
46
46
46
46
46
46
46
46
46
46
46
46
46
46
46
46
46
46
46
46
46
46
46
46
46
46
46
46
46
46
46
46
46
46
46
46
46
46
46
46
46
46
46
46
46
46
46
46
46
46
46
46
46
46
46
46
46
46
46
46
46
46
46
46
46
46
46
46
46
46
46
46
46
46
46
46
46
46
46
46
46
46
46
46
46
46
46
46
46
46
46
46
46
46
46
46
46
46
46
46
46
46
46
46
46
46
46
46
46
46
46
46
46
46
46
46
46
46
46
46
46
46
46
46
46
46
46
46
46
46
46
46
46
46
46
46
46
46
46
46
46
46
46
46
46
46
46
46
46
46
46
46
46
46
46
46
46
46
46
46
46
46
46
46
46
46
46
46
46
46
46
46
46
46
46
46
46
46
46
46
46
46
46
46
46
46
46
46
46
46
46
46
46
46
46
46
46
46
46
46
46
46
46
46
46
46
46
46
46
46
46
46
46
46
46
46
46
46
46
46
46
46
46
46
46
46
46
46
46
46
46
46
46
46
46
46
46
46
46
46
46
46
46
46
46
46
46
46
46
46
46
46
46
46
46
46
46
46
46
46
46
46
46
46
46
46
46
46
46
46
46
46
46
46
46
46
46
46
46
46
46
46
46
46
46
46
46
46
46
46
46
46
46
46
46
46
46
46
46
46
46
46
46
46
46
46
46
46
46
46
46
46
46
46
46
46
46
46
46
46
46
46
46
46
46
46
46
46
46
46
46
46
46
46
46
46
46
46
46
46
46
46
46
46
46
46
46
46
46
46
46
46
46
46
46
46
46
46
46
46
46
46
46
46
46
46
46
46
46
46
46
46
46
46
46
46
46
46
46
46
46
46
46
46
46
46
46
46
46
46
46
46
46
46
46
46
46
46
46
46
46
46
46
46
46
46
46
46
46
46
46
46
46
46
46
46
46
46
46
46
46
46
46
46
46
46
46
46
46
46
46
46
46
46
46
46
46
46
46
46
46
46
46
46
46
46
46
46
46
46
46
46
46
46
46
46
46
46
46
46
46
46
46
46
46
46
46
46
46
46
46
46
46
46
46
46
46
46
46
46
46
46
46
46
46
46
46
46
46
46
46
46
46
46
46
46
46
46
46
46
46
46
46
46
46
46
46
46
46
46
46
46
46
46
46
46
46
46
46
46
46
46
46
46
46
46
46
46
46
46
46
46
46
46
46
46
46
46
46
46
46
46
46
46
46
46
46
46
46
46
46
46
46
46
46
46
46
46
46
46
46
46
46
46
46
46
46
46
46
46
46
20
20
20
20
20
20
20
20
20
20
20
20
20
20
20
20
20
20
20
20
20
20
20
20
20
20
20
20
20
20
20
20
20
20
20
20
20
20
20
20
20
20
20
20
20
20
20
20
20
20
20
20
20
20
20
20
20
20
20
20
20
20
20
20
46
46
46
46
46
46
46
46
46
46
46
46
46
46
46
46
46
46
46
46
46
46
46
46
46
46
46
46
46
46
46
46
46
46
46
46
46
46
46
46
46
46
46
46
46
46
46
46
46
46
46
46
46
46
46
46
46
46
46
46
46
46
46
46
46
46
46
46
46
46
46
46
46
46
46
46
46
46
46
46
46
46
46
46
46
46
46
46
46
46
46
46
46
46
46
46
46
46
46
46
46
46
46
46
46
46
46
46
46
46
46
46
46
46
46
46
46
46
46
46
46
46
46
46
46
46
46
46
46
46
46
46
46
46
46
46
46
46
46
46
46
46
46
46
46
46
46
46
46
46
46
46
46
46
46
46
46
46
46
46
46
46
46
46
46
46
46
46
46
46
46
46
46
46
46
46
46
46
46
46
46
46
46
46
46
46
46
46
46
46
46
46
46
46
46
46
46
46
46
46
46
46
46
46
46
46
46
46
46
46
46
46
46
46
46
46
46
46
46
46
46
46
46
46
46
46
46
46
46
46
46
46
46
46
46
46
46
46
46
46
46
46
46
46
46
46
46
46
46
46
46
46
46
46
46
46
46
46
46
46
46
46
46
46
46
46
46
46
46
46
46
46
46
46
46
46
46
46
46
46
46
46
46
46
46
46
46
46
0
0
0
0
0
0
0
0
0
0
0
0
0
0
0
0
0
0
0
0
0
0
0
0
0
0
0
0
0
0
0
0
0
0
0
0
0
0
0
0
0
0
0
0
0
0
0
0
0
0
0
0
0
0
0
0
0
0
0
0
0
0
0
0
0
0
0
0
0
0
0
0
0
0
0
0
0
0
0
0
0
0
0
0
0
0
0
0
0
0
0
0
0
0
0
0
2
2
2
2
2
2
2
2
2
2
2
2
2
2
2
2
2
2
2
2
2
2
2
2
2
2
2
2
2
2
2
2
0
0
0
0
0
0
0
0
0
0
0
0
0
0
0
0
0
0
0
0
0
0
0
0
0
0
0
0
0
0
0
0
0
0
0
0
0
0
0
0
0
0
0
0
0
0
0
0
0
0
0
0
0
0
0
0
0
0
0
0
0
0
0
0
0
0
0
0
0
0
0
0
0
0
0
0
0
0
0
0
0
0
0
0
0
0
0
0
0
0
0
0
0
0
0
0
0
0
0
0
0
0
0
0
0
0
0
0
0
0
0
0
0
0
0
0
0
0
0
0
0
0
0
0
0
0
0
0
5
7
5
7
5
7
5
7
5
7
5
7
5
7
5
7
5
7
5
7
5
7
5
7
5
7
5
7
5
7
5
7
0
0
0
0
0
0
0
0
0
0
0
0
0
0
0
0
0
0
0
0
0
0
0
0
0
0
0
0
0
0
0
0
0
0
0
0
0
0
0
0
0
0
0
0
0
0
0
0
0
0
0
0
0
0
0
0
0
0
0
0
0
0
0
0
0
0
0
0
0
0
0
0
0
0
0
0
0
0
0
0
0
0
0
0
0
0
0
0
0
0
0
0
0
0
0
0
0
0
0
0
0
0
0
0
0
0
0
0
0
0
0
0
0
0
0
0
0
0
0
0
0
0
0
0
0
0
0
0
-1
-1
-1
-1
-1
-1
-1
-1
-1
-1
-1
-1
-1
-1
-1
-1
-1
-1
-1
-1
-1
-1
-1
-1
-1
-1
-1
-1
-1
-1
-1
-1
0
0
0
0
0
0
0
0
0
0
0
0
0
0
0
0
0
0
0
0
0
0
0
0
0
0
0
0
0
0
0
0
0
0
0
0
0
0
0
0
0
0
0
0
0
0
0
0
0
0
0
0
0
0
0
0
0
0
0
0
0
0
0
0
0
0
0
0
0
0
0
0
0
0
0
0
0
0
0
0
0
0
0
0
0
0
0
0
0
0
0
0
0
0
0
0
0
0
0
0
0
0
0
0
0
0
0
0
0
0
0
0
0
0
0
0
0
0
0
0
0
0
0
0
0
0
0
0
0
0
0
0
0
0
0
0
0
0
0
0
0
0
0
0
0
0
0
0
0
0
0
0
0
0
0
0
0
0
0
0
0
0
0
0
0
0
0
0
0
0
0
0
0
0
0
0
0
0
0
0
0
0
0
0
0
0
0
0
0
0
0
0
0
0
0
0
0
0
0
0
0
0
0
0
0
0
0
0
0
0
0
0
0
0
0
0
0
0
0
0
0
0
0
0
0
0
0
0
0
0
0
0
0
0
0
0
0
0
0
0
0
0
0
0
0
0
0
0
0
0
0
0
0
0
0
0
0
0
0
0
0
0
0
0
0
0
0
0
0
0
0
0
0
0
0
0
0
0
0
0
0
0
0
0
0
0
0
0
0
0
0
0
0
0
0
0
0
0
0
0
0
0
0
0
0
0
0
0
0
0
0
0
0
0
0
0
0
0
0
0
0
0
0
0
0
0
0
0
0
0
0
0
0
0
0
0
0
0
0
0
0
0
0
0
0
0
0
0
0
0
0
0
0
0
0
0
0
0
0
0
0
0
0
0
0
0
0
0
0
0
0
0
0
0
0
0
0
0
0
0
0
0
0
0
6
6
6
6
6
6
6
6
6
6
6
6
6
6
6
6
6
6
6
6
6
6
6
6
6
6
6
6
6
6
6
6
0
0
0
0
0
0
0
0
0
0
0
0
0
0
0
0
0
0
0
0
0
0
0
0
0
0
0
0
0
0
0
0
6
6
6
6
6
6
6
6
6
6
6
6
6
6
6
6
6
6
6
6
6
6
6
6
6
6
6
6
6
6
6
6
0
0
0
0
0
0
0
0
0
0
0
0
0
0
0
0
0
0
0
0
0
0
0
0
0
0
0
0
0
0
0
0
6
6
6
6
6
6
6
6
6
6
6
6
6
6
6
6
6
6
6
6
6
6
6
6
6
6
6
6
6
6
6
6
0
0
0
0
0
0
0
0
0
0
0
0
0
0
0
0
0
0
0
0
0
0
0
0
0
0
0
0
0
0
0
0
6
6
6
6
6
6
6
6
6
6
6
6
6
6
6
6
6
6
6
6
6
6
6
6
6
6
6
6
6
6
6
6
0
0
0
0
0
0
0
0
0
0
0
0
0
0
0
0
0
0
0
0
0
0
0
0
0
0
0
0
0
0
0
0
6
6
6
6
6
6
6
6
6
6
6
6
6
6
6
6
6
6
6
6
6
6
6
6
6
6
6
6
6
6
6
6
0
0
0
0
0
0
0
0
0
0
0
0
0
0
0
0
0
0
0
0
0
0
0
0
0
0
0
0
0
0
0
0
6
6
6
6
6
6
6
6
6
6
6
6
6
6
6
6
6
6
6
6
6
6
6
6
6
6
6
6
6
6
6
6
0
0
0
0
0
0
0
0
0
0
0
0
0
0
0
0
0
0
0
0
0
0
0
0
0
0
0
0
0
0
0
0
0
0
0
0
0
0
0
0
0
0
0
0
0
0
0
0
0
0
0
0
0
0
0
0
0
0
0
0
0
0
0
0
0
0
0
0
0
0
0
0
0
0
0
0
0
0
0
0
0
0
0
0
0
0
0
0
0
0
0
0
0
0
0
0
6
6
6
6
6
6
6
6
6
6
6
6
6
6
6
6
6
6
6
6
6
6
6
6
6
6
6
6
6
6
6
6
0
0
0
0
0
0
0
0
0
0
0
0
0
0
0
0
0
0
0
0
0
0
0
0
0
0
0
0
0
0
0
0
6
6
6
6
6
6
6
6
6
6
6
6
6
6
6
6
6
6
6
6
6
6
6
6
6
6
6
6
6
6
6
6
0
0
0
0
0
0
0
0
0
0
0
0
0
0
0
0
0
0
0
0
0
0
0
0
0
0
0
0
0
0
0
0
6
6
6
6
6
6
6
6
6
6
6
6
6
6
6
6
6
6
6
6
6
6
6
6
6
6
6
6
6
6
6
6
0
0
0
0
0
0
0
0
0
0
0
0
0
0
0
0
0
0
0
0
0
0
0
0
0
0
0
0
0
0
0
0
6
6
6
6
6
6
6
6
6
6
6
6
6
6
6
6
6
6
6
6
6
6
6
6
6
6
6
6
6
6
6
6
0
0
0
0
0
0
0
0
0
0
0
0
0
0
0
0
0
0
0
0
0
0
0
0
0
0
0
0
0
0
0
0
6
6
6
6
6
6
6
6
6
6
6
6
6
6
6
6
6
6
6
6
6
6
6
6
6
6
6
6
6
6
6
6
0
0
0
0
0
0
0
0
0
0
0
0
0
0
0
0
0
0
0
0
0
0
0
0
0
0
0
0
0
0
0
0
6
6
6
6
6
6
6
6
6
6
6
6
6
6
6
6
6
6
6
6
6
6
6
6
6
6
6
6
6
6
6
6
0
0
0
0
0
0
0
0
0
0
0
0
0
0
0
0
0
0
0
0
0
0
0
0
0
0
0
0
0
0
0
0
0
0
0
0
0
0
0
0
0
0
0
0
0
0
0
0
0
0
0
0
0
0
0
0
0
0
0
0
0
0
0
0
0
0
0
0
0
0
0
0
0
0
0
0
0
0
0
0
0
0
0
0
0
0
0
0
0
0
0
0
0
0
0
0
