%pattern_data
4
4
4
0
0
32
-8
0
52
88
0
1
1
0
0
0
10
0
3
0
0
0
0
0
0
0
0
22
-1
-1
0
0
0
50
0
0
55
91
0
0
0
1
0
1
0
0
0
0
0
0
0
0
0
0
0
0
9
0
0
43
1
0
1
0
1
0
1
0
1
0
1
0
1
0
1
0
1
0
1
0
1
0
1
0
1
0
1
0
1
0
1
0
1
0
1
0
1
0
1
0
1
0
1
0
1
0
1
0
1
0
1
0
1
0
1
0
1
0
1
0
1
0
1
0
-47
-47
-47
-47
-47
-47
-47
-47
-47
-47
-47
-47
-47
-47
-47
-47
-47
-47
-47
-47
-47
-47
-47
-47
-47
-47
-47
-47
-47
-47
-47
-47
5493764
576916
889660
1153855
4354172
1730771
5493764
2307687
2609116
2884626
4354172
3461542
5493764
4038458
4354172
4615374
4900771
5192313
5493764
5769229
6066916
6346145
4354172
6923084
8408458
7500000
7804785
8076916
8408458
8653855
8972494
9230771
12997642
9807687
10104762
10384626
11836916
10961542
11278481
11538458
11836916
12115374
12415238
12692313
14744354
13269229
13565918
13846145
15875034
14423084
14744354
15000000
15273605
15576916
15875034
16153855
16455828
16730771
15875034
17307687
17610454
17884626
15273605
18461542
307052
576916
874331
1153855
1444490
1730771
2025374
2307687
2594830
2884626
3184694
3461542
3750612
4038458
4326236
4615374
4897664
5192313
5490159
5769229
6066621
6346145
6639728
6923084
7206100
7500000
7796871
8076916
8370499
8653855
8951293
9230771
9514580
9807687
10090408
10384626
10683900
10961542
11259501
11538458
11817710
12115374
12405420
12692313
12967211
13269229
13546599
13846145
14128073
14423084
14721066
15000000
15299184
15576916
15864717
16153855
16438730
16730771
17019637
17307687
17607710
17884626
18191633
18461542
291338
576916
890952
1153855
1453810
1730771
2026168
2307687
2603084
2884626
3189615
3461542
3751701
4038458
4323696
4615374
4915805
5192313
5493651
5769229
6081406
6346145
6635147
6923084
7215351
7500000
7810249
8076916
8376848
8653855
8958549
9230771
9542676
9807687
10117302
10384626
10696553
10961542
11246508
11538458
11835714
12115374
12431383
12692313
12996190
13269229
13560884
13846145
14149274
14423084
14705896
15000000
15296485
15576916
15871066
16153855
16450567
16730771
17023061
17307687
16450567
17884626
18189501
18461542
299773
576916
898889
1153855
1457642
1730771
3765261
2307687
4338776
2884626
3202200
3461542
3765261
4038458
4338776
4615374
4926780
5192313
5482834
5769229
6074308
6346145
6647868
6923084
3765261
7500000
3202200
8076916
5482834
8653855
6647868
9230771
9532812
9807687
13577687
10384626
10698503
10961542
11278458
11538458
11857007
12115374
12452971
12692313
13019297
13269229
13577687
13846145
14148707
14423084
14743424
15000000
15316871
15576916
15874376
16153855
13019297
16730771
17041383
17307687
17623515
17884626
18198367
18461542
303061
576916
882313
1153855
1448118
1730771
2028163
2307687
2609501
2884626
3195805
3461542
3773469
4038458
4348095
4615374
4912517
5192313
5503379
5769229
6067664
6346145
6642245
6923084
7214082
7500000
7799683
8076916
8405374
8653855
8942245
9230771
9526576
9807687
10110544
10384626
10692653
10961542
11272313
11538458
11837823
12115374
12436463
12692313
13005828
13269229
13569660
13846145
14147438
14423084
14745193
15000000
15306281
15576916
15880385
16153855
16444195
16730771
17049501
17307687
17610227
17884626
18176984
18461542
316599
576916
887551
1153855
1457188
1730771
2021429
2307687
2601043
2884626
3194966
3461542
3774444
4038458
4354853
4615374
4933016
5192313
5510794
5769229
6091315
6346145
6649569
6923084
7226327
7500000
7784172
8076916
8395828
8653855
8980295
9230771
9547483
9807687
10110181
10384626
10705918
10961542
11284943
11538458
11833243
12115374
12437914
12692313
13004830
13269229
13591655
13846145
14167868
14423084
14730839
15000000
15315737
15576916
15888639
16153855
16466440
16730771
17035329
17307687
17601587
17884626
18173968
18461542
334014
576916
862585
1153855
1448186
1730771
2052993
2307687
2599365
2884626
3179048
3461542
3758844
4038458
4333605
4615374
4920340
5192313
5500045
5769229
6077574
6346145
6660998
6923084
7223741
7500000
7790272
8076916
8376508
8653855
8951338
9230771
9533107
9807687
10093492
10384626
10691565
10961542
11285306
11538458
11843878
12115374
12413107
12692313
12997188
13269229
13558163
13846145
14145601
14423084
14729592
15000000
15301179
15576916
15869002
16153855
16448027
16730771
17024467
17307687
17598821
17884626
18184966
18461542
303855
576916
4337279
1153855
1442313
1730771
2023356
2307687
2600703
2884626
3195011
3461542
3766327
4038458
4337279
4615374
4919252
5192313
5495034
5769229
6079138
6346145
6641519
6923084
7206712
7500000
7808662
8076916
8362902
8653855
8963719
9230771
9536735
9807687
10122041
10384626
14164785
10961542
11277166
11538458
11834399
12115374
17045737
12692313
12993107
13269229
13576667
13846145
14164785
14423084
14737143
15000000
15315510
15576916
15871202
16153855
16454626
16730771
17045737
17307687
17609841
17884626
18216803
18461542
301701
576916
879751
1153855
1465578
1730771
2027959
2307687
2609229
2884626
3199002
3461542
3774331
4038458
4340930
4615374
4923855
5192313
5513107
5769229
6090181
6346145
6658980
6923084
7228231
7500000
7805057
8076916
8411678
8653855
8971542
9230771
9541088
9807687
10136281
10384626
10682585
10961542
11249615
11538458
11826644
12115374
12420839
12692313
13025125
13269229
13566463
13846145
14135805
14423084
14756553
15000000
15296281
15576916
15869637
16153855
16446712
16730771
17039048
17307687
17604649
17884626
18193039
18461542
306395
576916
881837
1153855
1486395
1730771
2038005
2307687
2620431
2884626
3209456
3461542
3783197
4038458
4353401
4615374
4927914
5192313
5508413
5769229
6096281
6346145
6672404
6923084
7214558
7500000
7812018
8076916
8376780
8653855
8989524
9230771
9536032
9807687
10126145
10384626
10706508
10961542
11256122
11538458
11858073
12115374
12453469
12692313
12996168
13269229
13597596
13846145
14169410
14423084
14743447
15000000
15312132
15576916
15874830
16153855
16461995
16730771
17063356
17307687
17623447
17884626
18213968
18461542
301020
576916
910590
1153855
1469932
1730771
2043583
2307687
2604490
2884626
3193696
3461542
3780045
4038458
4356712
4615374
4935488
5192313
5499932
5769229
6080839
6346145
6640272
6923084
7225306
7500000
7820454
8076916
8381224
8653855
8926848
9230771
9527234
9807687
10116440
10384626
10686825
10961542
11264694
11538458
11847687
12115374
12424671
12692313
12994626
13269229
13580091
13846145
14122971
14423084
14716984
15000000
15311066
15576916
15903469
16153855
16441451
16730771
17014807
17307687
17599728
17884626
18179592
18461542
2021859
576916
876984
1153855
1425850
1730771
2021859
2307687
2604331
2884626
3178753
3461542
3761156
4038458
4345306
4615374
6648753
5192313
3761156
5769229
7805057
6346145
6648753
6923084
3761156
7500000
7805057
8076916
8382290
8653855
8955624
9230771
9539138
9807687
10108639
10384626
10693537
10961542
11271111
11538458
11840726
12115374
12426553
12692313
12984853
13269229
13579342
13846145
14155170
14423084
14730249
15000000
15293719
15576916
15878186
16153855
16463356
16730771
17027619
17307687
17602902
17884626
15293719
18461542
300930
576916
878662
1153855
1464512
1730771
2036213
2307687
2599932
2884626
3191610
3461542
3761905
4038458
4339683
4615374
4907959
5192313
5500476
5769229
6069932
6346145
6643175
6923084
7203220
7500000
7827574
8076916
8387914
8653855
8945601
9230771
9524036
9807687
10117438
10384626
10691066
10961542
11266531
11538458
11827098
12115374
12406395
12692313
12989161
13269229
13557415
13846145
14154286
14423084
14741678
15000000
15303379
15576916
15858617
16153855
16430204
16730771
17035624
17307687
17611587
17884626
18183288
18461542
279524
576916
897143
1153855
1463356
1730771
2032562
2307687
2611950
2884626
3196939
3461542
3766621
4038458
4334558
4615374
4940181
5192313
5508209
5769229
6079229
6346145
6652109
6923084
7225170
7500000
7816054
8076916
8377392
8653855
8968866
9230771
9539546
9807687
10101814
10384626
10687596
10961542
11262358
11538458
11843968
12115374
12408662
12692313
13011020
13269229
13573900
13846145
14143764
14423084
14727619
15000000
15306599
15576916
15883537
16153855
16456145
16730771
17052381
17307687
17626168
17884626
18195102
18461542
298912
576916
895125
1153855
1449410
1730771
2019206
2307687
2601497
2884626
3193447
3461542
3752313
4038458
4338141
4615374
4901587
5192313
5487528
5769229
6066417
6346145
6637392
6923084
7226281
7500000
7804943
8076916
8389660
8653855
8975306
9230771
9540000
9807687
10114649
10384626
10696893
10961542
11264512
11538458
11839909
12115374
12422562
12692313
12986984
13269229
13556122
13846145
14154603
14423084
14730385
15000000
15317347
15576916
15874104
16153855
16438912
16730771
17034966
17307687
17600431
17884626
18181769
18461542
0
0
0
0
0
0
0
0
0
0
0
0
0
0
0
0
0
0
0
0
0
0
0
0
0
0
0
0
0
0
0
0
0
0
0
0
0
0
0
0
0
0
0
0
0
0
0
0
0
0
0
0
0
0
0
0
0
0
0
0
0
0
0
0
0
0
0
0
0
0
0
0
0
0
0
0
0
0
0
0
0
0
0
0
0
0
0
0
0
0
0
0
0
0
0
0
0
0
0
0
0
0
0
0
0
0
0
0
0
0
0
0
0
0
0
0
0
0
0
0
0
0
0
0
0
0
0
0
0
0
0
0
0
0
0
0
0
0
0
0
0
0
0
0
0
0
0
0
0
0
0
0
0
0
0
0
0
0
0
0
0
0
0
0
0
0
0
0
0
0
0
0
0
0
0
0
0
0
0
0
0
0
0
0
0
0
0
0
0
0
0
0
0
0
0
0
0
0
0
0
0
0
0
0
0
0
0
0
0
0
0
0
0
0
0
0
0
0
0
0
0
0
0
0
0
0
0
0
0
0
0
0
0
0
0
0
0
0
0
0
0
0
0
0
0
0
0
0
0
0
0
0
0
0
0
0
0
0
0
0
0
0
0
0
0
0
0
0
0
0
0
0
0
0
0
0
0
0
0
0
0
0
0
0
0
0
0
0
0
0
0
0
0
0
0
0
0
0
0
0
0
0
0
0
0
0
0
0
0
0
0
0
0
0
0
0
0
0
0
0
173379
340907
524649
681814
857642
1022721
1198730
1363628
1540748
1704535
1861088
2045465
2226531
2386372
2574830
2727279
2909501
3068186
3245125
3409093
3591315
3750000
3922834
4090907
4287483
4431814
4636939
4772721
4958390
5113628
5304354
5454535
5624240
5795465
5978866
6136372
6321973
6477279
6649252
6818186
6999864
7159093
7337664
7500000
7677506
7840907
8037143
8181814
8371043
8522721
8708050
8863628
9061156
9204535
9388957
9545465
9738367
9886372
10083628
10227279
10413719
10568186
10750658
10909093
188594
340907
527687
681814
871020
1022721
1208980
1363628
1547029
1704535
1888458
2045465
2219592
2386372
2580181
2727279
2920000
3068186
3261995
3409093
3604104
3750000
3947075
4090907
4279955
4431814
4642449
4772721
4966553
5113628
5306803
5454535
6656190
5795465
5992698
6136372
6319977
6477279
6656190
6818186
7002948
7159093
7352834
7500000
7691361
7840907
8043900
8181814
8376599
8522721
8710612
8863628
9043175
9204535
9389592
9545465
9721519
9886372
10084218
10227279
10417710
10568186
10764649
10909093
172041
340907
529683
681814
858957
1022721
1200816
1363628
1557052
1704535
1897937
2045465
2232222
2386372
2571270
2727279
2908730
3068186
3252290
3409093
3586871
3750000
3924830
4090907
4259705
4431814
4610748
4772721
4959841
5113628
5293311
5454535
5625351
5795465
5951179
6136372
6316100
6477279
6657166
6818186
7001655
7159093
7353719
7500000
7686871
7840907
8024082
8181814
8361542
8522721
8705488
8863628
9043469
9204535
9385669
9545465
9725805
9886372
10062494
10227279
10396054
10568186
10742041
10909093
185986
340907
548889
681814
875986
1022721
1210998
1363628
1563333
1704535
1898027
2045465
2244308
2386372
2577778
2727279
2912381
3068186
3254286
3409093
3589252
3750000
3937710
4090907
4269751
4431814
4639524
4772721
4963061
5113628
5304263
5454535
5643968
5795465
5984966
6136372
6311769
6477279
6653810
6818186
7004966
7159093
7346803
7500000
7680680
7840907
8032109
8181814
8369977
8522721
8701746
8863628
9060136
9204535
9400884
9545465
9744263
9886372
10095941
10227279
10422313
10568186
10769728
10909093
178390
340907
538934
681814
883311
1022721
178390
1363628
1556667
1704535
1909751
2045465
2238186
2386372
3940113
2727279
1909751
3068186
3261587
3409093
3591927
3750000
3940113
4090907
4285193
4431814
4630771
4772721
4958912
5113628
5303855
5454535
5640567
5795465
5997574
6136372
6338435
6477279
6660703
6818186
7013311
7159093
7365873
7500000
7695420
7840907
8037937
8181814
8365692
8522721
8696644
8863628
9051746
9204535
9395646
9545465
9732268
9886372
10075079
10227279
10414807
10568186
10753787
10909093
184014
340907
535556
681814
863810
1022721
1203243
1363628
1554467
1704535
1901043
2045465
2245624
2386372
2586825
2727279
2918594
3068186
3260998
3409093
3598231
3750000
3940862
4090907
4278390
4431814
4622676
4772721
4966689
5113628
5311315
5454535
5639751
5795465
5988390
6136372
6309751
6477279
6660045
6818186
7004014
7159093
7344717
7500000
7691927
7840907
8030998
8181814
8363787
8522721
8721293
8863628
9064558
9204535
9395805
9545465
9733016
9886372
10079048
10227279
10423447
10568186
10753424
10909093
203129
340907
518345
681814
875306
1022721
1207007
1363628
1553356
1704535
1887302
2045465
2245079
2386372
2572404
2727279
2911769
3068186
3253424
3409093
3592336
3750000
3931451
4090907
4273311
4431814
4630680
4772721
4958957
5113628
5298549
5454535
5637098
5795465
5981497
6136372
6322245
6477279
6663061
6818186
7020499
7159093
7356848
7500000
7683923
7840907
8020635
8181814
8364467
8522721
8697324
8863628
9043946
9204535
9378050
9545465
9735442
9886372
10065669
10227279
10405079
10568186
10752290
10909093
196848
340907
547143
681814
887528
1022721
1212540
1363628
1566054
1704535
1910907
2045465
2248889
2386372
2584286
2727279
2916145
3068186
3249456
3409093
3594467
3750000
3938662
4090907
4282971
4431814
4629342
4772721
4972154
5113628
5301179
5454535
5654263
5795465
5989252
6136372
6329615
6477279
6660726
6818186
6994875
7159093
7357914
7500000
7699592
7840907
8026259
8181814
8375624
8522721
8693469
8863628
9047914
9204535
9399592
9545465
9730317
9886372
10089365
10227279
10416961
10568186
10763197
10909093
187664
340907
541247
681814
1910952
1022721
1216417
1363628
1575329
1704535
1910952
2045465
2242041
2386372
2569592
2727279
2904966
3068186
3252063
3409093
3599524
3750000
3939728
4090907
4273152
4431814
4627937
4772721
4957596
5113628
5312494
5454535
5639433
5795465
5997574
6136372
6330884
6477279
6658821
6818186
7002540
7159093
7347619
7500000
7679002
7840907
8030091
8181814
8367755
8522721
8694195
8863628
9051633
9204535
9377528
9545465
9707959
9886372
10089955
10227279
10410295
10568186
10764921
10909093
186032
340907
533492
681814
870952
1022721
1207347
1363628
1546259
1704535
1889728
2045465
2239909
2386372
2561519
2727279
2908050
3068186
3249569
3409093
3601769
3750000
3945420
4090907
4282449
4431814
4642472
4772721
4981565
5113628
5310703
5454535
5644104
5795465
6000385
6136372
6324580
6477279
6666485
6818186
7016961
7159093
7356803
7500000
7697959
7840907
8031066
8181814
8368707
8522721
8690023
8863628
9028367
9204535
9383016
9545465
9715261
9886372
10080181
10227279
10413288
10568186
10765714
10909093
178934
340907
534490
681814
864535
1022721
1201655
1363628
1551066
1704535
1885918
2045465
2244649
2386372
2589274
2727279
2923832
3068186
3250363
3409093
3617574
3750000
3947302
4090907
4274014
4431814
4628277
4772721
4959002
5113628
5305102
5454535
5638798
5795465
5972540
6136372
6318390
6477279
6662290
6818186
7009887
7159093
7351769
7500000
7702834
7840907
8038798
8181814
8366463
8522721
8713379
8863628
9053379
9204535
9387143
9545465
9721202
9886372
10069773
10227279
10413469
10568186
10749751
10909093
186780
340907
520522
681814
867075
1022721
1187256
1363628
1546961
1704535
1887868
2045465
2229819
2386372
2572222
2727279
2914807
3068186
3248730
3409093
3590431
3750000
3931429
4090907
4277846
4431814
4631497
4772721
4956100
5113628
5303515
5454535
5632676
5795465
5987438
6136372
6326667
6477279
6658707
6818186
7010544
7159093
7368367
7500000
7693333
7840907
8035918
8181814
8364240
8522721
8703946
8863628
9046735
9204535
9397800
9545465
9735011
9886372
10084671
10227279
10409637
10568186
10748027
10909093
192517
340907
530204
681814
869274
1022721
1210317
1363628
1553560
1704535
1903492
2045465
2239297
2386372
2574739
2727279
2914036
3068186
3255193
3409093
3587778
3750000
3930159
4090907
4264059
4431814
4608571
4772721
4955510
5113628
5297732
5454535
5633923
5795465
5987687
6136372
6316236
6477279
6652857
6818186
6992653
7159093
7336508
7500000
7678435
7840907
8023832
8181814
8373061
8522721
8709615
8863628
9050930
9204535
9387800
9545465
9713696
9886372
10073016
10227279
10419274
10568186
10748322
10909093
202268
340907
539955
681814
871769
1022721
1205261
1363628
1553560
1704535
1889161
2045465
2238912
2386372
2577234
2727279
2912268
3068186
3258163
3409093
3598707
3750000
3935737
4090907
4279796
4431814
4631565
4772721
4952540
5113628
5303968
5454535
5644943
5795465
5990680
6136372
6321769
6477279
6653243
6818186
7007460
7159093
7343764
7500000
7692154
7840907
8052676
8181814
8375306
8522721
8711655
8863628
9061837
9204535
9393923
9545465
9735351
9886372
10071202
10227279
10410408
10568186
10747506
10909093
190385
340907
525692
681814
863515
1022721
1209274
1363628
1543061
1704535
1890658
2045465
2232789
2386372
2577483
2727279
2919569
3068186
3257370
3409093
3594603
3750000
3934739
4090907
4276395
4431814
4631202
4772721
4966508
5113628
5314853
5454535
5638254
5795465
5991610
6136372
6337007
6477279
6657823
6818186
7006893
7159093
7348481
7500000
7687256
7840907
8032336
8181814
8384218
8522721
8695578
8863628
9045397
9204535
9390159
9545465
9728685
9886372
10067166
10227279
10398730
10568186
10757982
10909093
0
0
0
0
0
0
0
0
0
0
0
0
0
0
0
0
0
0
0
0
0
0
0
0
0
0
0
0
0
0
0
0
0
0
0
0
0
0
0
0
0
0
0
0
0
0
0
0
0
0
0
0
0
0
0
0
0
0
0
0
0
0
0
0
0
0
0
0
0
0
0
0
0
0
0
0
0
0
0
0
0
0
0
0
0
0
0
0
0
0
0
0
0
0
0
0
0
0
0
0
0
0
0
0
0
0
0
0
0
0
0
0
0
0
0
0
0
0
0
0
0
0
0
0
0
0
0
0
0
0
0
0
0
0
0
0
0
0
0
0
0
0
0
0
0
0
0
0
0
0
0
0
0
0
0
0
0
0
0
0
0
0
0
0
0
0
0
0
0
0
0
0
0
0
0
0
0
0
0
0
0
0
0
0
0
0
0
0
0
0
0
0
0
0
0
0
0
0
0
0
0
0
0
0
0
0
0
0
0
0
0
0
0
0
0
0
0
0
0
0
0
0
0
0
0
0
0
0
0
0
0
0
0
0
0
0
0
0
0
0
0
0
0
0
0
0
0
0
0
0
0
0
0
0
0
0
0
0
0
0
0
0
0
0
0
0
0
0
0
0
0
0
0
0
0
0
0
0
0
0
0
0
0
0
0
0
0
0
0
0
0
0
0
0
0
0
0
0
0
0
0
0
0
0
0
0
0
0
0
0
0
0
0
0
0
0
0
0
0
0
405
57
347
36
301
42
1216
41
340
35
301
34
1240
43
301
26
333
29
1216
43
387
31
484
46
1242
37
379
41
1317
60
455
51
1140
54
478
36
873
53
1302
48
558
45
466
30
1276
56
569
40
550
50
1246
48
437
49
529
34
1325
57
376
47
1394
51
819
47
2192
68
697
80
590
66
1975
82
501
67
514
80
1698
83
573
83
608
79
1655
73
1250
79
305
56
1845
69
548
82
2073
70
471
74
2135
65
519
72
585
83
1998
77
568
83
424
79
2225
70
372
62
905
85
1747
75
544
83
534
67
1656
75
434
78
2206
64
526
79
1848
71
505
63
585
59
1839
72
453
55
405
56
1832
62
745
55
514
70
1783
65
373
62
347
58
1321
75
542
65
2518
68
547
67
1558
76
451
70
541
85
2064
71
354
51
558
81
2345
76
376
57
418
62
1616
81
555
88
484
69
1412
71
290
53
1412
75
447
68
2108
66
302
48
444
57
1919
67
306
48
284
60
1919
73
306
66
650
90
1806
69
431
79
263
55
1919
73
284
59
1806
93
263
54
1564
84
653
36
387
69
1605
83
405
77
475
75
1887
91
653
72
562
102
1956
82
466
69
439
66
1887
67
311
66
1515
87
314
53
1650
52
259
32
199
22
1953
40
447
28
319
28
1790
45
401
31
377
31
1913
46
417
41
421
49
1753
49
372
36
2036
53
286
31
1939
47
601
52
566
53
1851
52
281
28
231
37
2058
52
400
35
560
35
1757
57
365
32
219
33
1577
43
291
34
1624
48
180
26
2708
22
350
8
332
9
3179
12
370
7
207
10
3873
19
622
12
542
8
2888
11
291
8
518
14
2942
7
275
7
2566
12
685
14
2619
16
624
6
849
12
2979
12
565
5
431
8
2968
10
747
7
855
8
2319
8
524
7
470
7
2588
9
539
8
2638
6
329
3
2967
104
175
10
615
30
3591
63
277
15
212
21
4063
69
446
26
187
23
3763
70
456
31
256
32
4257
91
222
25
3501
90
219
27
3477
72
203
12
349
27
4622
81
236
23
156
21
3902
87
193
16
163
34
3569
78
220
13
252
27
2018
97
262
22
2850
77
416
35
3078
8
730
2
674
5
4671
9
559
3
392
17
5238
12
730
13
484
10
5296
22
779
7
395
11
5386
18
355
25
5098
17
629
9
4698
5
972
5
677
17
4401
39
923
8
592
4
5368
45
477
14
677
18
5247
11
734
10
545
9
5313
19
592
18
5312
9
987
10
4389
4
662
2
1043
3
4242
5
631
2
490
2
4207
4
787
2
1108
3
3992
4
584
3
401
1
3796
3
268
1
4182
5
552
3
4095
7
221
2
195
1
3905
3
278
1
701
2
4033
4
367
1
857
1
3927
5
1437
2
714
1
3937
4
681
2
3954
2
662
2
4139
4
473
1
942
3
4164
4
349
1
455
1
4558
5
449
1
484
1
4598
7
548
2
876
3
4535
5
503
1
4354
5
369
1
4243
5
390
2
857
3
4122
2
260
1
283
2
4228
3
366
2
379
1
4299
4
529
1
686
1
4467
4
253
1
4374
5
491
2
5656
2
327
4
377
2
5478
6
425
1
257
1
5328
3
589
5
171
1
5477
4
416
1
403
2
4685
2
721
6
5670
2
363
2
4633
2
756
1
1146
3
5478
3
750
3
348
2
5231
2
218
1
205
1
4908
1
920
6
774
7
5290
4
287
1
5144
6
635
5
2142
196
643
114
1076
142
2142
178
629
124
729
144
2069
166
711
127
644
124
2069
164
612
117
644
129
2069
172
612
121
2339
207
718
107
2337
168
502
114
1050
162
2438
213
926
178
1074
136
2234
166
730
132
1169
162
2095
195
1115
149
883
158
1518
218
738
130
2301
192
1115
114
3043
130
979
90
941
101
2565
130
771
94
1290
128
3667
143
576
89
1297
124
3118
131
796
144
753
101
2917
150
886
130
2900
157
796
115
2711
130
641
103
1483
102
2920
139
740
98
938
136
2812
137
712
115
712
100
2424
156
880
105
504
75
2330
120
695
96
1935
135
1240
119
3051
90
556
49
826
45
1505
72
463
53
615
62
2030
80
717
53
655
60
2056
79
412
48
499
51
1668
73
396
40
1830
64
378
46
2085
87
452
59
462
51
1763
96
442
64
553
62
2088
99
480
51
809
50
2377
97
671
58
505
54
1745
85
302
43
1503
93
200
32
1812
75
550
61
771
54
1860
62
918
76
579
67
2154
73
561
73
625
65
1839
50
496
52
563
60
1651
72
362
46
1562
78
298
43
1625
57
345
46
543
53
2152
60
476
54
394
60
2386
65
399
43
714
84
1916
76
304
57
287
44
1798
62
365
49
1662
67
369
67
0
0
0
0
0
0
0
0
0
0
0
0
0
0
0
0
0
0
0
0
0
0
0
0
0
0
0
0
0
0
0
0
0
0
0
0
0
0
0
0
0
0
0
0
0
0
0
0
0
0
0
0
0
0
0
0
0
0
0
0
0
0
0
0
0
0
0
0
0
0
0
0
0
0
0
0
0
0
0
0
0
0
0
0
0
0
0
0
0
0
0
0
0
0
0
0
0
0
0
0
0
0
0
0
0
0
0
0
0
0
0
0
0
0
0
0
0
0
0
0
0
0
0
0
0
0
0
0
0
0
0
0
0
0
0
0
0
0
0
0
0
0
0
0
0
0
0
0
0
0
0
0
0
0
0
0
0
0
0
0
0
0
0
0
0
0
0
0
0
0
0
0
0
0
0
0
0
0
0
0
0
0
0
0
0
0
0
0
0
0
0
0
0
0
0
0
0
0
0
0
0
0
0
0
0
0
0
0
0
0
0
0
0
0
0
0
0
0
0
0
0
0
0
0
0
0
0
0
0
0
0
0
0
0
0
0
0
0
0
0
0
0
0
0
0
0
0
0
0
0
0
0
0
0
0
0
0
0
0
0
0
0
0
0
0
0
0
0
0
0
0
0
0
0
0
0
0
0
0
0
0
0
0
0
0
0
0
0
0
0
0
0
0
0
0
0
0
0
0
0
0
0
0
0
0
0
0
0
0
0
0
0
0
0
0
0
0
0
0
0
2252
192
489
115
590
112
2171
188
434
78
306
76
1619
177
443
110
407
88
1349
206
505
112
279
87
1605
211
486
110
1803
178
674
131
2096
177
766
128
409
105
1746
181
475
104
465
97
2019
206
579
119
419
87
1776
214
450
112
870
139
1743
201
712
110
2090
184
784
125
2075
152
439
107
577
127
1862
190
1058
155
687
154
2594
165
828
147
1157
153
2184
168
1051
165
796
161
2475
157
664
134
2271
152
692
129
2509
170
745
121
826
149
2509
145
741
150
1215
140
2322
159
532
104
729
164
2219
158
1061
134
607
133
2073
159
569
127
2011
157
807
149
2382
104
372
71
348
64
2176
104
479
80
508
68
2462
94
544
90
484
77
2413
92
492
93
485
70
1925
104
473
77
1824
126
346
65
2452
115
487
81
709
106
2522
102
905
91
612
93
2843
98
781
89
521
79
2182
79
490
84
360
55
2205
98
377
66
2918
87
648
95
1872
162
565
153
599
132
1434
162
499
124
269
71
2170
143
440
109
494
113
2444
109
698
142
418
109
2562
123
734
175
2170
130
413
119
2145
118
585
120
723
122
2473
114
587
125
529
137
2875
112
686
164
741
138
2515
139
533
129
586
144
2378
158
369
122
2438
129
411
99
2360
98
264
68
411
94
2360
87
766
99
247
55
2649
83
451
62
247
54
2440
86
352
52
451
69
1872
75
258
53
2519
78
539
89
1671
95
329
75
273
60
1990
99
421
68
341
66
1842
92
531
75
261
52
1629
90
354
71
482
81
2150
84
263
57
2128
86
457
76
4509
62
569
31
1365
42
4802
60
640
27
1041
36
4598
57
701
39
846
52
5598
63
1660
55
1171
73
4679
52
919
31
4599
54
1163
45
4608
51
1114
35
1443
46
4784
53
1504
43
750
38
4667
54
1217
38
1197
39
4496
47
1493
51
1255
60
4454
50
824
37
3993
46
856
31
4199
72
563
17
598
29
4939
37
452
12
392
16
4633
28
457
15
459
15
4976
64
731
18
739
52
3850
21
614
30
4085
22
565
19
4053
57
423
8
389
16
5385
40
719
32
646
25
4631
57
595
27
685
29
4838
43
756
35
282
30
4376
57
493
32
4008
33
925
23
5798
39
606
20
770
12
7303
40
513
10
274
10
7329
59
512
20
393
12
6240
30
348
12
1149
11
7545
32
515
13
6217
47
308
7
5652
28
395
6
1632
21
7288
58
457
4
1094
23
8011
18
485
5
612
10
5942
14
418
6
330
6
6168
12
524
7
6289
15
457
9
5503
6
170
4
705
16
5299
9
951
5
705
7
5147
5
717
3
281
3
5632
9
1051
4
296
2
5491
5
784
4
5688
6
609
6
5673
14
379
5
1066
6
5324
10
480
3
450
4
5169
5
1148
11
238
4
5438
8
153
5
290
4
5855
7
532
11
5391
7
849
11
4365
21
661
19
632
16
4429
18
523
12
460
13
5066
18
692
14
322
10
4018
19
447
15
497
17
4598
20
289
15
4408
31
714
21
4243
21
173
8
545
14
4767
19
162
5
185
7
4215
23
495
11
288
7
4449
12
963
11
516
9
4309
11
165
4
4556
15
178
6
5372
12
1161
48
231
15
5414
43
236
14
153
10
5900
58
124
14
169
17
5763
61
243
29
90
4
6062
50
345
23
5781
45
96
7
5529
41
99
3
157
7
5440
48
135
2
118
5
5667
56
198
7
224
13
5715
36
382
23
342
14
5666
21
163
9
5530
35
131
7
1874
266
574
164
712
166
2422
284
870
180
613
185
2693
273
614
157
618
170
2207
324
795
171
706
179
2651
343
669
183
2215
282
868
180
2644
271
594
193
618
181
2901
242
518
168
718
166
2577
300
623
178
553
194
2258
335
565
196
681
223
2997
349
381
168
1776
316
530
167
2737
184
701
129
1057
161
2943
197
1109
149
816
155
3454
209
905
159
936
152
2743
190
1058
163
1152
138
2721
158
903
158
2680
264
738
163
3325
191
1277
159
1272
172
2629
168
1672
200
1245
184
3639
181
1573
176
944
178
2975
202
1632
184
1310
202
3198
223
1150
178
3614
241
888
168
2450
123
683
103
820
92
2316
131
725
82
890
96
2767
135
690
98
714
80
2667
123
744
86
733
81
2904
87
773
98
3493
99
819
97
2091
110
716
92
777
92
3023
106
1038
89
914
91
2710
119
604
89
1081
104
2486
95
997
95
900
90
2472
90
583
72
2330
102
609
75
2444
164
766
125
736
133
3422
126
1145
139
635
127
3268
121
869
142
1034
130
3090
148
700
129
724
136
3135
187
808
151
2808
152
838
162
2433
158
763
141
819
140
2556
126
962
159
780
152
3272
125
715
131
773
174
3304
117
1229
145
866
153
2883
119
760
138
2003
137
713
139
0
0
0
0
0
0
0
0
0
0
0
0
0
0
0
0
0
0
0
0
0
0
0
0
0
0
0
0
0
0
0
0
0
0
0
0
0
0
0
0
0
0
0
0
0
0
0
0
0
0
0
0
0
0
0
0
0
0
0
0
0
0
0
0
0
0
0
0
0
0
0
0
0
0
0
0
0
0
0
0
0
0
0
0
0
0
0
0
0
0
0
0
0
0
0
0
0
0
0
0
0
0
0
0
0
0
0
0
0
0
0
0
0
0
0
0
0
0
0
0
0
0
0
0
0
0
0
0
0
0
0
0
0
0
0
0
0
0
0
0
0
0
0
0
0
0
0
0
0
0
0
0
0
0
0
0
0
0
0
0
0
0
0
0
0
0
0
0
0
0
0
0
0
0
0
0
0
0
0
0
0
0
0
0
0
0
0
0
0
0
0
0
0
0
0
0
0
0
0
0
0
0
0
0
0
0
0
0
0
0
0
0
0
0
0
0
0
0
0
0
0
0
0
0
0
0
0
0
0
0
0
0
0
0
0
0
0
0
0
0
0
0
0
0
0
0
0
0
0
0
0
0
0
0
0
0
0
0
0
0
0
0
0
0
0
0
0
0
0
0
0
0
0
0
0
0
0
0
0
0
0
0
0
0
0
0
0
0
0
0
0
0
0
0
0
0
0
0
0
0
0
0
0
0
0
0
0
0
0
0
0
0
0
0
0
0
0
0
0
0
20
20
20
20
20
20
20
20
20
20
20
20
20
20
20
20
20
20
20
20
20
20
20
20
20
20
20
20
20
20
20
20
20
20
20
20
20
20
20
20
20
20
20
20
20
20
20
20
20
20
20
20
20
20
20
20
20
20
20
20
20
20
20
20
46
46
46
46
46
46
46
46
46
46
46
46
46
46
46
46
46
46
46
46
46
46
46
46
46
46
46
46
46
46
46
46
46
46
46
46
46
46
46
46
46
46
46
46
46
46
46
46
46
46
46
46
46
46
46
46
46
46
46
46
46
46
46
46
46
46
46
46
46
46
46
46
46
46
46
46
46
46
46
46
46
46
46
46
46
46
46
46
46
46
46
46
46
46
46
46
46
46
46
46
46
46
46
46
46
46
46
46
46
46
46
46
46
46
46
46
46
46
46
46
46
46
46
46
46
46
46
46
46
46
46
46
46
46
46
46
46
46
46
46
46
46
46
46
46
46
46
46
46
46
46
46
46
46
46
46
46
46
46
46
46
46
46
46
46
46
46
46
46
46
46
46
46
46
46
46
46
46
46
46
46
46
46
46
46
46
46
46
46
46
46
46
46
46
46
46
46
46
46
46
46
46
46
46
46
46
46
46
46
46
46
46
46
46
46
46
46
46
46
46
46
46
46
46
46
46
46
46
46
46
46
46
46
46
46
46
46
46
46
46
46
46
46
46
46
46
46
46
46
46
46
46
46
46
46
46
46
46
46
46
46
46
46
46
46
46
46
46
46
46
46
46
46
46
46
46
46
46
46
46
46
46
46
46
46
46
46
46
20
20
20
20
20
20
20
20
20
20
20
20
20
20
20
20
20
20
20
20
20
20
20
20
20
20
20
20
20
20
20
20
20
20
20
20
20
20
20
20
20
20
20
20
20
20
20
20
20
20
20
20
20
20
20
20
20
20
20
20
20
20
20
20
46
46
46
46
46
46
46
46
46
46
46
46
46
46
46
46
46
46
46
46
46
46
46
46
46
46
46
46
46
46
46
46
46
46
46
46
46
46
46
46
46
46
46
46
46
46
46
46
46
46
46
46
46
46
46
46
46
46
46
46
46
46
46
46
46
46
46
46
46
46
46
46
46
46
46
46
46
46
46
46
46
46
46
46
46
46
46
46
46
46
46
46
46
46
46
46
46
46
46
46
46
46
46
46
46
46
46
46
46
46
46
46
46
46
46
46
46
46
46
46
46
46
46
46
46
46
46
46
46
46
46
46
46
46
46
46
46
46
46
46
46
46
46
46
46
46
46
46
46
46
46
46
46
46
46
46
46
46
46
46
46
46
46
46
46
46
46
46
46
46
46
46
46
46
46
46
46
46
46
46
46
46
46
46
46
46
46
46
46
46
46
46
46
46
46
46
46
46
46
46
46
46
46
46
46
46
46
46
46
46
46
46
46
46
46
46
46
46
46
46
46
46
46
46
46
46
46
46
46
46
46
46
46
46
46
46
46
46
46
46
46
46
46
46
46
46
46
46
46
46
46
46
46
46
46
46
46
46
46
46
46
46
46
46
46
46
46
46
46
46
46
46
46
46
46
46
46
46
46
46
46
46
46
46
46
46
46
46
20
20
20
20
20
20
20
20
20
20
20
20
20
20
20
20
20
20
20
20
20
20
20
20
20
20
20
20
20
20
20
20
20
20
20
20
20
20
20
20
20
20
20
20
20
20
20
20
20
20
20
20
20
20
20
20
20
20
20
20
20
20
20
20
46
46
46
46
46
46
46
46
46
46
46
46
46
46
46
46
46
46
46
46
46
46
46
46
46
46
46
46
46
46
46
46
46
46
46
46
46
46
46
46
46
46
46
46
46
46
46
46
46
46
46
46
46
46
46
46
46
46
46
46
46
46
46
46
46
46
46
46
46
46
46
46
46
46
46
46
46
46
46
46
46
46
46
46
46
46
46
46
46
46
46
46
46
46
46
46
46
46
46
46
46
46
46
46
46
46
46
46
46
46
46
46
46
46
46
46
46
46
46
46
46
46
46
46
46
46
46
46
46
46
46
46
46
46
46
46
46
46
46
46
46
46
46
46
46
46
46
46
46
46
46
46
46
46
46
46
46
46
46
46
46
46
46
46
46
46
46
46
46
46
46
46
46
46
46
46
46
46
46
46
46
46
46
46
46
46
46
46
46
46
46
46
46
46
46
46
46
46
46
46
46
46
46
46
46
46
46
46
46
46
46
46
46
46
46
46
46
46
46
46
46
46
46
46
27
27
27
27
27
27
27
27
27
27
27
27
27
27
27
27
27
27
27
27
27
27
27
27
27
27
27
27
27
27
27
27
27
27
27
27
27
27
27
27
27
27
27
27
27
27
27
27
27
27
27
27
27
27
27
27
27
27
27
27
27
27
27
27
20
20
20
20
20
20
20
20
20
20
20
20
20
20
20
20
20
20
20
20
20
20
20
20
20
20
20
20
20
20
20
20
20
20
20
20
20
20
20
20
20
20
20
20
20
20
20
20
20
20
20
20
20
20
20
20
20
20
20
20
20
20
20
20
20
20
20
20
20
20
20
20
20
20
20
20
20
20
20
20
20
20
20
20
20
20
20
20
20
20
20
20
20
20
20
20
20
20
20
20
20
20
20
20
20
20
20
20
20
20
20
20
20
20
20
20
20
20
20
20
20
20
20
20
20
20
20
20
20
20
20
20
20
20
20
20
20
20
20
20
20
20
20
20
20
20
20
20
20
20
20
20
20
20
20
20
20
20
20
20
20
20
20
20
20
20
20
20
20
20
20
20
20
20
20
20
20
20
20
20
20
20
20
20
20
20
20
20
20
20
20
20
20
20
20
20
20
20
20
20
20
20
20
20
20
20
20
20
20
20
20
20
20
20
20
20
20
20
20
20
20
20
20
20
46
46
46
46
46
46
46
46
46
46
46
46
46
46
46
46
46
46
46
46
46
46
46
46
46
46
46
46
46
46
46
46
46
46
46
46
46
46
46
46
46
46
46
46
46
46
46
46
46
46
46
46
46
46
46
46
46
46
46
46
46
46
46
46
46
46
46
46
46
46
46
46
46
46
46
46
46
46
46
46
46
46
46
46
46
46
46
46
46
46
46
46
46
46
46
46
46
46
46
46
46
46
46
46
46
46
46
46
46
46
46
46
46
46
46
46
46
46
46
46
46
46
46
46
46
46
46
46
20
20
20
20
20
20
20
20
20
20
20
20
20
20
20
20
20
20
20
20
20
20
20
20
20
20
20
20
20
20
20
20
46
46
46
46
46
46
46
46
46
46
46
46
46
46
46
46
46
46
46
46
46
46
46
46
46
46
46
46
46
46
46
46
46
46
46
46
46
46
46
46
46
46
46
46
46
46
46
46
46
46
46
46
46
46
46
46
46
46
46
46
46
46
46
46
46
46
46
46
46
46
46
46
46
46
46
46
46
46
46
46
46
46
46
46
46
46
46
46
46
46
46
46
46
46
46
46
46
46
46
46
46
46
46
46
46
46
46
46
46
46
46
46
46
46
46
46
46
46
46
46
46
46
46
46
46
46
46
46
46
46
46
46
46
46
46
46
46
46
46
46
46
46
46
46
46
46
46
46
46
46
46
46
46
46
46
46
46
46
46
46
46
46
46
46
46
46
46
46
46
46
46
46
46
46
46
46
46
46
46
46
46
46
46
46
46
46
46
46
46
46
46
46
46
46
46
46
46
46
46
46
46
46
46
46
46
46
46
46
46
46
46
46
46
46
46
46
46
46
46
46
46
46
46
46
46
46
46
46
46
46
46
46
46
46
46
46
46
46
46
46
46
46
46
46
46
46
46
46
46
46
46
46
46
46
46
46
27
27
27
27
27
27
27
27
27
27
27
27
27
27
27
27
27
27
27
27
27
27
27
27
27
27
27
27
27
27
27
27
27
27
27
27
27
27
27
27
27
27
27
27
27
27
27
27
27
27
27
27
27
27
27
27
27
27
27
27
27
27
27
27
27
27
27
27
27
27
27
27
27
27
27
27
27
27
27
27
27
27
27
27
27
27
27
27
27
27
27
27
27
27
27
27
27
27
27
27
27
27
27
27
27
27
27
27
27
27
27
27
27
27
27
27
27
27
27
27
27
27
27
27
27
27
27
27
27
27
27
27
27
27
27
27
27
27
27
27
27
27
27
27
27
27
27
27
27
27
27
27
27
27
27
27
27
27
27
27
27
27
27
27
27
27
27
27
27
27
27
27
27
27
27
27
27
27
27
27
27
27
27
27
27
27
27
27
27
27
27
27
27
27
27
27
27
27
27
27
27
27
27
27
27
27
27
27
27
27
27
27
27
27
27
27
27
27
27
27
27
27
27
27
46
46
46
46
46
46
46
46
46
46
46
46
46
46
46
46
46
46
46
46
46
46
46
46
46
46
46
46
46
46
46
46
46
46
46
46
46
46
46
46
46
46
46
46
46
46
46
46
46
46
46
46
46
46
46
46
46
46
46
46
46
46
46
46
46
46
46
46
46
46
46
46
46
46
46
46
46
46
46
46
46
46
46
46
46
46
46
46
46
46
46
46
46
46
46
46
46
46
46
46
46
46
46
46
46
46
46
46
46
46
46
46
46
46
46
46
46
46
46
46
46
46
46
46
46
46
46
46
46
46
46
46
46
46
46
46
46
46
46
46
46
46
46
46
46
46
46
46
46
46
46
46
46
46
46
46
46
46
46
46
20
20
20
20
20
20
20
20
20
20
20
20
20
20
20
20
20
20
20
20
20
20
20
20
20
20
20
20
20
20
20
20
46
46
46
46
46
46
46
46
46
46
46
46
46
46
46
46
46
46
46
46
46
46
46
46
46
46
46
46
46
46
46
46
46
46
46
46
46
46
46
46
46
46
46
46
46
46
46
46
46
46
46
46
46
46
46
46
46
46
46
46
46
46
46
46
46
46
46
46
46
46
46
46
46
46
46
46
46
46
46
46
46
46
46
46
46
46
46
46
46
46
46
46
46
46
46
46
46
46
46
46
46
46
46
46
46
46
46
46
46
46
46
46
46
46
46
46
46
46
46
46
46
46
46
46
46
46
46
46
46
46
46
46
46
46
46
46
46
46
46
46
46
46
46
46
46
46
46
46
46
46
46
46
46
46
46
46
46
46
46
46
46
46
46
46
46
46
46
46
46
46
46
46
46
46
46
46
46
46
46
46
46
46
46
46
46
46
46
46
46
46
46
46
46
46
46
46
46
46
46
46
46
46
46
46
46
46
46
46
46
46
46
46
46
46
46
46
46
46
46
46
46
46
46
46
46
46
46
46
46
46
46
46
46
46
46
46
46
46
46
46
46
46
46
46
46
46
46
46
46
46
46
46
46
46
46
46
46
46
46
46
46
46
46
46
46
46
46
46
46
46
46
46
46
46
46
46
46
46
46
46
46
46
46
46
46
46
46
46
46
46
46
46
46
46
46
46
46
46
46
46
46
46
46
46
46
46
46
46
46
46
46
46
46
46
46
46
46
46
46
46
46
46
46
46
46
46
46
46
46
46
46
46
46
46
46
46
46
46
46
46
46
46
46
46
46
46
46
46
46
46
46
46
46
46
46
46
46
46
46
46
46
46
46
46
46
46
46
46
46
46
46
46
46
46
46
46
46
46
46
46
46
46
46
46
46
46
46
46
46
46
46
46
46
46
46
46
46
46
46
46
46
46
46
46
46
46
46
46
46
46
46
46
46
46
46
46
46
46
46
46
46
46
46
46
46
46
46
46
46
46
46
46
46
46
46
46
46
46
46
46
46
46
46
46
46
46
46
46
46
46
46
46
46
46
46
46
46
46
46
46
46
46
46
46
46
46
46
46
46
46
46
46
46
46
46
46
46
46
46
46
46
46
46
46
46
46
46
46
46
46
46
46
46
46
46
46
46
46
46
46
46
46
46
46
46
46
46
46
46
46
46
46
46
46
46
46
46
46
46
46
46
46
46
46
46
46
46
46
46
46
46
46
46
46
46
46
46
46
46
46
46
46
46
46
46
46
46
46
46
46
46
46
46
46
46
46
46
46
46
46
46
46
46
46
46
46
46
46
46
46
46
46
46
46
46
46
46
46
46
46
46
46
46
46
46
46
46
46
46
46
46
46
46
46
46
46
46
46
46
46
46
46
46
46
46
46
46
46
46
46
46
46
46
46
46
46
46
46
46
46
46
46
46
46
46
46
46
46
46
46
46
46
46
46
46
46
46
46
46
46
20
20
20
20
20
20
20
20
20
20
20
20
20
20
20
20
20
20
20
20
20
20
20
20
20
20
20
20
20
20
20
20
20
20
20
20
20
20
20
20
20
20
20
20
20
20
20
20
20
20
20
20
20
20
20
20
20
20
20
20
20
20
20
20
46
46
46
46
46
46
46
46
46
46
46
46
46
46
46
46
46
46
46
46
46
46
46
46
46
46
46
46
46
46
46
46
46
46
46
46
46
46
46
46
46
46
46
46
46
46
46
46
46
46
46
46
46
46
46
46
46
46
46
46
46
46
46
46
46
46
46
46
46
46
46
46
46
46
46
46
46
46
46
46
46
46
46
46
46
46
46
46
46
46
46
46
46
46
46
46
46
46
46
46
46
46
46
46
46
46
46
46
46
46
46
46
46
46
46
46
46
46
46
46
46
46
46
46
46
46
46
46
46
46
46
46
46
46
46
46
46
46
46
46
46
46
46
46
46
46
46
46
46
46
46
46
46
46
46
46
46
46
46
46
46
46
46
46
46
46
46
46
46
46
46
46
46
46
46
46
46
46
46
46
46
46
46
46
46
46
46
46
46
46
46
46
46
46
46
46
46
46
46
46
46
46
46
46
46
46
46
46
46
46
46
46
46
46
46
46
46
46
46
46
46
46
46
46
46
46
46
46
46
46
46
46
46
46
46
46
46
46
46
46
46
46
46
46
46
46
46
46
46
46
46
46
46
46
46
46
46
46
46
46
46
46
46
46
46
46
46
46
46
46
46
46
46
46
46
46
46
46
46
46
46
46
46
46
46
46
46
46
46
46
46
46
46
46
46
46
46
46
46
46
46
46
46
46
46
46
46
46
46
46
46
46
46
46
46
46
46
46
46
46
46
46
46
46
46
46
46
46
46
46
46
46
46
46
46
46
46
46
46
46
46
46
46
46
46
46
46
46
46
46
46
46
46
46
46
46
46
46
46
46
46
46
46
46
46
46
46
46
46
46
46
46
46
46
46
46
46
46
46
46
46
46
46
46
46
46
46
46
46
46
46
46
46
46
46
46
46
46
46
46
46
46
46
46
46
46
46
46
46
46
46
46
46
46
46
46
46
46
46
46
46
46
46
46
46
46
46
46
46
46
46
46
46
46
46
46
46
46
46
46
46
46
46
46
46
46
46
46
46
46
46
46
46
46
46
46
46
46
46
46
46
46
46
46
46
46
46
46
46
46
46
46
46
46
46
46
46
46
46
46
46
46
46
46
46
46
46
46
46
46
46
46
46
46
46
46
46
46
46
46
46
46
46
46
46
46
46
46
46
46
46
46
46
46
46
46
46
46
46
46
46
46
46
46
46
46
46
46
46
46
46
46
46
46
46
46
46
46
46
46
46
46
46
46
46
46
46
46
46
46
46
46
46
46
46
46
46
46
46
46
46
46
46
46
46
46
46
46
46
46
46
46
46
46
46
46
46
46
46
46
46
46
46
46
46
46
46
46
46
46
46
46
46
46
46
46
46
46
46
46
46
46
46
46
46
46
46
46
46
46
46
46
46
46
46
46
46
46
46
46
46
46
46
46
46
46
46
46
46
46
46
46
46
46
46
46
46
46
46
46
20
20
20
20
20
20
20
20
20
20
20
20
20
20
20
20
20
20
20
20
20
20
20
20
20
20
20
20
20
20
20
20
20
20
20
20
20
20
20
20
20
20
20
20
20
20
20
20
20
20
20
20
20
20
20
20
20
20
20
20
20
20
20
20
20
20
20
20
20
20
20
20
20
20
20
20
20
20
20
20
20
20
20
20
20
20
20
20
20
20
20
20
20
20
20
20
46
46
46
46
46
46
46
46
46
46
46
46
46
46
46
46
46
46
46
46
46
46
46
46
46
46
46
46
46
46
46
46
46
46
46
46
46
46
46
46
46
46
46
46
46
46
46
46
46
46
46
46
46
46
46
46
46
46
46
46
46
46
46
46
46
46
46
46
46
46
46
46
46
46
46
46
46
46
46
46
46
46
46
46
46
46
46
46
46
46
46
46
46
46
46
46
46
46
46
46
46
46
46
46
46
46
46
46
46
46
46
46
46
46
46
46
46
46
46
46
46
46
46
46
46
46
46
46
46
46
46
46
46
46
46
46
46
46
46
46
46
46
46
46
46
46
46
46
46
46
46
46
46
46
46
46
46
46
46
46
46
46
46
46
46
46
46
46
46
46
46
46
46
46
46
46
46
46
46
46
46
46
46
46
46
46
46
46
46
46
46
46
46
46
46
46
46
46
46
46
46
46
46
46
46
46
46
46
46
46
46
46
46
46
46
46
46
46
46
46
46
46
46
46
46
46
46
46
46
46
46
46
46
46
46
46
46
46
46
46
46
46
46
46
46
46
46
46
46
46
46
46
46
46
46
46
46
46
46
46
46
46
46
46
46
46
46
46
46
46
46
46
46
46
46
46
46
46
46
46
46
46
46
46
46
46
46
46
0
0
0
0
0
0
0
0
0
0
0
0
0
0
0
0
0
0
0
0
0
0
0
0
0
0
0
0
0
0
0
0
0
0
0
0
0
0
0
0
0
0
0
0
0
0
0
0
0
0
0
0
0
0
0
0
0
0
0
0
0
0
0
0
1
0
0
0
0
0
1
0
0
0
0
0
1
0
0
0
0
0
1
0
0
0
0
0
1
0
0
0
1
0
0
0
2
2
29
24
27
24
2
24
29
24
27
24
2
24
29
24
27
24
2
24
29
24
27
24
2
24
29
24
2
24
29
24
0
0
0
0
-127
0
0
0
0
0
-127
0
0
0
0
0
-127
0
0
0
0
0
-127
0
0
0
0
0
0
0
0
0
0
0
0
0
0
0
0
0
0
0
0
0
0
0
0
0
0
0
0
0
0
0
0
0
0
0
0
0
0
0
0
0
0
0
0
0
0
0
0
0
0
0
0
0
0
0
0
0
0
0
0
0
0
0
0
0
0
0
0
0
0
0
0
0
0
0
0
0
0
0
0
0
0
0
0
0
0
0
0
0
0
0
0
0
0
0
0
0
0
0
0
0
0
0
0
0
2
0
2
0
2
0
2
0
2
0
2
0
2
0
2
0
2
0
2
0
2
0
2
0
2
0
2
0
2
0
2
0
0
0
0
0
0
0
0
0
0
0
0
0
0
0
0
0
0
0
0
0
0
0
0
0
0
0
0
0
0
0
0
0
0
0
0
0
0
0
0
0
0
0
0
0
0
0
0
0
0
0
0
0
0
0
0
0
0
0
0
0
0
0
0
0
0
0
0
0
0
0
0
0
0
0
0
0
0
0
0
0
0
0
0
0
0
0
0
0
0
0
0
0
0
0
0
0
0
0
0
0
0
0
0
0
0
0
0
0
0
0
0
0
0
0
0
0
0
0
0
0
0
0
0
0
0
0
0
0
0
0
0
0
0
0
0
0
0
0
0
0
0
0
0
0
0
0
0
0
0
0
0
0
0
0
0
0
0
0
0
0
0
0
0
0
0
0
0
0
0
0
0
0
0
0
0
0
0
0
0
0
0
0
0
0
0
0
0
0
0
0
0
0
0
0
0
0
0
0
0
0
0
0
0
0
0
0
0
0
0
0
0
0
0
0
0
0
0
0
0
0
0
0
0
0
0
0
0
0
0
0
0
0
0
0
0
0
0
0
0
0
0
0
0
0
0
0
0
0
0
0
0
0
0
0
0
0
0
0
0
0
0
0
0
0
0
0
0
0
0
0
0
0
0
0
0
0
0
0
0
0
0
0
0
0
0
0
0
0
0
0
0
0
0
0
0
0
0
0
0
0
0
0
0
0
0
0
0
0
0
0
0
0
0
0
0
0
0
0
0
0
0
0
0
0
0
0
0
0
0
0
0
0
0
0
0
0
0
0
0
0
0
0
0
0
0
0
0
0
0
0
0
0
0
0
0
0
0
0
0
0
0
0
0
0
0
0
0
0
0
0
0
0
0
0
0
0
0
0
0
0
0
0
0
0
0
0
0
0
0
0
0
0
0
0
0
0
0
0
0
0
0
0
0
0
0
0
0
0
0
0
0
0
0
0
0
0
0
0
0
0
0
0
0
0
0
0
0
0
0
0
0
0
0
0
0
0
0
0
0
0
0
0
0
0
0
0
0
0
0
0
0
0
0
0
0
0
0
0
0
0
0
0
0
0
0
0
0
0
0
0
0
0
0
0
0
0
0
0
0
0
0
0
0
0
0
0
0
0
0
0
0
0
0
0
0
0
0
0
0
0
0
0
0
0
0
0
0
0
0
0
0
0
0
0
0
0
0
0
0
0
0
0
0
0
0
0
0
0
0
0
0
0
0
0
0
0
0
0
0
0
0
0
0
0
6
6
6
6
6
6
6
6
6
6
6
6
6
6
6
6
6
6
6
6
6
6
6
6
6
6
6
6
6
6
6
6
0
0
0
0
0
0
0
0
0
0
0
0
0
0
0
0
0
0
0
0
0
0
0
0
0
0
0
0
0
0
0
0
6
6
6
6
6
6
6
6
6
6
6
6
6
6
6
6
6
6
6
6
6
6
6
6
6
6
6
6
6
6
6
6
0
0
0
0
0
0
0
0
0
0
0
0
0
0
0
0
0
0
0
0
0
0
0
0
0
0
0
0
0
0
0
0
6
6
6
6
6
6
6
6
6
6
6
6
6
6
6
6
6
6
6
6
6
6
6
6
6
6
6
6
6
6
6
6
0
0
0
0
0
0
0
0
0
0
0
0
0
0
0
0
0
0
0
0
0
0
0
0
0
0
0
0
0
0
0
0
6
6
6
6
6
6
6
6
6
6
6
6
6
6
6
6
6
6
6
6
6
6
6
6
6
6
6
6
6
6
6
6
0
0
0
0
0
0
0
0
0
0
0
0
0
0
0
0
0
0
0
0
0
0
0
0
0
0
0
0
0
0
0
0
6
6
6
6
6
6
6
6
6
6
6
6
6
6
6
6
6
6
6
6
6
6
6
6
6
6
6
6
6
6
6
6
0
0
0
0
0
0
0
0
0
0
0
0
0
0
0
0
0
0
0
0
0
0
0
0
0
0
0
0
0
0
0
0
6
6
6
6
6
6
6
6
6
6
6
6
6
6
6
6
6
6
6
6
6
6
6
6
6
6
6
6
6
6
6
6
0
0
0
0
0
0
0
0
0
0
0
0
0
0
0
0
0
0
0
0
0
0
0
0
0
0
0
0
0
0
0
0
0
0
0
0
0
0
0
0
0
0
0
0
0
0
0
0
0
0
0
0
0
0
0
0
0
0
0
0
0
0
0
0
0
0
0
0
0
0
0
0
0
0
0
0
0
0
0
0
0
0
0
0
0
0
0
0
0
0
0
0
0
0
0
0
6
6
6
6
6
6
6
6
6
6
6
6
6
6
6
6
6
6
6
6
6
6
6
6
6
6
6
6
6
6
6
6
0
0
0
0
0
0
0
0
0
0
0
0
0
0
0
0
0
0
0
0
0
0
0
0
0
0
0
0
0
0
0
0
6
6
6
6
6
6
6
6
6
6
6
6
6
6
6
6
6
6
6
6
6
6
6
6
6
6
6
6
6
6
6
6
0
0
0
0
0
0
0
0
0
0
0
0
0
0
0
0
0
0
0
0
0
0
0
0
0
0
0
0
0
0
0
0
6
6
6
6
6
6
6
6
6
6
6
6
6
6
6
6
6
6
6
6
6
6
6
6
6
6
6
6
6
6
6
6
0
0
0
0
0
0
0
0
0
0
0
0
0
0
0
0
0
0
0
0
0
0
0
0
0
0
0
0
0
0
0
0
6
6
6
6
6
6
6
6
6
6
6
6
6
6
6
6
6
6
6
6
6
6
6
6
6
6
6
6
6
6
6
6
0
0
0
0
0
0
0
0
0
0
0
0
0
0
0
0
0
0
0
0
0
0
0
0
0
0
0
0
0
0
0
0
6
6
6
6
6
6
6
6
6
6
6
6
6
6
6
6
6
6
6
6
6
6
6
6
6
6
6
6
6
6
6
6
0
0
0
0
0
0
0
0
0
0
0
0
0
0
0
0
0
0
0
0
0
0
0
0
0
0
0
0
0
0
0
0
6
6
6
6
6
6
6
6
6
6
6
6
6
6
6
6
6
6
6
6
6
6
6
6
6
6
6
6
6
6
6
6
0
0
0
0
0
0
0
0
0
0
0
0
0
0
0
0
0
0
0
0
0
0
0
0
0
0
0
0
0
0
0
0
0
0
0
0
0
0
0
0
0
0
0
0
0
0
0
0
0
0
0
0
0
0
0
0
0
0
0
0
0
0
0
0
0
0
0
0
0
0
0
0
0
0
0
0
0
0
0
0
0
0
0
0
0
0
0
0
0
0
0
0
0
0
0
0
