%pattern_data
4
4
4
0
1
32
-37
0
52
72
0
1
0
0
0
0
6
99
0
0
0
0
0
0
0
0
0
114
-1
-1
0
0
0
50
0
0
33
122
0
0
0
0
1
1
0
0
0
0
0
0
0
0
0
10
4
200
42
9
104
23
1
0
0
0
1
0
1
0
1
0
1
0
106
0
1
0
1
0
0
0
1
0
1
0
1
0
1
0
106
0
1
0
1
0
0
0
1
0
1
0
1
0
1
0
106
0
1
0
1
0
0
0
1
0
1
0
1
0
1
0
106
0
1
0
-37
-37
-37
-37
-37
-37
-37
-37
-37
-37
-37
-37
48
-37
-37
-37
-37
-37
-37
-37
-37
-37
-37
-37
-37
-37
-37
-37
47
-37
-37
-37
324422
576916
865374
1153855
1449933
1730771
2025116
2307687
6066553
2884626
3176019
3461542
3738547
4038458
4325578
4615374
4925283
5192313
5480771
5769229
6066553
6346145
6655374
6923084
7228322
7500000
7818322
8076916
8306654
8653855
8977891
9230771
4925283
5192313
5480771
5769229
6066553
6346145
6655374
6923084
7228322
7500000
7818322
8076916
8393214
8653855
8977891
9230771
324422
576916
865374
1153855
1449933
1730771
2025116
2307687
6066553
2884626
3176019
3461542
3754067
4038458
4325578
4615374
294603
576916
865374
1153855
1450816
1730771
2010181
2307687
2601542
2884626
3207778
3461542
3751760
4038458
4328141
4615374
4893175
5192313
5480771
5769229
6067528
6346145
6664989
6923084
7214467
7500000
7820726
8076916
8357408
8653855
8958889
9230771
4893175
5192313
5480771
5769229
6067528
6346145
6664989
6923084
7214467
7500000
7820726
8076916
8390488
8653855
8958889
9230771
294603
576916
865374
1153855
1450816
1730771
2010181
2307687
2601542
2884626
3207778
3461542
3756640
4038458
4328141
4615374
303061
576916
865374
1153855
1435918
1730771
2023311
2307687
2601111
2884626
3175079
3461542
3723508
4038458
4332812
4615374
4916054
5192313
5480771
5769229
6067324
6346145
6639887
6923084
7209048
7500000
7787234
8076916
8341634
8653855
8931519
9230771
4916054
5192313
5480771
5769229
6067324
6346145
6639887
6923084
7209048
7500000
7787234
8076916
8374074
8653855
8931519
9230771
303061
576916
865374
1153855
1435918
1730771
2023311
2307687
2601111
2884626
3175079
3461542
3749668
4038458
4332812
4615374
302721
576916
865374
1153855
1464059
1730771
2041655
2307687
2618095
2884626
3181723
3461542
3740216
4038458
4323605
4615374
4915374
5192313
5480771
5769229
6081587
6346145
6656417
6923084
7237143
7500000
7795578
8076916
8357384
8653855
8925714
9230771
4915374
5192313
5480771
5769229
6081587
6346145
6656417
6923084
7237143
7500000
7795578
8076916
8392344
8653855
8925714
9230771
302721
576916
865374
1153855
1464059
1730771
2041655
2307687
2618095
2884626
3181723
3461542
3762616
4038458
4323605
4615374
291746
576916
865374
1153855
1470249
1730771
2028481
2307687
2616327
2884626
3210907
3461542
8398808
4038458
4336576
4615374
4908821
5192313
5480771
5769229
6081111
6346145
6656735
6923084
7233492
7500000
7814399
8076916
8387102
8653855
8957596
9230771
4908821
5192313
5480771
5769229
6081111
6346145
6656735
6923084
7233492
7500000
7814399
8076916
8413862
8653855
8957596
9230771
291746
576916
865374
1153855
1470249
1730771
2028481
2307687
2616327
2884626
3210907
3461542
8421808
4038458
4336576
4615374
302222
576916
865374
1153855
1478118
1730771
2069819
2307687
2631791
2884626
3204649
3461542
3734920
4038458
4349637
4615374
4937234
5192313
5480771
5769229
6061633
6346145
6635578
6923084
7218367
7500000
7783628
8076916
8319458
8653855
8949433
9230771
4937234
5192313
5480771
5769229
6061633
6346145
6635578
6923084
7218367
7500000
7783628
8076916
8359458
8653855
8949433
9230771
302222
576916
865374
1153855
1478118
1730771
2069819
2307687
2631791
2884626
3204649
3461542
3750000
4038458
4349637
4615374
322041
576916
865374
1153855
1460544
1730771
2037952
2307687
2611066
2884626
3171950
3461542
3738880
4038458
4369002
4615374
4938639
5192313
5480771
5769229
6070522
6346145
7796259
6923084
7255215
7500000
7796259
8076916
8357590
8653855
8943175
9230771
4938639
5192313
5480771
5769229
6070522
6346145
7796259
6923084
7255215
7500000
7796259
8076916
8395070
8653855
8943175
9230771
322041
576916
865374
1153855
1460544
1730771
2037952
2307687
2611066
2884626
3171950
3461542
3750000
4038458
4369002
4615374
0
0
0
0
0
0
0
0
0
0
0
0
0
0
0
0
0
0
0
0
0
0
0
0
0
0
0
0
0
0
0
0
0
0
0
0
0
0
0
0
0
0
0
0
0
0
0
0
0
0
0
0
0
0
0
0
0
0
0
0
0
0
0
0
0
0
0
0
0
0
0
0
0
0
0
0
0
0
0
0
0
0
0
0
0
0
0
0
0
0
0
0
0
0
0
0
0
0
0
0
0
0
0
0
0
0
0
0
0
0
0
0
0
0
0
0
0
0
0
0
0
0
0
0
0
0
0
0
0
0
0
0
0
0
0
0
0
0
0
0
0
0
0
0
0
0
0
0
0
0
0
0
0
0
0
0
0
0
0
0
0
0
0
0
0
0
0
0
0
0
0
0
0
0
0
0
0
0
0
0
0
0
0
0
0
0
0
0
0
0
0
0
0
0
0
0
0
0
0
0
0
0
0
0
0
0
0
0
0
0
0
0
0
0
0
0
0
0
0
0
0
0
0
0
0
0
0
0
0
0
0
0
0
0
0
0
0
0
0
0
0
0
0
0
0
0
0
0
0
0
0
0
0
0
0
0
0
0
0
0
0
0
0
0
0
0
0
0
0
0
0
0
0
0
0
0
0
0
0
0
0
0
0
0
0
0
0
0
0
0
0
0
0
0
0
0
0
0
0
0
0
0
0
0
0
0
0
0
0
0
0
0
0
0
0
0
0
0
0
0
0
0
0
0
0
0
0
0
0
0
0
0
0
0
0
0
0
0
0
0
0
0
0
0
0
0
0
0
0
0
0
0
0
0
0
0
0
0
0
0
0
0
0
0
0
0
0
0
0
0
0
0
0
0
0
0
0
0
0
0
0
0
0
0
0
0
0
0
0
0
0
0
0
0
0
0
0
0
0
0
0
0
0
0
0
0
0
0
0
0
0
0
0
0
0
0
0
0
0
0
0
0
0
0
0
0
0
0
0
0
0
0
0
0
0
0
0
0
0
0
0
0
0
0
0
0
0
0
0
0
0
0
0
0
0
0
0
0
0
0
0
0
0
0
0
0
0
0
0
0
0
0
0
0
0
0
0
0
0
0
0
0
0
0
0
0
0
0
0
0
0
0
0
0
0
0
0
0
0
0
0
0
0
0
0
0
0
0
0
0
0
0
0
0
0
0
0
0
0
0
0
0
0
0
0
0
0
0
0
0
0
0
0
0
0
0
0
0
0
0
0
0
0
0
0
0
0
0
0
0
0
0
0
0
0
0
0
0
0
0
0
0
0
0
0
0
0
0
0
0
0
0
0
0
0
0
0
0
0
0
0
0
0
0
0
0
0
0
0
0
0
0
0
0
0
0
0
0
0
0
0
0
0
0
0
0
0
0
0
0
0
0
0
0
0
0
0
0
0
0
0
0
0
0
0
0
0
0
0
0
0
0
0
0
0
0
0
0
0
0
0
0
0
0
0
0
0
0
0
0
0
0
0
0
0
0
0
0
0
0
0
0
0
0
0
0
0
0
0
0
0
0
0
0
0
0
0
0
0
0
0
0
0
0
0
0
0
0
0
0
0
0
0
0
0
0
0
0
0
0
0
0
0
0
0
0
0
0
0
0
0
0
0
0
0
0
0
0
0
0
0
0
0
0
0
0
0
0
0
0
0
0
0
0
0
0
0
0
0
0
0
0
0
0
0
0
0
0
0
0
0
0
0
0
0
0
0
0
0
0
0
0
0
0
0
0
0
0
0
0
0
0
0
0
0
0
0
0
0
0
0
0
0
0
0
0
0
0
0
0
0
0
0
0
0
0
0
0
0
0
0
0
0
0
0
0
0
0
0
0
0
0
0
0
0
0
0
0
0
0
0
0
0
0
0
0
0
0
0
0
0
0
204739
416667
625011
833333
1053968
1250000
1486417
1666667
1872358
2083333
2295669
2500000
6028712
2916667
3134082
3333333
3539909
3750000
3958345
4166667
4369252
4583333
4817143
5000000
5209977
5416667
5619773
5833333
6002248
6250000
6475624
6666667
3539909
3750000
3958345
4166667
4369252
4583333
4817143
5000000
5209977
5416667
5619773
5833333
6038488
6250000
6475624
6666667
204739
416667
625011
833333
1053968
1250000
1486417
1666667
1872358
2083333
2295669
2500000
6051712
2916667
3134082
3333333
183061
416667
625011
833333
1039433
1250000
1479433
1666667
1875057
2083333
2326848
2500000
2740307
2916667
3153787
3333333
3534195
3750000
3958345
4166667
4375034
4583333
4823673
5000000
5211247
5416667
5628163
5833333
6039598
6250000
6494603
6666667
3534195
3750000
3958345
4166667
4375034
4583333
4823673
5000000
5211247
5416667
5628163
5833333
6069518
6250000
6494603
6666667
183061
416667
625011
833333
1039433
1250000
1479433
1666667
1875057
2083333
2326848
2500000
2755987
2916667
3153787
3333333
232540
416667
625011
833333
1066122
1250000
1465420
1666667
1883197
2083333
2308073
2500000
2718300
2916667
3131723
3333333
3542290
3750000
3958345
4166667
4382630
4583333
4809093
5000000
5222676
5416667
5652086
5833333
6065428
6250000
6459070
6666667
3542290
3750000
3958345
4166667
4382630
4583333
4809093
5000000
5222676
5416667
5652086
5833333
6087788
6250000
6459070
6666667
232540
416667
625011
833333
1066122
1250000
1465420
1666667
1883197
2083333
2308073
2500000
2733660
2916667
3131723
3333333
211655
416667
625011
833333
1057324
1250000
1482381
1666667
1901451
2083333
2312449
2500000
2693979
2916667
3118163
3333333
3536757
3750000
3958345
4166667
4419615
4583333
4836372
5000000
5206327
5416667
5657891
5833333
6037906
6250000
6462857
6666667
3536757
3750000
3958345
4166667
4419615
4583333
4836372
5000000
5206327
5416667
5657891
5833333
6064066
6250000
6462857
6666667
211655
416667
625011
833333
1057324
1250000
1482381
1666667
1901451
2083333
2312449
2500000
2711499
2916667
3118163
3333333
213515
416667
625011
833333
1040930
1250000
1478254
1666667
1887846
2083333
2324059
2500000
2708416
2916667
3141723
3333333
3583152
3750000
3958345
4166667
4418141
4583333
4851701
5000000
5243197
5416667
5668481
5833333
6048398
6250000
6479410
6666667
3583152
3750000
3958345
4166667
4418141
4583333
4851701
5000000
5243197
5416667
5668481
5833333
6069518
6250000
6479410
6666667
213515
416667
625011
833333
1040930
1250000
1478254
1666667
1887846
2083333
2324059
2500000
2721816
2916667
3141723
3333333
227642
416667
625011
833333
1064603
1250000
1495828
1666667
1905193
2083333
2326871
2500000
2713030
2916667
3152857
3333333
3575374
3750000
3958345
4166667
4397052
4583333
4833991
5000000
5242018
5416667
5647687
5833333
6077958
6250000
6474308
6666667
3575374
3750000
3958345
4166667
4397052
4583333
4833991
5000000
5242018
5416667
5647687
5833333
6099678
6250000
6474308
6666667
227642
416667
625011
833333
1064603
1250000
1495828
1666667
1905193
2083333
2326871
2500000
2727830
2916667
3152857
3333333
225283
416667
625011
833333
1054331
1250000
1465442
1666667
1888345
2083333
2309252
2500000
2702320
2916667
3126689
3333333
3545125
3750000
3958345
4166667
4399887
4583333
4807528
5000000
5218821
5416667
5634649
5833333
6068718
6250000
6469773
6666667
3545125
3750000
3958345
4166667
4399887
4583333
4807528
5000000
5218821
5416667
5634649
5833333
6086678
6250000
6469773
6666667
225283
416667
625011
833333
1054331
1250000
1465442
1666667
1888345
2083333
2309252
2500000
2722160
2916667
3126689
3333333
0
0
0
0
0
0
0
0
0
0
0
0
0
0
0
0
0
0
0
0
0
0
0
0
0
0
0
0
0
0
0
0
0
0
0
0
0
0
0
0
0
0
0
0
0
0
0
0
0
0
0
0
0
0
0
0
0
0
0
0
0
0
0
0
0
0
0
0
0
0
0
0
0
0
0
0
0
0
0
0
0
0
0
0
0
0
0
0
0
0
0
0
0
0
0
0
0
0
0
0
0
0
0
0
0
0
0
0
0
0
0
0
0
0
0
0
0
0
0
0
0
0
0
0
0
0
0
0
0
0
0
0
0
0
0
0
0
0
0
0
0
0
0
0
0
0
0
0
0
0
0
0
0
0
0
0
0
0
0
0
0
0
0
0
0
0
0
0
0
0
0
0
0
0
0
0
0
0
0
0
0
0
0
0
0
0
0
0
0
0
0
0
0
0
0
0
0
0
0
0
0
0
0
0
0
0
0
0
0
0
0
0
0
0
0
0
0
0
0
0
0
0
0
0
0
0
0
0
0
0
0
0
0
0
0
0
0
0
0
0
0
0
0
0
0
0
0
0
0
0
0
0
0
0
0
0
0
0
0
0
0
0
0
0
0
0
0
0
0
0
0
0
0
0
0
0
0
0
0
0
0
0
0
0
0
0
0
0
0
0
0
0
0
0
0
0
0
0
0
0
0
0
0
0
0
0
0
0
0
0
0
0
0
0
0
0
0
0
0
0
0
0
0
0
0
0
0
0
0
0
0
0
0
0
0
0
0
0
0
0
0
0
0
0
0
0
0
0
0
0
0
0
0
0
0
0
0
0
0
0
0
0
0
0
0
0
0
0
0
0
0
0
0
0
0
0
0
0
0
0
0
0
0
0
0
0
0
0
0
0
0
0
0
0
0
0
0
0
0
0
0
0
0
0
0
0
0
0
0
0
0
0
0
0
0
0
0
0
0
0
0
0
0
0
0
0
0
0
0
0
0
0
0
0
0
0
0
0
0
0
0
0
0
0
0
0
0
0
0
0
0
0
0
0
0
0
0
0
0
0
0
0
0
0
0
0
0
0
0
0
0
0
0
0
0
0
0
0
0
0
0
0
0
0
0
0
0
0
0
0
0
0
0
0
0
0
0
0
0
0
0
0
0
0
0
0
0
0
0
0
0
0
0
0
0
0
0
0
0
0
0
0
0
0
0
0
0
0
0
0
0
0
0
0
0
0
0
0
0
0
0
0
0
0
0
0
0
0
0
0
0
0
0
0
0
0
0
0
0
0
0
0
0
0
0
0
0
0
0
0
0
0
0
0
0
0
0
0
0
0
0
0
0
0
0
0
0
0
0
0
0
0
0
0
0
0
0
0
0
0
0
0
0
0
0
0
0
0
0
0
0
0
0
0
0
0
0
0
0
0
0
0
0
0
0
0
0
0
0
0
0
0
0
0
0
0
0
0
0
0
0
0
0
0
0
0
0
0
0
0
0
0
0
0
0
0
0
0
0
0
0
0
0
0
0
0
0
0
0
0
0
0
0
0
0
0
0
0
0
0
0
0
0
0
0
0
0
0
0
0
0
0
0
0
0
0
0
0
0
0
0
0
0
0
0
0
0
0
0
0
0
0
0
0
0
0
0
0
0
0
0
0
0
0
0
0
0
0
0
0
0
0
0
0
0
0
0
0
0
0
0
0
0
0
0
0
0
0
0
0
0
0
0
0
0
0
0
0
0
0
0
0
0
0
0
0
0
0
0
0
0
0
0
0
0
0
0
0
0
0
0
0
0
0
0
0
0
0
0
0
0
0
0
0
0
0
0
0
0
0
0
0
0
0
0
0
0
0
0
0
0
0
0
0
0
0
0
0
0
0
0
0
0
0
0
0
0
0
0
0
0
0
1893
1047
637
457
1827
995
1398
978
2060
826
2073
981
380
49
2042
1158
1979
1082
748
601
2060
1141
1543
863
1525
734
2033
1193
198
16
1827
1225
1979
7122
0
0
2060
0
1543
0
1525
0
2033
0
0
0
1827
0
1893
0
0
0
1827
0
1398
0
2060
0
2073
0
0
0
2042
0
2162
1067
646
381
1542
669
1159
759
1241
567
861
518
237
3
1381
855
1167
573
443
364
2118
1074
1191
755
1428
787
1618
909
272
6
1705
1133
1167
6439
0
0
2118
0
1191
0
1428
0
1618
0
0
0
1705
0
2162
0
0
0
1542
0
1159
0
1241
0
861
0
0
0
1381
0
2964
1101
674
452
3163
1218
2222
1030
3263
1334
2095
996
236
1
2774
1212
4273
1525
710
589
2508
1030
1853
869
2957
1016
2546
1203
268
1
2138
1092
4273
2560
0
0
2508
0
1853
0
2957
0
2546
0
0
0
2138
0
2964
0
0
0
3163
0
2222
0
3263
0
2095
0
0
0
2774
0
1846
744
436
388
1744
909
1616
789
842
473
1463
562
249
1
1883
770
2118
722
394
264
1600
899
1580
753
913
500
1830
766
272
1
1538
605
2118
1008
0
0
1600
0
1580
0
913
0
1830
0
0
0
1538
0
1846
0
0
0
1744
0
1616
0
842
0
1463
0
0
0
1883
0
1154
510
293
196
1119
639
1679
703
1695
1056
1505
811
479
1
2861
987
1427
559
350
322
1823
897
1939
841
2108
897
1894
821
380
1
2024
896
1427
2378
0
0
1823
0
1939
0
2108
0
1894
0
0
0
2024
0
1154
0
0
0
1119
0
1679
0
1695
0
1505
0
0
0
2861
0
2636
1276
728
428
1664
1042
1798
967
2205
1255
1396
737
233
1
2564
1390
2300
1153
678
483
2122
957
1442
871
1183
625
1545
805
126
1
2607
1215
2300
5972
0
0
2122
0
1442
0
1183
0
1545
0
0
0
2607
0
2636
0
0
0
1664
0
1798
0
2205
0
1396
0
0
0
2564
0
4189
1796
898
546
3706
1339
3986
1694
3424
1634
2671
1256
360
1
4966
2427
3767
1782
885
526
3331
1291
3085
1626
2676
1302
3085
1358
423
1
3394
1511
3767
2497
0
0
3331
0
3085
0
2676
0
3085
0
0
0
3394
0
4189
0
0
0
3706
0
3986
0
3424
0
2671
0
0
0
4966
0
0
0
0
0
0
0
0
0
0
0
0
0
0
0
0
0
0
0
0
0
0
0
0
0
0
0
0
0
0
0
0
0
0
0
0
0
0
0
0
0
0
0
0
0
0
0
0
0
0
0
0
0
0
0
0
0
0
0
0
0
0
0
0
0
0
0
0
0
0
0
0
0
0
0
0
0
0
0
0
0
0
0
0
0
0
0
0
0
0
0
0
0
0
0
0
0
0
0
0
0
0
0
0
0
0
0
0
0
0
0
0
0
0
0
0
0
0
0
0
0
0
0
0
0
0
0
0
0
0
0
0
0
0
0
0
0
0
0
0
0
0
0
0
0
0
0
0
0
0
0
0
0
0
0
0
0
0
0
0
0
0
0
0
0
0
0
0
0
0
0
0
0
0
0
0
0
0
0
0
0
0
0
0
0
0
0
0
0
0
0
0
0
0
0
0
0
0
0
0
0
0
0
0
0
0
0
0
0
0
0
0
0
0
0
0
0
0
0
0
0
0
0
0
0
0
0
0
0
0
0
0
0
0
0
0
0
0
0
0
0
0
0
0
0
0
0
0
0
0
0
0
0
0
0
0
0
0
0
0
0
0
0
0
0
0
0
0
0
0
0
0
0
0
0
0
0
0
0
0
0
0
0
0
0
0
0
0
0
0
0
0
0
0
0
0
0
0
0
0
0
0
0
0
0
0
0
0
0
0
0
0
0
0
0
0
0
0
0
0
0
0
0
0
0
0
0
0
0
0
0
0
0
0
0
0
0
0
0
0
0
0
0
0
0
0
0
0
0
0
0
0
0
0
0
0
0
0
0
0
0
0
0
0
0
0
0
0
0
0
0
0
0
0
0
0
0
0
0
0
0
0
0
0
0
0
0
0
0
0
0
0
0
0
0
0
0
0
0
0
0
0
0
0
0
0
0
0
0
0
0
0
0
0
0
0
0
0
0
0
0
0
0
0
0
0
0
0
0
0
0
0
0
0
0
0
0
0
0
0
0
0
0
0
0
0
0
0
0
0
0
0
0
0
0
0
0
0
0
0
0
0
0
0
0
0
0
0
0
0
0
0
0
0
0
0
0
0
0
0
0
0
0
0
0
0
0
0
0
0
0
0
0
0
0
0
0
0
0
0
0
0
0
0
0
0
0
0
0
0
0
0
0
0
0
0
0
0
0
0
0
0
0
0
0
0
0
0
0
0
0
0
0
0
0
0
0
0
0
0
0
0
0
0
0
0
0
0
0
0
0
0
0
0
0
0
0
0
0
0
0
0
0
0
0
0
0
0
0
0
0
0
0
0
0
0
0
0
0
0
0
0
0
0
0
0
0
0
0
0
0
0
0
0
0
0
0
0
0
0
0
0
0
0
0
0
0
0
0
0
0
0
0
0
0
0
0
0
0
0
0
0
0
0
0
0
0
0
0
0
0
0
0
0
0
0
0
0
0
0
0
0
0
0
0
0
0
0
0
0
0
0
0
0
0
0
0
0
0
0
0
0
0
0
0
0
0
0
0
0
0
0
0
0
0
0
0
0
0
0
0
0
0
0
0
0
0
0
0
0
0
0
0
0
0
0
0
0
0
0
0
0
0
0
0
0
0
0
0
0
0
0
0
0
0
0
0
0
0
0
0
0
0
0
0
0
0
0
0
0
0
0
0
0
0
0
0
0
0
0
0
0
0
0
0
0
0
0
0
0
0
0
0
0
0
0
0
0
0
0
0
0
0
0
0
0
0
0
0
0
0
0
0
0
0
0
0
0
0
0
0
0
0
0
0
0
0
0
0
0
0
0
0
0
0
0
0
0
0
0
0
0
0
0
0
0
0
0
0
0
0
0
0
0
0
0
0
0
0
0
0
0
0
0
0
0
0
0
0
0
0
0
0
2181
1110
875
725
1609
1226
1219
807
1781
1146
1722
1075
109
3
1954
1074
1769
1027
896
663
1962
1117
1491
1022
1308
925
2121
1246
152
3
1556
1011
1769
5386
0
0
1962
0
1491
0
1308
0
2121
0
0
0
1556
0
2181
0
0
0
1609
0
1219
0
1781
0
1722
0
0
0
1954
0
1907
1416
1028
766
1955
1278
1380
860
1706
1452
2058
1585
862
2
2324
1608
2547
1355
748
655
1795
1051
1916
1316
2197
1420
1754
958
407
2
2160
1431
2547
7186
0
0
1795
0
1916
0
2197
0
1754
0
0
0
2160
0
1907
0
0
0
1955
0
1380
0
1706
0
2058
0
0
0
2324
0
2740
1009
657
485
2078
1014
1147
687
2310
979
2035
1152
509
1
3011
1407
2492
1358
969
650
2314
1050
1927
902
2411
1442
1703
925
656
1
2269
1064
2492
8288
0
0
2314
0
1927
0
2411
0
1703
0
0
0
2269
0
2740
0
0
0
2078
0
1147
0
2310
0
2035
0
0
0
3011
0
1791
1130
649
486
1829
1174
1555
843
1513
955
1557
1031
345
1
2538
1238
2491
1053
565
558
2203
1295
1623
1032
1872
1016
1938
1253
526
1
2276
1406
2491
6362
0
0
2203
0
1623
0
1872
0
1938
0
0
0
2276
0
1791
0
0
0
1829
0
1555
0
1513
0
1557
0
0
0
2538
0
3225
1639
1000
775
2069
1219
1740
940
2588
1518
1951
1107
480
1
2434
1429
1087
879
670
455
2197
1374
1080
710
1944
1471
1792
1073
537
1
2610
1342
1087
7439
0
0
2197
0
1080
0
1944
0
1792
0
0
0
2610
0
3225
0
0
0
2069
0
1740
0
2588
0
1951
0
0
0
2434
0
1740
1227
693
467
3022
1696
3048
1906
2016
1387
2918
2026
720
1
3067
1864
2394
1510
864
498
2161
1173
2025
1275
1590
1148
1952
1268
696
1
2396
1706
2394
2269
0
0
2161
0
2025
0
1590
0
1952
0
0
0
2396
0
1740
0
0
0
3022
0
3048
0
2016
0
2918
0
0
0
3067
0
3955
2138
1236
794
3944
1936
2367
1417
2635
1397
3801
2136
687
3
3907
2411
3745
2030
1108
664
4647
1970
3940
2234
3771
1659
3538
2001
996
1
3499
2166
3745
2420
0
0
4647
0
3940
0
3771
0
3538
0
0
0
3499
0
3955
0
0
0
3944
0
2367
0
2635
0
3801
0
0
0
3907
0
0
0
0
0
0
0
0
0
0
0
0
0
0
0
0
0
0
0
0
0
0
0
0
0
0
0
0
0
0
0
0
0
0
0
0
0
0
0
0
0
0
0
0
0
0
0
0
0
0
0
0
0
0
0
0
0
0
0
0
0
0
0
0
0
0
0
0
0
0
0
0
0
0
0
0
0
0
0
0
0
0
0
0
0
0
0
0
0
0
0
0
0
0
0
0
0
0
0
0
0
0
0
0
0
0
0
0
0
0
0
0
0
0
0
0
0
0
0
0
0
0
0
0
0
0
0
0
0
0
0
0
0
0
0
0
0
0
0
0
0
0
0
0
0
0
0
0
0
0
0
0
0
0
0
0
0
0
0
0
0
0
0
0
0
0
0
0
0
0
0
0
0
0
0
0
0
0
0
0
0
0
0
0
0
0
0
0
0
0
0
0
0
0
0
0
0
0
0
0
0
0
0
0
0
0
0
0
0
0
0
0
0
0
0
0
0
0
0
0
0
0
0
0
0
0
0
0
0
0
0
0
0
0
0
0
0
0
0
0
0
0
0
0
0
0
0
0
0
0
0
0
0
0
0
0
0
0
0
0
0
0
0
0
0
0
0
0
0
0
0
0
0
0
0
0
0
0
0
0
0
0
0
0
0
0
0
0
0
0
0
0
0
0
0
0
0
0
0
0
0
0
0
0
0
0
0
0
0
0
0
0
0
0
0
0
0
0
0
0
0
0
0
0
0
0
0
0
0
0
0
0
0
0
0
0
0
0
0
0
0
0
0
0
0
0
0
0
0
0
0
0
0
0
0
0
0
0
0
0
0
0
0
0
0
0
0
0
0
0
0
0
0
0
0
0
0
0
0
0
0
0
0
0
0
0
0
0
0
0
0
0
0
0
0
0
0
0
0
0
0
0
0
0
0
0
0
0
0
0
0
0
0
0
0
0
0
0
0
0
0
0
0
0
0
0
0
0
0
0
0
0
0
0
0
0
0
0
0
0
0
0
0
0
0
0
0
0
0
0
0
0
0
0
0
0
0
0
0
0
0
0
0
0
0
0
0
0
0
0
0
0
0
0
0
0
0
0
0
0
0
0
0
0
0
0
0
0
0
0
0
0
0
0
0
0
0
0
0
0
0
0
0
0
0
0
0
0
0
0
0
0
0
0
0
0
0
0
0
0
0
0
0
0
0
0
0
0
0
0
0
0
0
0
0
0
0
0
0
0
0
0
0
0
0
0
0
0
0
0
0
0
0
0
0
0
0
0
0
0
0
0
0
0
0
0
0
0
0
0
0
0
0
0
0
0
0
0
0
0
0
0
0
0
0
0
0
0
0
0
0
0
0
0
0
0
0
0
0
0
0
0
0
0
0
0
0
0
0
0
0
0
0
0
0
0
0
0
0
0
0
0
0
0
0
0
0
0
0
0
0
0
0
0
0
0
0
0
0
0
0
0
0
0
0
0
0
0
0
0
0
0
0
0
0
0
0
0
0
0
0
0
0
0
0
0
0
0
0
0
0
0
0
0
0
0
0
0
0
0
0
0
0
0
0
0
0
0
0
0
0
0
0
0
0
0
0
0
0
0
0
0
0
0
0
0
0
0
0
0
0
0
0
0
0
0
0
0
0
0
0
0
0
0
0
0
0
0
0
0
0
0
0
0
0
0
0
0
0
0
0
0
0
0
0
0
0
0
0
0
0
0
0
0
0
0
0
0
0
0
0
0
0
0
0
0
0
0
0
0
0
0
0
0
0
0
0
0
0
0
0
0
0
0
0
0
0
0
0
0
0
0
0
0
0
0
0
0
0
0
0
0
0
0
0
0
0
0
0
0
0
0
0
0
0
0
0
0
0
0
0
0
0
0
0
0
0
0
0
0
0
0
0
20
20
20
20
20
20
20
20
20
20
20
20
46
20
20
20
20
20
20
20
20
20
20
20
20
20
20
20
46
20
20
20
20
20
20
20
20
20
20
20
20
20
20
20
46
20
20
20
20
20
20
20
20
20
20
20
20
20
20
20
46
20
20
20
46
46
46
46
46
46
46
46
46
46
46
46
46
46
46
46
46
46
46
46
46
46
46
46
46
46
46
46
46
46
46
46
46
46
46
46
46
46
46
46
46
46
46
46
46
46
46
46
46
46
46
46
46
46
46
46
46
46
46
46
46
46
46
46
46
46
46
46
46
46
46
46
46
46
46
46
46
46
46
46
46
46
46
46
46
46
46
46
46
46
46
46
46
46
46
46
46
46
46
46
46
46
46
46
46
46
46
46
46
46
46
46
46
46
46
46
46
46
46
46
46
46
46
46
46
46
46
46
46
46
46
46
46
46
46
46
46
46
46
46
46
46
46
46
46
46
46
46
46
46
46
46
46
46
46
46
46
46
46
46
46
46
46
46
46
46
46
46
46
46
46
46
46
46
46
46
46
46
46
46
46
46
46
46
46
46
46
46
46
46
46
46
46
46
46
46
46
46
46
46
46
46
46
46
46
46
46
46
46
46
46
46
46
46
46
46
46
46
46
46
46
46
46
46
46
46
46
46
46
46
46
46
46
46
46
46
46
46
46
46
46
46
46
46
46
46
46
46
46
46
46
46
46
46
46
46
46
46
46
46
46
46
46
46
46
46
46
46
46
46
46
46
46
46
46
46
46
46
46
46
46
46
46
46
46
46
46
46
46
46
46
46
46
46
46
46
46
46
46
46
46
46
46
46
46
46
46
46
46
46
46
46
46
46
46
46
46
46
46
46
46
46
46
46
46
46
46
46
46
46
46
46
46
46
46
46
46
46
46
46
46
46
46
46
46
46
46
46
46
46
46
46
46
46
46
46
46
46
46
46
46
46
46
46
46
46
46
46
46
46
46
46
46
46
46
46
46
46
46
46
46
46
46
46
46
46
46
46
46
46
46
46
46
46
46
46
46
46
46
46
46
46
46
46
46
46
46
46
46
46
46
46
46
46
46
46
46
46
46
46
46
46
46
46
46
46
46
46
46
46
46
46
46
46
46
46
46
46
46
46
46
46
46
46
46
46
46
46
46
46
46
46
46
46
46
46
46
46
46
46
46
46
46
46
46
46
46
46
46
46
46
46
46
46
46
46
46
46
46
46
46
46
46
46
46
46
46
46
46
46
46
46
46
46
46
46
46
46
46
46
46
46
46
46
46
46
46
46
46
46
46
46
46
46
46
46
46
46
46
46
46
46
46
46
46
46
46
46
46
46
46
46
46
46
46
46
46
46
46
46
46
46
46
46
46
46
46
46
46
46
46
46
46
46
46
46
46
46
46
46
46
46
46
46
46
46
46
46
46
46
46
46
46
46
46
46
46
46
46
46
46
46
46
46
46
46
46
46
46
46
46
46
46
46
46
46
46
46
46
46
46
46
46
46
46
46
46
46
46
46
46
46
46
46
46
46
46
46
46
46
46
46
46
46
46
46
46
46
46
46
46
46
46
46
46
46
46
46
46
46
20
20
20
20
20
20
20
20
20
20
20
20
46
20
20
20
20
20
20
20
20
20
20
20
20
20
20
20
46
20
20
20
20
20
20
20
20
20
20
20
20
20
20
20
46
20
20
20
20
20
20
20
20
20
20
20
20
20
20
20
46
20
20
20
46
46
46
46
46
46
46
46
46
46
46
46
46
46
46
46
46
46
46
46
46
46
46
46
46
46
46
46
46
46
46
46
46
46
46
46
46
46
46
46
46
46
46
46
46
46
46
46
46
46
46
46
46
46
46
46
46
46
46
46
46
46
46
46
46
46
46
46
46
46
46
46
46
46
46
46
46
46
46
46
46
46
46
46
46
46
46
46
46
46
46
46
46
46
46
46
46
46
46
46
46
46
46
46
46
46
46
46
46
46
46
46
46
46
46
46
46
46
46
46
46
46
46
46
46
46
46
46
46
46
46
46
46
46
46
46
46
46
46
46
46
46
46
46
46
46
46
46
46
46
46
46
46
46
46
46
46
46
46
46
46
46
46
46
46
46
46
46
46
46
46
46
46
46
46
46
46
46
46
46
46
46
46
46
46
46
46
46
46
46
46
46
46
46
46
46
46
46
46
46
46
46
46
46
46
46
46
46
46
46
46
46
46
46
46
46
46
46
46
46
46
46
46
46
46
46
46
46
46
46
46
46
46
46
46
46
46
46
46
46
46
46
46
46
46
46
46
46
46
46
46
46
46
46
46
46
46
46
46
46
46
46
46
46
46
46
46
46
46
46
46
46
46
46
46
46
46
46
46
46
46
46
46
46
46
46
46
46
46
46
46
46
46
46
46
46
46
46
46
46
46
46
46
46
46
46
46
46
46
46
46
46
46
46
46
46
46
46
46
46
46
46
46
46
46
46
46
46
46
46
46
46
46
46
46
46
46
46
46
46
46
46
46
46
46
46
46
46
46
46
46
46
46
46
46
46
46
46
46
46
46
46
46
46
46
46
46
46
46
46
46
46
46
46
46
46
46
46
46
46
46
46
46
46
46
46
46
46
46
46
46
46
46
46
46
46
46
46
46
46
46
46
46
46
46
46
46
46
46
46
46
46
46
46
46
46
46
46
46
46
46
46
46
46
46
46
46
46
46
46
46
46
46
46
46
46
46
46
46
46
46
46
46
46
46
46
46
46
46
46
46
46
46
46
46
46
46
46
46
46
46
46
46
46
46
46
46
46
46
46
46
46
46
46
46
46
46
46
46
46
46
46
46
46
46
46
46
46
46
46
46
46
46
46
46
46
46
46
46
46
46
46
46
46
46
46
46
46
46
46
46
46
32
32
32
32
32
32
32
32
32
32
32
32
46
32
32
32
32
32
32
32
32
32
32
32
32
32
32
32
46
32
32
32
32
32
32
32
32
32
32
32
32
32
32
32
46
32
32
32
32
32
32
32
32
32
32
32
32
32
32
32
46
32
32
32
46
46
46
46
46
46
46
46
46
46
46
46
46
46
46
46
46
46
46
46
46
46
46
46
46
46
46
46
46
46
46
46
46
46
46
46
46
46
46
46
46
46
46
46
46
46
46
46
46
46
46
46
46
46
46
46
46
46
46
46
46
46
46
46
20
20
20
20
20
20
20
20
20
20
20
20
46
20
20
20
20
20
20
20
20
20
20
20
20
20
20
20
46
20
20
20
46
46
46
46
46
46
46
46
46
46
46
46
46
46
46
46
46
46
46
46
46
46
46
46
46
46
46
46
46
46
46
46
46
46
46
46
46
46
46
46
46
46
46
46
46
46
46
46
46
46
46
46
46
46
46
46
46
46
46
46
46
46
46
46
46
46
46
46
46
46
46
46
46
46
46
46
46
46
46
46
46
46
46
46
46
46
46
46
46
46
46
46
46
46
46
46
46
46
46
46
46
46
46
46
46
46
46
46
46
46
46
46
46
46
46
46
46
46
46
46
46
46
46
46
46
46
46
46
46
46
46
46
46
46
46
46
46
46
46
46
46
46
46
46
46
46
46
46
46
46
46
46
46
46
46
46
46
46
46
46
46
46
46
46
46
46
46
46
46
46
46
46
46
46
46
46
46
46
46
46
46
46
46
46
46
46
46
46
46
46
46
46
46
46
46
46
46
46
46
46
46
46
46
46
46
46
46
46
46
46
46
46
46
46
46
46
46
46
46
46
46
46
46
46
46
46
46
46
46
46
46
46
46
46
46
46
46
46
46
46
46
46
46
46
46
46
46
46
46
46
46
46
46
46
46
46
46
46
46
46
46
46
46
46
46
46
46
46
46
46
46
46
46
46
46
46
46
46
46
46
46
46
46
46
46
46
46
46
46
46
46
46
46
46
46
46
46
46
46
46
46
46
46
46
46
46
46
46
46
46
46
46
46
46
46
46
46
46
46
46
46
46
46
46
46
46
46
46
46
46
46
46
46
46
46
46
46
46
46
46
46
46
46
46
46
46
46
46
46
46
46
46
46
46
46
46
46
46
46
46
46
46
46
46
46
46
46
46
46
46
46
46
46
46
46
46
46
46
46
46
46
46
46
46
46
46
46
46
46
46
46
46
46
46
46
46
46
46
46
46
46
46
46
46
46
46
46
46
46
46
46
46
46
46
46
46
46
46
46
46
46
46
46
46
46
46
46
46
46
46
46
46
46
46
46
46
46
46
46
46
46
46
46
46
46
46
46
46
46
46
46
46
46
46
46
46
46
46
46
46
46
46
46
46
46
46
46
46
46
46
46
46
46
46
46
46
46
46
46
46
46
46
46
46
46
46
46
46
46
46
46
46
46
46
46
46
46
46
46
46
46
46
46
46
46
46
46
46
46
46
46
46
46
46
46
46
46
46
46
46
46
46
46
46
46
46
46
46
46
46
46
46
46
46
46
46
46
46
46
46
46
46
46
46
32
32
32
32
32
32
32
32
32
32
32
32
46
32
32
32
32
32
32
32
32
32
32
32
32
32
32
32
46
32
32
32
32
32
32
32
32
32
32
32
32
32
32
32
46
32
32
32
32
32
32
32
32
32
32
32
32
32
32
32
46
32
32
32
46
46
46
46
46
46
46
46
46
46
46
46
46
46
46
46
46
46
46
46
46
46
46
46
46
46
46
46
46
46
46
46
20
20
20
20
20
20
20
20
20
20
20
20
46
20
20
20
20
20
20
20
20
20
20
20
20
20
20
20
46
20
20
20
20
20
20
20
20
20
20
20
20
20
20
20
46
20
20
20
20
20
20
20
20
20
20
20
20
20
20
20
46
20
20
20
20
20
20
20
20
20
20
20
20
20
20
20
46
20
20
20
20
20
20
20
20
20
20
20
20
20
20
20
46
20
20
20
20
20
20
20
20
20
20
20
20
20
20
20
46
20
20
20
20
20
20
20
20
20
20
20
20
20
20
20
46
20
20
20
20
20
20
20
20
20
20
20
20
20
20
20
46
20
20
20
20
20
20
20
20
20
20
20
20
20
20
20
46
20
20
20
20
20
20
20
20
20
20
20
20
20
20
20
46
20
20
20
20
20
20
20
20
20
20
20
20
20
20
20
46
20
20
20
46
46
46
46
46
46
46
46
46
46
46
46
46
46
46
46
46
46
46
46
46
46
46
46
46
46
46
46
46
46
46
46
46
46
46
46
46
46
46
46
46
46
46
46
46
46
46
46
46
46
46
46
46
46
46
46
46
46
46
46
46
46
46
46
46
46
46
46
46
46
46
46
46
46
46
46
46
46
46
46
46
46
46
46
46
46
46
46
46
46
46
46
46
46
46
46
46
46
46
46
46
46
46
46
46
46
46
46
46
46
46
46
46
46
46
46
46
46
46
46
46
46
46
46
46
46
46
46
46
46
46
46
46
46
46
46
46
46
46
46
46
46
46
46
46
46
46
46
46
46
46
46
46
46
46
46
46
46
46
46
46
46
46
46
46
46
46
46
46
46
46
46
46
46
46
46
46
46
46
46
46
46
46
46
46
46
46
46
46
46
46
46
46
46
46
46
46
46
46
46
46
46
46
46
46
46
46
46
46
46
46
46
46
46
46
46
46
46
46
46
46
46
46
46
46
46
46
46
46
46
46
46
46
46
46
46
46
46
46
46
46
46
46
46
46
46
46
46
46
46
46
46
46
46
46
46
46
46
46
46
46
46
46
46
46
46
46
46
46
46
46
46
46
46
46
46
46
46
46
46
46
46
46
46
46
46
46
46
46
46
46
46
46
46
46
46
46
46
46
46
46
46
46
46
46
46
46
46
46
46
46
46
46
46
46
46
46
46
46
46
46
46
46
46
46
46
46
46
46
46
46
46
46
46
46
46
46
46
46
46
46
46
46
46
46
46
46
46
46
46
46
46
46
46
46
46
46
46
46
46
46
46
46
46
46
46
46
46
46
46
46
46
46
46
46
46
46
46
46
46
46
46
46
46
46
46
46
46
46
46
46
46
46
46
46
46
46
46
46
46
46
46
46
46
46
46
46
46
46
46
46
46
46
46
46
46
32
32
32
32
32
32
32
32
32
32
32
32
46
32
32
32
32
32
32
32
32
32
32
32
32
32
32
32
46
32
32
32
46
46
46
46
46
46
46
46
46
46
46
46
46
46
46
46
46
46
46
46
46
46
46
46
46
46
46
46
46
46
46
46
46
46
46
46
46
46
46
46
46
46
46
46
46
46
46
46
46
46
46
46
46
46
46
46
46
46
46
46
46
46
46
46
46
46
46
46
46
46
46
46
46
46
46
46
46
46
46
46
46
46
46
46
46
46
46
46
46
46
46
46
46
46
46
46
46
46
46
46
46
46
46
46
46
46
46
46
46
46
46
46
46
46
46
46
46
46
46
46
46
46
46
46
46
46
46
46
46
46
46
46
46
46
46
46
46
46
46
46
46
46
46
46
46
46
46
46
46
46
46
46
46
46
46
46
46
46
46
46
46
46
46
46
46
46
46
46
46
46
46
46
46
46
46
46
46
46
46
46
46
46
46
46
46
46
46
46
46
46
46
46
46
46
46
46
46
46
46
46
46
46
46
46
46
46
46
46
46
46
46
46
46
46
46
46
46
46
46
46
46
46
46
46
46
46
46
46
46
46
46
46
46
46
46
46
46
46
46
46
46
46
46
46
46
46
46
46
46
46
46
46
46
46
46
46
46
46
46
46
46
46
46
46
46
46
46
46
46
46
46
46
46
46
46
46
46
46
46
46
46
46
46
46
46
46
46
46
46
46
46
46
46
46
46
46
46
46
46
46
46
46
46
46
46
46
46
46
46
46
46
46
46
46
46
46
46
46
46
46
46
46
46
46
46
46
46
46
46
46
46
46
46
46
46
46
46
46
46
46
46
46
46
46
46
46
46
46
46
46
46
46
46
46
46
46
46
46
46
46
46
46
46
46
46
46
46
46
46
46
46
46
46
46
46
46
46
46
46
46
46
46
46
46
46
46
46
46
46
46
46
46
46
46
46
46
46
46
46
46
46
46
46
46
46
46
46
46
46
46
46
46
46
46
46
46
46
46
46
46
46
46
46
46
46
46
46
46
46
46
46
46
46
46
46
46
46
46
46
46
46
46
46
46
46
46
46
46
46
46
46
46
46
46
46
46
46
46
46
46
46
46
46
46
46
46
46
46
46
46
46
46
46
46
46
46
46
46
46
46
46
46
46
46
46
46
46
46
46
46
46
46
46
46
46
46
46
46
46
46
46
46
46
46
46
46
46
46
46
46
46
46
46
46
46
46
46
46
46
46
46
46
46
46
46
46
46
46
46
46
46
46
46
46
46
46
46
46
46
46
46
46
46
46
46
46
46
46
46
46
46
46
46
46
46
46
46
46
46
46
46
46
46
46
46
46
46
46
46
46
46
46
46
46
46
46
46
46
46
46
46
46
46
46
46
46
46
46
46
46
46
46
46
46
46
46
46
46
46
46
46
46
46
46
46
46
46
46
46
46
46
46
46
46
46
46
46
46
46
46
46
46
46
46
46
46
46
46
46
46
46
46
46
46
46
46
46
46
46
46
32
32
32
32
32
32
32
32
32
32
32
32
46
32
32
32
32
32
32
32
32
32
32
32
32
32
32
32
46
32
32
32
32
32
32
32
32
32
32
32
32
32
32
32
46
32
32
32
32
32
32
32
32
32
32
32
32
32
32
32
46
32
32
32
32
32
32
32
32
32
32
32
32
32
32
32
46
32
32
32
32
32
32
32
32
32
32
32
32
32
32
32
46
32
32
32
32
32
32
32
32
32
32
32
32
32
32
32
46
32
32
32
32
32
32
32
32
32
32
32
32
32
32
32
46
32
32
32
32
32
32
32
32
32
32
32
32
32
32
32
46
32
32
32
32
32
32
32
32
32
32
32
32
32
32
32
46
32
32
32
32
32
32
32
32
32
32
32
32
32
32
32
46
32
32
32
32
32
32
32
32
32
32
32
32
32
32
32
46
32
32
32
46
46
46
46
46
46
46
46
46
46
46
46
46
46
46
46
46
46
46
46
46
46
46
46
46
46
46
46
46
46
46
46
46
46
46
46
46
46
46
46
46
46
46
46
46
46
46
46
46
46
46
46
46
46
46
46
46
46
46
46
46
46
46
46
46
46
46
46
46
46
46
46
46
46
46
46
46
46
46
46
46
46
46
46
46
46
46
46
46
46
46
46
46
46
46
46
46
46
46
46
46
46
46
46
46
46
46
46
46
46
46
46
46
46
46
46
46
46
46
46
46
46
46
46
46
46
46
46
46
46
46
46
46
46
46
46
46
46
46
46
46
46
46
46
46
46
46
46
46
46
46
46
46
46
46
46
46
46
46
46
46
46
46
46
46
46
46
46
46
46
46
46
46
46
46
46
46
46
46
46
46
46
46
46
46
46
46
46
46
46
46
46
46
46
46
46
46
46
46
46
46
46
46
46
46
46
46
46
46
46
46
46
46
46
46
46
46
46
46
46
46
46
46
46
46
46
46
46
46
46
46
46
46
46
46
46
46
46
46
46
46
46
46
46
46
46
46
46
46
46
46
46
46
46
46
46
46
46
46
46
46
46
46
46
46
46
46
46
46
46
46
46
46
46
46
46
46
46
46
46
46
46
46
46
46
46
46
46
0
0
0
0
0
0
0
0
0
0
0
0
0
0
0
0
0
0
0
0
0
0
0
0
0
0
0
0
0
0
0
0
0
0
0
0
0
0
0
0
0
0
0
0
0
0
0
0
0
0
0
0
0
0
0
0
0
0
0
0
0
0
0
0
1
0
0
0
1
0
1
0
1
0
1
0
0
0
1
0
1
0
0
0
1
0
1
0
1
0
1
0
0
0
1
0
0
0
0
0
0
0
0
0
0
0
0
0
27
0
0
0
0
0
0
0
0
0
0
0
0
0
0
0
27
0
0
0
0
0
0
0
0
0
0
0
0
0
0
0
0
0
0
0
0
0
0
0
0
0
0
0
0
0
0
0
0
0
0
0
0
0
0
0
0
0
0
0
0
0
0
0
0
0
0
0
0
0
0
0
0
0
0
0
0
0
0
0
0
0
0
0
0
0
0
0
0
0
0
0
0
0
0
0
0
0
0
0
0
0
0
0
0
0
0
0
0
0
0
0
0
0
0
0
0
0
0
0
0
0
0
0
0
0
0
0
0
0
0
0
0
0
0
0
0
0
0
0
0
0
0
0
0
0
0
0
0
0
0
0
0
0
0
0
0
0
0
0
0
0
0
0
0
0
0
0
0
0
0
0
0
0
0
0
0
0
0
0
0
0
0
0
0
0
0
0
0
0
0
0
0
0
0
0
0
0
0
0
0
0
0
0
0
0
0
0
0
0
0
0
0
0
0
0
0
0
0
0
0
0
0
0
0
0
0
0
0
0
0
0
0
0
0
0
0
0
0
0
0
0
0
0
0
0
0
0
0
0
0
0
0
0
0
0
0
0
0
0
0
0
0
0
0
0
0
0
0
0
0
0
0
0
0
0
0
0
0
0
0
0
0
0
0
0
0
0
-1
0
0
0
0
0
0
0
0
0
0
0
0
0
0
0
-1
0
0
0
-1
-1
-1
-1
-1
-1
-1
-1
-1
-1
-1
-1
-1
-1
-1
-1
-1
-1
-1
-1
-1
-1
-1
-1
-1
-1
-1
-1
-1
-1
-1
-1
0
0
0
0
0
0
0
0
0
0
0
0
0
0
0
0
0
0
0
0
0
0
0
0
0
0
0
0
0
0
0
0
0
0
0
0
0
0
0
0
0
0
0
0
0
0
0
0
0
0
0
0
0
0
0
0
0
0
0
0
0
0
0
0
0
0
0
0
0
0
0
0
0
0
0
0
0
0
0
0
0
0
0
0
0
0
0
0
0
0
0
0
0
0
0
0
0
0
0
0
0
0
0
0
0
0
0
0
0
0
0
0
0
0
0
0
0
0
0
0
0
0
0
0
0
0
0
0
0
0
0
0
0
0
0
0
0
0
0
0
0
0
0
0
0
0
0
0
0
0
0
0
0
0
0
0
0
0
0
0
0
0
0
0
0
0
0
0
0
0
0
0
0
0
0
0
0
0
0
0
0
0
0
0
0
0
0
0
0
0
0
0
0
0
0
0
0
0
0
0
0
0
0
0
0
0
0
0
0
0
0
0
0
0
0
0
0
0
0
0
0
0
0
0
0
0
0
0
0
0
0
0
0
0
0
0
0
0
0
0
0
0
0
0
0
0
0
0
0
0
0
0
0
0
0
0
0
0
0
0
0
0
0
0
0
0
0
0
0
0
0
0
0
0
0
0
0
0
0
0
0
0
0
0
0
0
0
0
0
0
0
0
0
0
0
0
0
0
0
0
0
0
0
0
0
0
0
0
0
0
0
0
0
0
0
0
0
0
0
0
0
0
0
0
0
0
0
0
0
0
0
0
0
0
0
0
0
0
0
0
0
0
0
0
0
0
0
0
0
0
0
0
0
0
0
0
0
0
0
0
0
0
0
0
0
0
0
0
0
0
0
0
0
0
0
0
0
0
0
0
0
0
0
0
6
6
6
6
6
6
6
6
6
6
6
6
6
6
6
6
6
6
6
6
6
6
6
6
6
6
6
6
6
6
6
6
0
0
0
0
0
0
0
0
0
0
0
0
0
0
0
0
0
0
0
0
0
0
0
0
0
0
0
0
0
0
0
0
6
6
6
6
6
6
6
6
6
6
6
6
6
6
6
6
6
6
6
6
6
6
6
6
6
6
6
6
6
6
6
6
0
0
0
0
0
0
0
0
0
0
0
0
0
0
0
0
0
0
0
0
0
0
0
0
0
0
0
0
0
0
0
0
6
6
6
6
6
6
6
6
6
6
6
6
6
6
6
6
6
6
6
6
6
6
6
6
6
6
6
6
6
6
6
6
0
0
0
0
0
0
0
0
0
0
0
0
0
0
0
0
0
0
0
0
0
0
0
0
0
0
0
0
0
0
0
0
6
6
6
6
6
6
6
6
6
6
6
6
6
6
6
6
6
6
6
6
6
6
6
6
6
6
6
6
6
6
6
6
0
0
0
0
0
0
0
0
0
0
0
0
0
0
0
0
0
0
0
0
0
0
0
0
0
0
0
0
0
0
0
0
6
6
6
6
6
6
6
6
6
6
6
6
6
6
6
6
6
6
6
6
6
6
6
6
6
6
6
6
6
6
6
6
0
0
0
0
0
0
0
0
0
0
0
0
0
0
0
0
0
0
0
0
0
0
0
0
0
0
0
0
0
0
0
0
6
6
6
6
6
6
6
6
6
6
6
6
6
6
6
6
6
6
6
6
6
6
6
6
6
6
6
6
6
6
6
6
0
0
0
0
0
0
0
0
0
0
0
0
0
0
0
0
0
0
0
0
0
0
0
0
0
0
0
0
0
0
0
0
0
0
0
0
0
0
0
0
0
0
0
0
0
0
0
0
0
0
0
0
0
0
0
0
0
0
0
0
0
0
0
0
0
0
0
0
0
0
0
0
0
0
0
0
0
0
0
0
0
0
0
0
0
0
0
0
0
0
0
0
0
0
0
0
6
6
6
6
6
6
6
6
6
6
6
6
6
6
6
6
6
6
6
6
6
6
6
6
6
6
6
6
6
6
6
6
0
0
0
0
0
0
0
0
0
0
0
0
0
0
0
0
0
0
0
0
0
0
0
0
0
0
0
0
0
0
0
0
6
6
6
6
6
6
6
6
6
6
6
6
6
6
6
6
6
6
6
6
6
6
6
6
6
6
6
6
6
6
6
6
0
0
0
0
0
0
0
0
0
0
0
0
0
0
0
0
0
0
0
0
0
0
0
0
0
0
0
0
0
0
0
0
6
6
6
6
6
6
6
6
6
6
6
6
6
6
6
6
6
6
6
6
6
6
6
6
6
6
6
6
6
6
6
6
0
0
0
0
0
0
0
0
0
0
0
0
0
0
0
0
0
0
0
0
0
0
0
0
0
0
0
0
0
0
0
0
6
6
6
6
6
6
6
6
6
6
6
6
6
6
6
6
6
6
6
6
6
6
6
6
6
6
6
6
6
6
6
6
0
0
0
0
0
0
0
0
0
0
0
0
0
0
0
0
0
0
0
0
0
0
0
0
0
0
0
0
0
0
0
0
6
6
6
6
6
6
6
6
6
6
6
6
6
6
6
6
6
6
6
6
6
6
6
6
6
6
6
6
6
6
6
6
0
0
0
0
0
0
0
0
0
0
0
0
0
0
0
0
0
0
0
0
0
0
0
0
0
0
0
0
0
0
0
0
6
6
6
6
6
6
6
6
6
6
6
6
6
6
6
6
6
6
6
6
6
6
6
6
6
6
6
6
6
6
6
6
0
0
0
0
0
0
0
0
0
0
0
0
0
0
0
0
0
0
0
0
0
0
0
0
0
0
0
0
0
0
0
0
0
0
0
0
0
0
0
0
0
0
0
0
0
0
0
0
0
0
0
0
0
0
0
0
0
0
0
0
0
0
0
0
0
0
0
0
0
0
0
0
0
0
0
0
0
0
0
0
0
0
0
0
0
0
0
0
0
0
0
0
0
0
0
0
