%pattern_data
4
4
4
0
0
32
-31
0
52
88
0
1
1
0
0
0
10
0
8
0
0
0
0
0
0
0
0
111
-1
-1
0
0
0
-10
0
0
96
109
-10
0
1
0
0
1
0
0
0
0
0
0
0
0
0
2
0
200
19
53
0
0
1
0
0
0
0
0
1
0
0
0
0
0
1
0
0
0
0
0
1
0
0
0
0
0
1
0
0
0
0
0
1
0
1
0
0
0
0
0
1
0
0
0
0
0
1
0
0
0
0
0
1
0
0
0
0
0
1
0
0
0
0
0
1
0
-31
-31
-31
-31
-31
-31
-31
-31
-31
-31
-31
-31
-31
-31
-31
-31
-31
-31
-31
-31
-31
-31
-31
-31
-31
-31
-31
-31
-31
-31
-31
-31
330583
576917
865375
1153854
1442313
1730771
2036188
2307688
2596146
2884625
3173083
3461542
3773271
4038458
4326917
4615375
4903854
5192313
5494625
5769229
6057688
6346146
6634625
6923083
7222125
7500000
7788458
8076917
8365375
8653854
8961021
9230771
9547729
9807688
10096146
10384625
10673083
10961542
11314833
11538458
11826917
12115375
12403854
12692313
13043063
13269229
13557688
13846146
14134625
14423083
14740188
15000000
15288458
15576917
15865375
16153854
16448625
16730771
17019229
17307688
17596146
17884625
18184917
18461542
313396
576917
865375
1153854
1442313
1730771
2044958
2307688
2596146
2884625
3173083
3461542
3756625
4038458
4326917
4615375
4903854
5192313
5484708
5769229
6057688
6346146
6634625
6923083
7214479
7500000
7788458
8076917
8365375
8653854
8986063
9230771
9549292
9807688
10096146
10384625
10673083
10961542
11284229
11538458
11826917
12115375
12403854
12692313
12975625
13269229
13557688
13846146
14134625
14423083
14728583
15000000
15288458
15576917
15865375
16153854
16460979
16730771
17019229
17307688
17596146
17884625
18201646
18461542
332583
576917
865375
1153854
1442313
1730771
2025458
2307688
2596146
2884625
3173083
3461542
3766813
4038458
4326917
4615375
4903854
5192313
5518542
5769229
6057688
6346146
6634625
6923083
7222042
7500000
7788458
8076917
8365375
8653854
8948646
9230771
9546729
9807688
10096146
10384625
10673083
10961542
11287958
11538458
11826917
12115375
12403854
12692313
13000208
13269229
13557688
13846146
14134625
14423083
14734292
15000000
15288458
15576917
15865375
16153854
16458958
16730771
17019229
17307688
17596146
17884625
18192542
18461542
309354
576917
865375
1153854
1442313
1730771
2070438
2307688
2596146
2884625
3173083
3461542
3761813
4038458
4326917
4615375
4903854
5192313
5499563
5769229
6057688
6346146
6634625
6923083
7222063
7500000
7788458
8076917
8365375
8653854
8949042
9230771
9554104
9807688
10096146
10384625
10673083
10961542
11264813
11538458
11826917
12115375
12403854
12692313
12991021
13269229
13557688
13846146
14134625
14423083
14749979
15000000
15288458
15576917
15865375
16153854
16464396
16730771
17019229
17307688
17596146
17884625
18205750
18461542
297938
576917
865375
1153854
1442313
1730771
2037625
2307688
2596146
2884625
3173083
3461542
3751417
4038458
4326917
4615375
4903854
5192313
5501438
5769229
6057688
6346146
6634625
6923083
7219271
7500000
7788458
8076917
8365375
8653854
8937375
9230771
9533813
9807688
10096146
10384625
10673083
10961542
11307958
11538458
11826917
12115375
12403854
12692313
12989313
13269229
13557688
13846146
14134625
14423083
14755688
15000000
15288458
15576917
15865375
16153854
16446979
16730771
17019229
17307688
17596146
17884625
18198625
18461542
337667
576917
865375
1153854
1442313
1730771
2047125
2307688
2596146
2884625
3173083
3461542
3769146
4038458
4326917
4615375
4903854
5192313
5518042
5769229
6057688
6346146
6634625
6923083
7235792
7500000
7788458
8076917
8365375
8653854
8964833
9230771
9544917
9807688
10096146
10384625
10673083
10961542
11273063
11538458
11826917
12115375
12403854
12692313
13015542
13269229
13557688
13846146
14134625
14423083
14756271
15000000
15288458
15576917
15865375
16153854
16464604
16730771
17019229
17307688
17596146
17884625
18209750
18461542
309854
576917
865375
1153854
1442313
1730771
2041771
2307688
2596146
2884625
3173083
3461542
3766021
4038458
4326917
4615375
4903854
5192313
5493354
5769229
6057688
6346146
6634625
6923083
7243979
7500000
7788458
8076917
8365375
8653854
8947375
9230771
9533417
9807688
10096146
10384625
10673083
10961542
11266521
11538458
11826917
12115375
12403854
12692313
12987500
13269229
13557688
13846146
14134625
14423083
14719979
15000000
15288458
15576917
15865375
16153854
16444646
16730771
17019229
17307688
17596146
17884625
18188063
18461542
302979
576917
865375
1153854
1442313
1730771
2049604
2307688
2596146
2884625
3173083
3461542
3759813
4038458
4326917
4615375
4903854
5192313
5507313
5769229
6057688
6346146
6634625
6923083
7227250
7500000
7788458
8076917
8365375
8653854
8971604
9230771
9559125
9807688
10096146
10384625
10673083
10961542
11282667
11538458
11826917
12115375
12403854
12692313
12990396
13269229
13557688
13846146
14134625
14423083
14732146
15000000
15288458
15576917
15865375
16153854
16461646
16730771
17019229
17307688
17596146
17884625
18173125
18461542
311000
576917
865375
1153854
1442313
1730771
2046083
2307688
2596146
2884625
3173083
3461542
3777458
4038458
4326917
4615375
4903854
5192313
5496833
5769229
6057688
6346146
6634625
6923083
7212146
7500000
7788458
8076917
8365375
8653854
8965854
9230771
9530167
9807688
10096146
10384625
10673083
10961542
11259188
11538458
11826917
12115375
12403854
12692313
12993521
13269229
13557688
13846146
14134625
14423083
14708438
15000000
15288458
15576917
15865375
16153854
16464208
16730771
17019229
17307688
17596146
17884625
18176458
18461542
303771
576917
865375
1153854
1442313
1730771
2060813
2307688
2596146
2884625
3173083
3461542
3760479
4038458
4326917
4615375
4903854
5192313
5516396
5769229
6057688
6346146
6634625
6923083
7242125
7500000
7788458
8076917
8365375
8653854
8971667
9230771
9552167
9807688
10096146
10384625
10673083
10961542
11280667
11538458
11826917
12115375
12403854
12692313
13012729
13269229
13557688
13846146
14134625
14423083
14726646
15000000
15288458
15576917
15865375
16153854
16459083
16730771
17019229
17307688
17596146
17884625
18206667
18461542
295354
576917
865375
1153854
1442313
1730771
2030958
2307688
2596146
2884625
3173083
3461542
3769229
4038458
4326917
4615375
4903854
5192313
5511229
5769229
6057688
6346146
6634625
6923083
7222000
7500000
7788458
8076917
8365375
8653854
8956688
9230771
9537750
9807688
10096146
10384625
10673083
10961542
11286729
11538458
11826917
12115375
12403854
12692313
12992958
13269229
13557688
13846146
14134625
14423083
14741292
15000000
15288458
15576917
15865375
16153854
16444125
16730771
17019229
17307688
17596146
17884625
18177104
18461542
312521
576917
865375
1153854
1442313
1730771
2047313
2307688
2596146
2884625
3173083
3461542
3783292
4038458
4326917
4615375
4903854
5192313
5494354
5769229
6057688
6346146
6634625
6923083
7241854
7500000
7788458
8076917
8365375
8653854
8968021
9230771
9520667
9807688
10096146
10384625
10673083
10961542
11267292
11538458
11826917
12115375
12403854
12692313
13016104
13269229
13557688
13846146
14134625
14423083
14733833
15000000
15288458
15576917
15865375
16153854
16456604
16730771
17019229
17307688
17596146
17884625
18193208
18461542
317875
576917
865375
1153854
1442313
1730771
2036292
2307688
2596146
2884625
3173083
3461542
3773292
4038458
4326917
4615375
4903854
5192313
5503604
5769229
6057688
6346146
6634625
6923083
7225042
7500000
7788458
8076917
8365375
8653854
8955750
9230771
9541583
9807688
10096146
10384625
10673083
10961542
11269729
11538458
11826917
12115375
12403854
12692313
13000625
13269229
13557688
13846146
14134625
14423083
14754271
15000000
15288458
15576917
15865375
16153854
16465750
16730771
17019229
17307688
17596146
17884625
18172063
18461542
318833
576917
865375
1153854
1442313
1730771
2032917
2307688
2596146
2884625
3173083
3461542
3769000
4038458
4326917
4615375
4903854
5192313
5508083
5769229
6057688
6346146
6634625
6923083
7222479
7500000
7788458
8076917
8365375
8653854
8956083
9230771
9544354
9807688
10096146
10384625
10673083
10961542
11259229
11538458
11826917
12115375
12403854
12692313
12985188
13269229
13557688
13846146
14134625
14423083
14727750
15000000
15288458
15576917
15865375
16153854
16449688
16730771
17019229
17307688
17596146
17884625
18188000
18461542
326021
576917
865375
1153854
1442313
1730771
2040813
2307688
2596146
2884625
3173083
3461542
3773479
4038458
4326917
4615375
4903854
5192313
5496792
5769229
6057688
6346146
6634625
6923083
7236313
7500000
7788458
8076917
8365375
8653854
8943521
9230771
9538083
9807688
10096146
10384625
10673083
10961542
11268833
11538458
11826917
12115375
12403854
12692313
12996708
13269229
13557688
13846146
14134625
14423083
14735958
15000000
15288458
15576917
15865375
16153854
16460688
16730771
17019229
17307688
17596146
17884625
18174417
18461542
300229
576917
865375
1153854
1442313
1730771
2017833
2307688
2596146
2884625
3173083
3461542
3754063
4038458
4326917
4615375
4903854
5192313
5490479
5769229
6057688
6346146
6634625
6923083
7216646
7500000
7788458
8076917
8365375
8653854
8958521
9230771
9529396
9807688
10096146
10384625
10673083
10961542
11256792
11538458
11826917
12115375
12403854
12692313
12979375
13269229
13557688
13846146
14134625
14423083
14721375
15000000
15288458
15576917
15865375
16153854
16439625
16730771
17019229
17307688
17596146
17884625
18174688
18461542
319333
576917
865375
1153854
1442313
1730771
2038479
2307688
2596146
2884625
3173083
3461542
3778021
4038458
4326917
4615375
4903854
5192313
5512125
5769229
6057688
6346146
6634625
6923083
7226646
7500000
7788458
8076917
8365375
8653854
8977146
9230771
9537625
9807688
10096146
10384625
10673083
10961542
11269833
11538458
11826917
12115375
12403854
12692313
12986979
13269229
13557688
13846146
14134625
14423083
14721833
15000000
15288458
15576917
15865375
16153854
16452229
16730771
17019229
17307688
17596146
17884625
18192229
18461542
306958
576917
865375
1153854
1442313
1730771
2040688
2307688
2596146
2884625
3173083
3461542
3750396
4038458
4326917
4615375
4903854
5192313
5497833
5769229
6057688
6346146
6634625
6923083
7217104
7500000
7788458
8076917
8365375
8653854
8978188
9230771
9538688
9807688
10096146
10384625
10673083
10961542
11280667
11538458
11826917
12115375
12403854
12692313
13009000
13269229
13557688
13846146
14134625
14423083
14737417
15000000
15288458
15576917
15865375
16153854
16451375
16730771
17019229
17307688
17596146
17884625
18190938
18461542
294708
576917
865375
1153854
1442313
1730771
2041104
2307688
2596146
2884625
3173083
3461542
3766188
4038458
4326917
4615375
4903854
5192313
5495167
5769229
6057688
6346146
6634625
6923083
7218375
7500000
7788458
8076917
8365375
8653854
8967813
9230771
9557042
9807688
10096146
10384625
10673083
10961542
11281542
11538458
11826917
12115375
12403854
12692313
13018083
13269229
13557688
13846146
14134625
14423083
14753229
15000000
15288458
15576917
15865375
16153854
16467563
16730771
17019229
17307688
17596146
17884625
18187083
18461542
320521
576917
865375
1153854
1442313
1730771
2055813
2307688
2596146
2884625
3173083
3461542
3753917
4038458
4326917
4615375
4903854
5192313
5513313
5769229
6057688
6346146
6634625
6923083
7215896
7500000
7788458
8076917
8365375
8653854
8952042
9230771
9545021
9807688
10096146
10384625
10673083
10961542
11265563
11538458
11826917
12115375
12403854
12692313
12984313
13269229
13557688
13846146
14134625
14423083
14742604
15000000
15288458
15576917
15865375
16153854
16450896
16730771
17019229
17307688
17596146
17884625
18187563
18461542
186146
340917
511354
681813
852271
1022729
1222333
1363646
1534083
1704542
1875000
2045458
2257375
2386354
2556813
2727271
2897729
3068188
3277104
3409083
3579542
3750000
3920458
4090917
4297458
4431813
4602271
4772729
4943188
5113646
5314625
5454542
5654438
5795458
5965917
6136354
6306813
6477271
6698646
6818188
6988646
7159083
7329542
7500000
7730438
7840917
8011354
8181813
8352271
8522729
8740417
8863646
9034083
9204542
9375000
9545458
9731125
9886354
10056813
10227271
10397729
10568188
10748917
10909083
199063
340917
511354
681813
852271
1022729
1208521
1363646
1534083
1704542
1875000
2045458
2229813
2386354
2556813
2727271
2897729
3068188
3278146
3409083
3579542
3750000
3920458
4090917
4278521
4431813
4602271
4772729
4943188
5113646
5306729
5454542
5656271
5795458
5965917
6136354
6306813
6477271
6659104
6818188
6988646
7159083
7329542
7500000
7677271
7840917
8011354
8181813
8352271
8522729
8726813
8863646
9034083
9204542
9375000
9545458
9735854
9886354
10056813
10227271
10397729
10568188
10757688
10909083
180979
340917
511354
681813
852271
1022729
1220167
1363646
1534083
1704542
1875000
2045458
2238854
2386354
2556813
2727271
2897729
3068188
3273167
3409083
3579542
3750000
3920458
4090917
4270854
4431813
4602271
4772729
4943188
5113646
5306896
5454542
5656729
5795458
5965917
6136354
6306813
6477271
6669583
6818188
6988646
7159083
7329542
7500000
7684042
7840917
8011354
8181813
8352271
8522729
8735271
8863646
9034083
9204542
9375000
9545458
9740000
9886354
10056813
10227271
10397729
10568188
10753333
10909083
172188
340917
511354
681813
852271
1022729
1201438
1363646
1534083
1704542
1875000
2045458
2254458
2386354
2556813
2727271
2897729
3068188
3273104
3409083
3579542
3750000
3920458
4090917
4281479
4431813
4602271
4772729
4943188
5113646
5304729
5454542
5653521
5795458
5965917
6136354
6306813
6477271
6682645
6818188
6988646
7159083
7329542
7500000
7684958
7840917
8011354
8181813
8352271
8522729
8708896
8863646
9034083
9204542
9375000
9545458
9738417
9886354
10056813
10227271
10397729
10568188
10744417
10909083
208979
340917
511354
681813
852271
1022729
1209833
1363646
1534083
1704542
1875000
2045458
2223458
2386354
2556813
2727271
2897729
3068188
3256938
3409083
3579542
3750000
3920458
4090917
4266771
4431813
4602271
4772729
4943188
5113646
5300417
5454542
5643063
5795458
5965917
6136354
6306813
6477271
6648292
6818188
6988646
7159083
7329542
7500000
7711854
7840917
8011354
8181813
8352271
8522729
8697250
8863646
9034083
9204542
9375000
9545458
9748365
9886354
10056813
10227271
10397729
10568188
10756442
10909083
191000
340917
511354
681813
852271
1022729
1234313
1363646
1534083
1704542
1875000
2045458
2252792
2386354
2556813
2727271
2897729
3068188
3270479
3409083
3579542
3750000
3920458
4090917
4267833
4431813
4602271
4772729
4943188
5113646
5312708
5454542
5665563
5795458
5965917
6136354
6306813
6477271
6692396
6818188
6988646
7159083
7329542
7500000
7703250
7840917
8011354
8181813
8352271
8522729
8730333
8863646
9034083
9204542
9375000
9545458
9732833
9886354
10056813
10227271
10397729
10568188
10738854
10909083
211854
340917
511354
681813
852271
1022729
1206271
1363646
1534083
1704542
1875000
2045458
2243396
2386354
2556813
2727271
2897729
3068188
3254958
3409083
3579542
3750000
3920458
4090917
4283021
4431813
4602271
4772729
4943188
5113646
5301375
5454542
5656167
5795458
5965917
6136354
6306813
6477271
6688208
6818188
6988646
7159083
7329542
7500000
7711688
7840917
8011354
8181813
8352271
8522729
8724792
8863646
9034083
9204542
9375000
9545458
9734125
9886354
10056813
10227271
10397729
10568188
10753271
10909083
202708
340917
511354
681813
852271
1022729
1218271
1363646
1534083
1704542
1875000
2045458
2234063
2386354
2556813
2727271
2897729
3068188
3276917
3409083
3579542
3750000
3920458
4090917
4294354
4431813
4602271
4772729
4943188
5113646
5320438
5454542
5664083
5795458
5965917
6136354
6306813
6477271
6664333
6818188
6988646
7159083
7329542
7500000
7698146
7840917
8011354
8181813
8352271
8522729
8724583
8863646
9034083
9204542
9375000
9545458
9746958
9886354
10056813
10227271
10397729
10568188
10745688
10909083
202396
340917
511354
681813
852271
1022729
1227813
1363646
1534083
1704542
1875000
2045458
2258604
2386354
2556813
2727271
2897729
3068188
3248354
3409083
3579542
3750000
3920458
4090917
4287458
4431813
4602271
4772729
4943188
5113646
5313688
5454542
5660417
5795458
5965917
6136354
6306813
6477271
6664125
6818188
6988646
7159083
7329542
7500000
7697646
7840917
8011354
8181813
8352271
8522729
8736292
8863646
9034083
9204542
9375000
9545458
9730625
9886354
10056813
10227271
10397729
10568188
10743313
10909083
185958
340917
511354
681813
852271
1022729
1206542
1363646
1534083
1704542
1875000
2045458
2242833
2386354
2556813
2727271
2897729
3068188
3264250
3409083
3579542
3750000
3920458
4090917
4281979
4431813
4602271
4772729
4943188
5113646
5292250
5454542
5648188
5795458
5965917
6136354
6306813
6477271
6654521
6818188
6988646
7159083
7329542
7500000
7697125
7840917
8011354
8181813
8352271
8522729
8717396
8863646
9034083
9204542
9375000
9545458
9739438
9886354
10056813
10227271
10397729
10568188
10773417
10909083
185417
340917
511354
681813
852271
1022729
1223521
1363646
1534083
1704542
1875000
2045458
2230229
2386354
2556813
2727271
2897729
3068188
3255833
3409083
3579542
3750000
3920458
4090917
4279042
4431813
4602271
4772729
4943188
5113646
5297813
5454542
5654333
5795458
5965917
6136354
6306813
6477271
6666792
6818188
6988646
7159083
7329542
7500000
7695354
7840917
8011354
8181813
8352271
8522729
8725500
8863646
9034083
9204542
9375000
9545458
9739750
9886354
10056813
10227271
10397729
10568188
10758708
10909083
183958
340917
511354
681813
852271
1022729
1204479
1363646
1534083
1704542
1875000
2045458
2232146
2386354
2556813
2727271
2897729
3068188
3254521
3409083
3579542
3750000
3920458
4090917
4272167
4431813
4602271
4772729
4943188
5113646
5291979
5454542
5655708
5795458
5965917
6136354
6306813
6477271
6669167
6818188
6988646
7159083
7329542
7500000
7696479
7840917
8011354
8181813
8352271
8522729
8713021
8863646
9034083
9204542
9375000
9545458
9725917
9886354
10056813
10227271
10397729
10568188
10747438
10909083
205458
340917
511354
681813
852271
1022729
1203625
1363646
1534083
1704542
1875000
2045458
2243438
2386354
2556813
2727271
2897729
3068188
3276250
3409083
3579542
3750000
3920458
4090917
4266646
4431813
4602271
4772729
4943188
5113646
5299271
5454542
5653333
5795458
5965917
6136354
6306813
6477271
6658000
6818188
6988646
7159083
7329542
7500000
7670708
7840917
8011354
8181813
8352271
8522729
8718729
8863646
9034083
9204542
9375000
9545458
9715583
9886354
10056813
10227271
10397729
10568188
10748313
10909083
183729
340917
511354
681813
852271
1022729
1225729
1363646
1534083
1704542
1875000
2045458
2238396
2386354
2556813
2727271
2897729
3068188
3259375
3409083
3579542
3750000
3920458
4090917
4282208
4431813
4602271
4772729
4943188
5113646
5302271
5454542
5641896
5795458
5965917
6136354
6306813
6477271
6665146
6818188
6988646
7159083
7329542
7500000
7700438
7840917
8011354
8181813
8352271
8522729
8727417
8863646
9034083
9204542
9375000
9545458
9736354
9886354
10056813
10227271
10397729
10568188
10754229
10909083
192563
340917
511354
681813
852271
1022729
1206146
1363646
1534083
1704542
1875000
2045458
2229500
2386354
2556813
2727271
2897729
3068188
3252688
3409083
3579542
3750000
3920458
4090917
4281938
4431813
4602271
4772729
4943188
5113646
5329542
5454542
5677146
5795458
5965917
6136354
6306813
6477271
6662563
6818188
6988646
7159083
7329542
7500000
7703563
7840917
8011354
8181813
8352271
8522729
8712604
8863646
9034083
9204542
9375000
9545458
9732021
9886354
10056813
10227271
10397729
10568188
10767250
10909083
199188
340917
511354
681813
852271
1022729
1204125
1363646
1534083
1704542
1875000
2045458
2210146
2386354
2556813
2727271
2897729
3068188
3261354
3409083
3579542
3750000
3920458
4090917
4270896
4431813
4602271
4772729
4943188
5113646
5292563
5454542
5654292
5795458
5965917
6136354
6306813
6477271
6657354
6818188
6988646
7159083
7329542
7500000
7682042
7840917
8011354
8181813
8352271
8522729
8717271
8863646
9034083
9204542
9375000
9545458
9725896
9886354
10056813
10227271
10397729
10568188
10749917
10909083
207313
340917
511354
681813
852271
1022729
1220896
1363646
1534083
1704542
1875000
2045458
2259417
2386354
2556813
2727271
2897729
3068188
3279896
3409083
3579542
3750000
3920458
4090917
4274083
4431813
4602271
4772729
4943188
5113646
5303104
5454542
5640771
5795458
5965917
6136354
6306813
6477271
6688646
6818188
6988646
7159083
7329542
7500000
7688583
7840917
8011354
8181813
8352271
8522729
8723833
8863646
9034083
9204542
9375000
9545458
9742771
9886354
10056813
10227271
10397729
10568188
10759875
10909083
204146
340917
511354
681813
852271
1022729
1223167
1363646
1534083
1704542
1875000
2045458
2262792
2386354
2556813
2727271
2897729
3068188
3287146
3409083
3579542
3750000
3920458
4090917
4304667
4431813
4602271
4772729
4943188
5113646
5302354
5454542
5654083
5795458
5965917
6136354
6306813
6477271
6678542
6818188
6988646
7159083
7329542
7500000
7696458
7840917
8011354
8181813
8352271
8522729
8713042
8863646
9034083
9204542
9375000
9545458
9736229
9886354
10056813
10227271
10397729
10568188
10761229
10909083
191021
340917
511354
681813
852271
1022729
1232875
1363646
1534083
1704542
1875000
2045458
2246208
2386354
2556813
2727271
2897729
3068188
3270188
3409083
3579542
3750000
3920458
4090917
4269104
4431813
4602271
4772729
4943188
5113646
5293063
5454542
5641000
5795458
5965917
6136354
6306813
6477271
6683729
6818188
6988646
7159083
7329542
7500000
7705625
7840917
8011354
8181813
8352271
8522729
8730833
8863646
9034083
9204542
9375000
9545458
9730271
9886354
10056813
10227271
10397729
10568188
10763271
10909083
184625
340917
511354
681813
852271
1022729
1223125
1363646
1534083
1704542
1875000
2045458
2229104
2386354
2556813
2727271
2897729
3068188
3252479
3409083
3579542
3750000
3920458
4090917
4259292
4431813
4602271
4772729
4943188
5113646
5288125
5454542
5629375
5795458
5965917
6136354
6306813
6477271
6666125
6818188
6988646
7159083
7329542
7500000
7679833
7840917
8011354
8181813
8352271
8522729
8711396
8863646
9034083
9204542
9375000
9545458
9722438
9886354
10056813
10227271
10397729
10568188
10740104
10909083
4772
0
0
0
0
0
256
0
0
0
0
0
1
0
0
0
0
0
1703
0
0
0
0
0
3978
0
0
0
0
0
2010
0
1608
0
0
0
0
0
940
0
0
0
0
0
650
0
0
0
0
0
4860
0
0
0
0
0
10000
0
0
0
0
0
1592
0
6203
0
0
0
0
0
2685
0
0
0
0
0
10000
0
0
0
0
0
5974
0
0
0
0
0
9527
0
0
0
0
0
1
0
6614
0
0
0
0
0
8516
0
0
0
0
0
2608
0
0
0
0
0
4300
0
0
0
0
0
1841
0
0
0
0
0
335
0
3007
0
0
0
0
0
8141
0
0
0
0
0
3899
0
0
0
0
0
8493
0
0
0
0
0
5118
0
0
0
0
0
9270
0
10000
0
0
0
0
0
7150
0
0
0
0
0
2134
0
0
0
0
0
5874
0
0
0
0
0
2430
0
0
0
0
0
1
0
3170
0
0
0
0
0
723
0
0
0
0
0
150
0
0
0
0
0
4818
0
0
0
0
0
4796
0
0
0
0
0
753
0
7309
0
0
0
0
0
10000
0
0
0
0
0
4459
0
0
0
0
0
6621
0
0
0
0
0
2379
0
0
0
0
0
1
0
4801
0
0
0
0
0
10000
0
0
0
0
0
6264
0
0
0
0
0
2412
0
0
0
0
0
6689
0
0
0
0
0
4106
0
2182
0
0
0
0
0
3984
0
0
0
0
0
3132
0
0
0
0
0
835
0
0
0
0
0
2203
0
0
0
0
0
1
0
7832
0
0
0
0
0
9601
0
0
0
0
0
6883
0
0
0
0
0
9653
0
0
0
0
0
10000
0
0
0
0
0
1
0
1406
0
0
0
0
0
7872
0
0
0
0
0
1978
0
0
0
0
0
2704
0
0
0
0
0
6922
0
0
0
0
0
537
0
8438
0
0
0
0
0
1352
0
0
0
0
0
3726
0
0
0
0
0
7364
0
0
0
0
0
7907
0
0
0
0
0
6894
0
7301
0
0
0
0
0
10000
0
0
0
0
0
5912
0
0
0
0
0
7741
0
0
0
0
0
1
0
0
0
0
0
2473
0
6529
0
0
0
0
0
1
0
0
0
0
0
5914
0
0
0
0
0
5201
0
0
0
0
0
7171
0
0
0
0
0
6587
0
3636
0
0
0
0
0
10000
0
0
0
0
0
7065
0
0
0
0
0
1352
0
0
0
0
0
5217
0
0
0
0
0
3814
0
4335
0
0
0
0
0
9087
0
0
0
0
0
6934
0
0
0
0
0
6493
0
0
0
0
0
8786
0
0
0
0
0
1
0
8873
0
0
0
0
0
9764
0
0
0
0
0
10000
0
0
0
0
0
9596
0
0
0
0
0
9861
0
0
0
0
0
9207
0
4507
0
0
0
0
0
8302
0
0
0
0
0
6342
0
0
0
0
0
10000
0
0
0
0
0
5808
0
0
0
0
0
8399
0
9070
0
0
0
0
0
768
0
0
0
0
0
7827
0
0
0
0
0
1
0
0
0
0
0
5727
0
0
0
0
0
7204
0
9486
0
0
0
0
0
10000
0
0
0
0
0
2710
0
0
0
0
0
7249
0
0
0
0
0
3507
0
0
0
0
0
3965
0
5240
0
0
0
0
0
8011
0
0
0
0
0
1455
0
0
0
0
0
7654
0
0
0
0
0
1
0
0
0
0
0
5997
0
6144
0
0
0
0
0
10000
0
0
0
0
0
9036
0
0
0
0
0
1579
0
0
0
0
0
3199
0
0
0
0
0
1
0
3566
0
0
0
0
0
4061
0
0
0
0
0
2954
0
0
0
0
0
3040
0
0
0
0
0
3328
0
0
0
0
0
603
0
8061
0
0
0
0
0
7546
0
0
0
0
0
8654
0
0
0
0
0
7964
0
0
0
0
0
6496
0
0
0
0
0
1974
0
1
0
0
0
0
0
7453
0
0
0
0
0
4312
0
0
0
0
0
10000
0
0
0
0
0
7052
0
0
0
0
0
6293
0
5733
0
0
0
0
0
5435
0
0
0
0
0
6162
0
0
0
0
0
4625
0
0
0
0
0
7971
0
0
0
0
0
1
0
8996
0
0
0
0
0
8151
0
0
0
0
0
8041
0
0
0
0
0
5501
0
0
0
0
0
10000
0
0
0
0
0
2251
0
9354
0
0
0
0
0
1
0
0
0
0
0
7252
0
0
0
0
0
6291
0
0
0
0
0
8693
0
0
0
0
0
4811
0
6443
0
0
0
0
0
8174
0
0
0
0
0
8010
0
0
0
0
0
10000
0
0
0
0
0
9375
0
0
0
0
0
4448
0
3709
0
0
0
0
0
8402
0
0
0
0
0
4146
0
0
0
0
0
4089
0
0
0
0
0
3997
0
0
0
0
0
1
0
8963
0
0
0
0
0
8636
0
0
0
0
0
9299
0
0
0
0
0
10000
0
0
0
0
0
1574
0
0
0
0
0
1679
0
3048
0
0
0
0
0
7890
0
0
0
0
0
4271
0
0
0
0
0
1
0
0
0
0
0
10000
0
0
0
0
0
2608
0
6588
0
0
0
0
0
3869
0
0
0
0
0
7688
0
0
0
0
0
9924
0
0
0
0
0
8878
0
0
0
0
0
113
0
5137
0
0
0
0
0
1
0
0
0
0
0
1733
0
0
0
0
0
1925
0
0
0
0
0
5909
0
0
0
0
0
1769
0
2299
0
0
0
0
0
10000
0
0
0
0
0
3108
0
0
0
0
0
5541
0
0
0
0
0
7769
0
0
0
0
0
2760
0
2337
0
0
0
0
0
203
0
0
0
0
0
34
0
0
0
0
0
266
0
0
0
0
0
1
0
0
0
0
0
4899
0
968
0
0
0
0
0
3587
0
0
0
0
0
1511
0
0
0
0
0
10000
0
0
0
0
0
5065
0
0
0
0
0
8571
0
10000
0
0
0
0
0
4210
0
0
0
0
0
6677
0
0
0
0
0
7319
0
0
0
0
0
5438
0
0
0
0
0
1904
0
6441
0
0
0
0
0
4855
0
0
0
0
0
3476
0
0
0
0
0
4091
0
0
0
0
0
9
0
0
0
0
0
1
0
1
0
0
0
0
0
2483
0
0
0
0
0
4169
0
0
0
0
0
3646
0
0
0
0
0
6839
0
0
0
0
0
877
0
10000
0
0
0
0
0
6049
0
0
0
0
0
5294
0
0
0
0
0
5999
0
0
0
0
0
5284
0
0
0
0
0
582
0
10000
0
0
0
0
0
4380
0
0
0
0
0
1534
0
0
0
0
0
4621
0
0
0
0
0
6265
0
0
0
0
0
1
0
9890
0
0
0
0
0
5436
0
0
0
0
0
5719
0
0
0
0
0
5186
0
0
0
0
0
6005
0
0
0
0
0
4158
0
3144
0
0
0
0
0
1
0
0
0
0
0
1635
0
0
0
0
0
4160
0
0
0
0
0
3384
0
0
0
0
0
8169
0
7548
0
0
0
0
0
2169
0
0
0
0
0
2222
0
0
0
0
0
10000
0
0
0
0
0
4411
0
0
0
0
0
296
0
6871
0
0
0
0
0
1272
0
0
0
0
0
2758
0
0
0
0
0
3008
0
0
0
0
0
1516
0
0
0
0
0
2794
0
10000
0
0
0
0
0
1493
0
0
0
0
0
4440
0
0
0
0
0
6237
0
0
0
0
0
2963
0
0
0
0
0
1
0
2829
0
0
0
0
0
8594
0
0
0
0
0
5311
0
0
0
0
0
3004
0
0
0
0
0
6813
0
0
0
0
0
1341
0
10000
0
0
0
0
0
6274
0
0
0
0
0
9098
0
0
0
0
0
8678
0
0
0
0
0
4457
0
0
0
0
0
1
0
6876
0
0
0
0
0
10000
0
0
0
0
0
2531
0
0
0
0
0
8623
0
0
0
0
0
1
0
0
0
0
0
4250
0
2859
0
0
0
0
0
2513
0
0
0
0
0
795
0
0
0
0
0
1039
0
0
0
0
0
8783
0
0
0
0
0
2044
0
2418
0
0
0
0
0
1299
0
0
0
0
0
2084
0
0
0
0
0
4262
0
0
0
0
0
3464
0
0
0
0
0
1
0
7367
0
0
0
0
0
3156
0
0
0
0
0
2409
0
0
0
0
0
10000
0
0
0
0
0
5437
0
0
0
0
0
220
0
5179
0
0
0
0
0
6393
0
0
0
0
0
10000
0
0
0
0
0
8671
0
0
0
0
0
8334
0
0
0
0
0
3484
0
1
0
0
0
0
0
2713
0
0
0
0
0
7436
0
0
0
0
0
6009
0
0
0
0
0
5290
0
0
0
0
0
5748
0
10000
0
0
0
0
0
2748
0
0
0
0
0
2608
0
0
0
0
0
1264
0
0
0
0
0
1306
0
0
0
0
0
619
0
711
0
0
0
0
0
989
0
0
0
0
0
2205
0
0
0
0
0
533
0
0
0
0
0
1
0
0
0
0
0
563
0
1486
0
0
0
0
0
2446
0
0
0
0
0
10000
0
0
0
0
0
1669
0
0
0
0
0
2397
0
0
0
0
0
4778
0
3655
0
0
0
0
0
7824
0
0
0
0
0
1
0
0
0
0
0
2985
0
0
0
0
0
4058
0
0
0
0
0
6423
0
1
0
0
0
0
0
6765
0
0
0
0
0
2293
0
0
0
0
0
6449
0
0
0
0
0
3815
0
0
0
0
0
5176
0
4607
0
0
0
0
0
1661
0
0
0
0
0
4180
0
0
0
0
0
5967
0
0
0
0
0
10000
0
0
0
0
0
4953
0
4982
0
0
0
0
0
6235
0
0
0
0
0
4674
0
0
0
0
0
5609
0
0
0
0
0
10000
0
0
0
0
0
2573
0
8242
0
0
0
0
0
3448
0
0
0
0
0
5529
0
0
0
0
0
4447
0
0
0
0
0
6229
0
0
0
0
0
1
0
2458
0
0
0
0
0
7140
0
0
0
0
0
6584
0
0
0
0
0
7172
0
0
0
0
0
3598
0
0
0
0
0
955
0
2137
0
0
0
0
0
1
0
0
0
0
0
6310
0
0
0
0
0
10000
0
0
0
0
0
5571
0
0
0
0
0
5720
0
1
0
0
0
0
0
4872
0
0
0
0
0
10000
0
0
0
0
0
7397
0
0
0
0
0
4260
0
0
0
0
0
7251
0
7776
0
0
0
0
0
8482
0
0
0
0
0
9614
0
0
0
0
0
9548
0
0
0
0
0
5010
0
0
0
0
0
6147
0
10000
0
0
0
0
0
3468
0
0
0
0
0
6085
0
0
0
0
0
4149
0
0
0
0
0
7277
0
0
0
0
0
6364
0
7345
0
0
0
0
0
6104
0
0
0
0
0
5236
0
0
0
0
0
2985
0
0
0
0
0
6271
0
0
0
0
0
1
0
4897
0
0
0
0
0
6952
0
0
0
0
0
5655
0
0
0
0
0
8255
0
0
0
0
0
2632
0
0
0
0
0
7118
0
5999
0
0
0
0
0
8373
0
0
0
0
0
9457
0
0
0
0
0
8617
0
0
0
0
0
10000
0
0
0
0
0
1
0
9206
0
0
0
0
0
4324
0
0
0
0
0
3796
0
0
0
0
0
5455
0
0
0
0
0
6651
0
0
0
0
0
1
0
5218
0
0
0
0
0
4655
0
0
0
0
0
10000
0
0
0
0
0
4594
0
0
0
0
0
4649
0
0
0
0
0
8938
0
7167
0
0
0
0
0
7716
0
0
0
0
0
7834
0
0
0
0
0
4745
0
0
0
0
0
9372
0
0
0
0
0
702
0
9367
0
0
0
0
0
3366
0
0
0
0
0
8186
0
0
0
0
0
7947
0
0
0
0
0
10000
0
0
0
0
0
1
0
2596
0
0
0
0
0
3139
0
0
0
0
0
5400
0
0
0
0
0
10000
0
0
0
0
0
6913
0
0
0
0
0
2268
0
7311
0
0
0
0
0
5375
0
0
0
0
0
6343
0
0
0
0
0
5188
0
0
0
0
0
5008
0
0
0
0
0
1
0
1
0
0
0
0
0
9959
0
0
0
0
0
3598
0
0
0
0
0
3901
0
0
0
0
0
8610
0
0
0
0
0
1866
0
2250
0
0
0
0
0
2427
0
0
0
0
0
4424
0
0
0
0
0
10000
0
0
0
0
0
2704
0
0
0
0
0
6405
0
20
20
20
20
20
20
20
20
20
20
20
20
20
20
20
20
20
20
20
20
20
20
20
20
20
20
20
20
20
20
20
20
20
20
20
20
20
20
20
20
20
20
20
20
20
20
20
20
20
20
20
20
20
20
20
20
20
20
20
20
20
20
20
20
46
46
46
46
46
46
46
46
46
46
46
46
46
46
46
46
46
46
46
46
46
46
46
46
46
46
46
46
46
46
46
46
46
46
46
46
46
46
46
46
46
46
46
46
46
46
46
46
46
46
46
46
46
46
46
46
46
46
46
46
46
46
46
46
46
46
46
46
46
46
46
46
46
46
46
46
46
46
46
46
46
46
46
46
46
46
46
46
46
46
46
46
46
46
46
46
46
46
46
46
46
46
46
46
46
46
46
46
46
46
46
46
46
46
46
46
46
46
46
46
46
46
46
46
46
46
46
46
46
46
46
46
46
46
46
46
46
46
46
46
46
46
46
46
46
46
46
46
46
46
46
46
46
46
46
46
46
46
46
46
46
46
46
46
46
46
46
46
46
46
46
46
46
46
46
46
46
46
46
46
46
46
46
46
46
46
46
46
46
46
46
46
46
46
46
46
46
46
46
46
46
46
46
46
46
46
46
46
46
46
46
46
46
46
46
46
46
46
46
46
46
46
46
46
46
46
46
46
46
46
46
46
46
46
46
46
46
46
46
46
46
46
46
46
46
46
46
46
46
46
46
46
46
46
46
46
46
46
46
46
46
46
46
46
46
46
46
46
46
46
46
46
46
46
46
46
46
46
46
46
46
46
46
46
46
46
46
46
20
20
20
20
20
20
20
20
20
20
20
20
20
20
20
20
20
20
20
20
20
20
20
20
20
20
20
20
20
20
20
20
20
20
20
20
20
20
20
20
20
20
20
20
20
20
20
20
20
20
20
20
20
20
20
20
20
20
20
20
20
20
20
20
46
46
46
46
46
46
46
46
46
46
46
46
46
46
46
46
46
46
46
46
46
46
46
46
46
46
46
46
46
46
46
46
46
46
46
46
46
46
46
46
46
46
46
46
46
46
46
46
46
46
46
46
46
46
46
46
46
46
46
46
46
46
46
46
46
46
46
46
46
46
46
46
46
46
46
46
46
46
46
46
46
46
46
46
46
46
46
46
46
46
46
46
46
46
46
46
46
46
46
46
46
46
46
46
46
46
46
46
46
46
46
46
46
46
46
46
46
46
46
46
46
46
46
46
46
46
46
46
46
46
46
46
46
46
46
46
46
46
46
46
46
46
46
46
46
46
46
46
46
46
46
46
46
46
46
46
46
46
46
46
46
46
46
46
46
46
46
46
46
46
46
46
46
46
46
46
46
46
46
46
46
46
46
46
46
46
46
46
46
46
46
46
46
46
46
46
46
46
46
46
46
46
46
46
46
46
46
46
46
46
46
46
46
46
46
46
46
46
46
46
46
46
46
46
46
46
46
46
46
46
46
46
46
46
46
46
46
46
46
46
46
46
46
46
46
46
46
46
46
46
46
46
46
46
46
46
46
46
46
46
46
46
46
46
46
46
46
46
46
46
46
46
46
46
46
46
46
46
46
46
46
46
46
46
46
46
46
46
20
20
20
20
20
20
20
20
20
20
20
20
20
20
20
20
20
20
20
20
20
20
20
20
20
20
20
20
20
20
20
20
20
20
20
20
20
20
20
20
20
20
20
20
20
20
20
20
20
20
20
20
20
20
20
20
20
20
20
20
20
20
20
20
46
46
46
46
46
46
46
46
46
46
46
46
46
46
46
46
46
46
46
46
46
46
46
46
46
46
46
46
46
46
46
46
46
46
46
46
46
46
46
46
46
46
46
46
46
46
46
46
46
46
46
46
46
46
46
46
46
46
46
46
46
46
46
46
46
46
46
46
46
46
46
46
46
46
46
46
46
46
46
46
46
46
46
46
46
46
46
46
46
46
46
46
46
46
46
46
46
46
46
46
46
46
46
46
46
46
46
46
46
46
46
46
46
46
46
46
46
46
46
46
46
46
46
46
46
46
46
46
46
46
46
46
46
46
46
46
46
46
46
46
46
46
46
46
46
46
46
46
46
46
46
46
46
46
46
46
46
46
46
46
46
46
46
46
46
46
46
46
46
46
46
46
46
46
46
46
46
46
46
46
46
46
46
46
46
46
46
46
46
46
46
46
46
46
46
46
46
46
46
46
46
46
46
46
46
46
46
46
46
46
46
46
46
46
46
46
46
46
46
46
46
46
46
46
27
27
27
27
27
27
27
27
27
27
27
27
27
27
27
27
27
27
27
27
27
27
27
27
27
27
27
27
27
27
27
27
27
27
27
27
27
27
27
27
27
27
27
27
27
27
27
27
27
27
27
27
27
27
27
27
27
27
27
27
27
27
27
27
20
20
20
20
20
20
20
20
20
20
20
20
20
20
20
20
20
20
20
20
20
20
20
20
20
20
20
20
20
20
20
20
20
20
20
20
20
20
20
20
20
20
20
20
20
20
20
20
20
20
20
20
20
20
20
20
20
20
20
20
20
20
20
20
46
46
46
46
46
46
46
46
46
46
46
46
46
46
46
46
46
46
46
46
46
46
46
46
46
46
46
46
46
46
46
46
46
46
46
46
46
46
46
46
46
46
46
46
46
46
46
46
46
46
46
46
46
46
46
46
46
46
46
46
46
46
46
46
46
46
46
46
46
46
46
46
46
46
46
46
46
46
46
46
46
46
46
46
46
46
46
46
46
46
46
46
46
46
46
46
46
46
46
46
46
46
46
46
46
46
46
46
46
46
46
46
46
46
46
46
46
46
46
46
46
46
46
46
46
46
46
46
46
46
46
46
46
46
46
46
46
46
46
46
46
46
46
46
46
46
46
46
46
46
46
46
46
46
46
46
46
46
46
46
46
46
46
46
46
46
46
46
46
46
46
46
46
46
46
46
46
46
46
46
46
46
46
46
46
46
46
46
46
46
46
46
46
46
46
46
46
46
46
46
46
46
46
46
46
46
46
46
46
46
46
46
46
46
46
46
46
46
46
46
46
46
46
46
46
46
46
46
46
46
46
46
46
46
46
46
46
46
46
46
46
46
46
46
46
46
46
46
46
46
46
46
46
46
46
46
46
46
46
46
46
46
46
46
46
46
46
46
46
46
46
46
46
46
46
46
46
46
46
46
46
46
46
46
46
46
46
46
20
20
20
20
20
20
20
20
20
20
20
20
20
20
20
20
20
20
20
20
20
20
20
20
20
20
20
20
20
20
20
20
46
46
46
46
46
46
46
46
46
46
46
46
46
46
46
46
46
46
46
46
46
46
46
46
46
46
46
46
46
46
46
46
46
46
46
46
46
46
46
46
46
46
46
46
46
46
46
46
46
46
46
46
46
46
46
46
46
46
46
46
46
46
46
46
46
46
46
46
46
46
46
46
46
46
46
46
46
46
46
46
46
46
46
46
46
46
46
46
46
46
46
46
46
46
46
46
46
46
46
46
46
46
46
46
46
46
46
46
46
46
46
46
46
46
46
46
46
46
46
46
46
46
46
46
46
46
46
46
46
46
46
46
46
46
46
46
46
46
46
46
46
46
46
46
46
46
46
46
46
46
46
46
46
46
46
46
46
46
46
46
46
46
46
46
46
46
46
46
46
46
46
46
46
46
46
46
46
46
46
46
46
46
46
46
46
46
46
46
46
46
46
46
46
46
46
46
46
46
46
46
46
46
46
46
46
46
46
46
46
46
46
46
46
46
46
46
46
46
46
46
46
46
46
46
46
46
46
46
46
46
46
46
46
46
46
46
46
46
46
46
46
46
46
46
46
46
46
46
46
46
46
46
46
46
46
46
27
27
27
27
27
27
27
27
27
27
27
27
27
27
27
27
27
27
27
27
27
27
27
27
27
27
27
27
27
27
27
27
27
27
27
27
27
27
27
27
27
27
27
27
27
27
27
27
27
27
27
27
27
27
27
27
27
27
27
27
27
27
27
27
20
20
20
20
20
20
20
20
20
20
20
20
20
20
20
20
20
20
20
20
20
20
20
20
20
20
20
20
20
20
20
20
46
46
46
46
46
46
46
46
46
46
46
46
46
46
46
46
46
46
46
46
46
46
46
46
46
46
46
46
46
46
46
46
46
46
46
46
46
46
46
46
46
46
46
46
46
46
46
46
46
46
46
46
46
46
46
46
46
46
46
46
46
46
46
46
46
46
46
46
46
46
46
46
46
46
46
46
46
46
46
46
46
46
46
46
46
46
46
46
46
46
46
46
46
46
46
46
46
46
46
46
46
46
46
46
46
46
46
46
46
46
46
46
46
46
46
46
46
46
46
46
46
46
46
46
46
46
46
46
46
46
46
46
46
46
46
46
46
46
46
46
46
46
46
46
46
46
46
46
46
46
46
46
46
46
46
46
46
46
46
46
46
46
46
46
46
46
46
46
46
46
46
46
46
46
46
46
46
46
46
46
46
46
46
46
46
46
46
46
46
46
46
46
46
46
46
46
46
46
46
46
46
46
46
46
46
46
46
46
46
46
46
46
46
46
46
46
46
46
46
46
46
46
46
46
46
46
46
46
46
46
46
46
46
46
46
46
46
46
46
46
46
46
46
46
46
46
46
46
46
46
46
46
46
46
46
46
46
46
46
46
46
46
46
46
46
46
46
46
46
46
46
46
46
46
46
46
46
46
46
46
46
46
46
46
46
46
46
46
20
20
20
20
20
20
20
20
20
20
20
20
20
20
20
20
20
20
20
20
20
20
20
20
20
20
20
20
20
20
20
20
20
20
20
20
20
20
20
20
20
20
20
20
20
20
20
20
20
20
20
20
20
20
20
20
20
20
20
20
20
20
20
20
46
46
46
46
46
46
46
46
46
46
46
46
46
46
46
46
46
46
46
46
46
46
46
46
46
46
46
46
46
46
46
46
46
46
46
46
46
46
46
46
46
46
46
46
46
46
46
46
46
46
46
46
46
46
46
46
46
46
46
46
46
46
46
46
46
46
46
46
46
46
46
46
46
46
46
46
46
46
46
46
46
46
46
46
46
46
46
46
46
46
46
46
46
46
46
46
46
46
46
46
46
46
46
46
46
46
46
46
46
46
46
46
46
46
46
46
46
46
46
46
46
46
46
46
46
46
46
46
46
46
46
46
46
46
46
46
46
46
46
46
46
46
46
46
46
46
46
46
46
46
46
46
46
46
46
46
46
46
46
46
46
46
46
46
46
46
46
46
46
46
46
46
46
46
46
46
46
46
46
46
46
46
46
46
46
46
46
46
46
46
46
46
46
46
46
46
46
46
46
46
46
46
46
46
46
46
46
46
46
46
46
46
46
46
46
46
46
46
46
46
46
46
46
46
46
46
46
46
46
46
46
46
46
46
46
46
46
46
46
46
46
46
46
46
46
46
46
46
46
46
46
46
46
46
46
46
27
27
27
27
27
27
27
27
27
27
27
27
27
27
27
27
27
27
27
27
27
27
27
27
27
27
27
27
27
27
27
27
20
20
20
20
20
20
20
20
20
20
20
20
20
20
20
20
20
20
20
20
20
20
20
20
20
20
20
20
20
20
20
20
20
20
20
20
20
20
20
20
20
20
20
20
20
20
20
20
20
20
20
20
20
20
20
20
20
20
20
20
20
20
20
20
46
46
46
46
46
46
46
46
46
46
46
46
46
46
46
46
46
46
46
46
46
46
46
46
46
46
46
46
46
46
46
46
46
46
46
46
46
46
46
46
46
46
46
46
46
46
46
46
46
46
46
46
46
46
46
46
46
46
46
46
46
46
46
46
46
46
46
46
46
46
46
46
46
46
46
46
46
46
46
46
46
46
46
46
46
46
46
46
46
46
46
46
46
46
46
46
46
46
46
46
46
46
46
46
46
46
46
46
46
46
46
46
46
46
46
46
46
46
46
46
46
46
46
46
46
46
46
46
46
46
46
46
46
46
46
46
46
46
46
46
46
46
46
46
46
46
46
46
46
46
46
46
46
46
46
46
46
46
46
46
46
46
46
46
46
46
46
46
46
46
46
46
46
46
46
46
46
46
46
46
46
46
46
46
46
46
46
46
46
46
46
46
46
46
46
46
46
46
46
46
46
46
46
46
46
46
46
46
46
46
46
46
46
46
46
46
46
46
46
46
46
46
46
46
46
46
46
46
46
46
46
46
46
46
46
46
46
46
46
46
46
46
46
46
46
46
46
46
46
46
46
46
46
46
46
46
46
46
46
46
46
46
46
46
46
46
46
46
46
46
46
46
46
46
46
46
46
46
46
46
46
46
46
46
46
46
46
46
20
20
20
20
20
20
20
20
20
20
20
20
20
20
20
20
20
20
20
20
20
20
20
20
20
20
20
20
20
20
20
20
46
46
46
46
46
46
46
46
46
46
46
46
46
46
46
46
46
46
46
46
46
46
46
46
46
46
46
46
46
46
46
46
46
46
46
46
46
46
46
46
46
46
46
46
46
46
46
46
46
46
46
46
46
46
46
46
46
46
46
46
46
46
46
46
46
46
46
46
46
46
46
46
46
46
46
46
46
46
46
46
46
46
46
46
46
46
46
46
46
46
46
46
46
46
46
46
46
46
46
46
46
46
46
46
46
46
46
46
46
46
46
46
46
46
46
46
46
46
46
46
46
46
46
46
46
46
46
46
46
46
46
46
46
46
46
46
46
46
46
46
46
46
46
46
46
46
46
46
46
46
46
46
46
46
46
46
46
46
46
46
46
46
46
46
46
46
46
46
46
46
46
46
46
46
46
46
46
46
46
46
46
46
46
46
46
46
46
46
46
46
46
46
46
46
46
46
46
46
46
46
46
46
46
46
46
46
46
46
46
46
46
46
46
46
46
46
46
46
46
46
46
46
46
46
46
46
46
46
46
46
46
46
46
46
46
46
46
46
46
46
46
46
46
46
46
46
46
46
46
46
46
46
46
46
46
46
27
27
27
27
27
27
27
27
27
27
27
27
27
27
27
27
27
27
27
27
27
27
27
27
27
27
27
27
27
27
27
27
27
27
27
27
27
27
27
27
27
27
27
27
27
27
27
27
27
27
27
27
27
27
27
27
27
27
27
27
27
27
27
27
20
20
20
20
20
20
20
20
20
20
20
20
20
20
20
20
20
20
20
20
20
20
20
20
20
20
20
20
20
20
20
20
20
20
20
20
20
20
20
20
20
20
20
20
20
20
20
20
20
20
20
20
20
20
20
20
20
20
20
20
20
20
20
20
46
46
46
46
46
46
46
46
46
46
46
46
46
46
46
46
46
46
46
46
46
46
46
46
46
46
46
46
46
46
46
46
46
46
46
46
46
46
46
46
46
46
46
46
46
46
46
46
46
46
46
46
46
46
46
46
46
46
46
46
46
46
46
46
46
46
46
46
46
46
46
46
46
46
46
46
46
46
46
46
46
46
46
46
46
46
46
46
46
46
46
46
46
46
46
46
46
46
46
46
46
46
46
46
46
46
46
46
46
46
46
46
46
46
46
46
46
46
46
46
46
46
46
46
46
46
46
46
46
46
46
46
46
46
46
46
46
46
46
46
46
46
46
46
46
46
46
46
46
46
46
46
46
46
46
46
46
46
46
46
46
46
46
46
46
46
46
46
46
46
46
46
46
46
46
46
46
46
46
46
46
46
46
46
46
46
46
46
46
46
46
46
46
46
46
46
46
46
46
46
46
46
46
46
46
46
46
46
46
46
46
46
46
46
46
46
46
46
46
46
46
46
46
46
46
46
46
46
46
46
46
46
46
46
46
46
46
46
46
46
46
46
46
46
46
46
46
46
46
46
46
46
46
46
46
46
20
20
20
20
20
20
20
20
20
20
20
20
20
20
20
20
20
20
20
20
20
20
20
20
20
20
20
20
20
20
20
20
20
20
20
20
20
20
20
20
20
20
20
20
20
20
20
20
20
20
20
20
20
20
20
20
20
20
20
20
20
20
20
20
20
20
20
20
20
20
20
20
20
20
20
20
20
20
20
20
20
20
20
20
20
20
20
20
20
20
20
20
20
20
20
20
46
46
46
46
46
46
46
46
46
46
46
46
46
46
46
46
46
46
46
46
46
46
46
46
46
46
46
46
46
46
46
46
46
46
46
46
46
46
46
46
46
46
46
46
46
46
46
46
46
46
46
46
46
46
46
46
46
46
46
46
46
46
46
46
46
46
46
46
46
46
46
46
46
46
46
46
46
46
46
46
46
46
46
46
46
46
46
46
46
46
46
46
46
46
46
46
46
46
46
46
46
46
46
46
46
46
46
46
46
46
46
46
46
46
46
46
46
46
46
46
46
46
46
46
46
46
46
46
46
46
46
46
46
46
46
46
46
46
46
46
46
46
46
46
46
46
46
46
46
46
46
46
46
46
46
46
46
46
46
46
46
46
46
46
46
46
46
46
46
46
46
46
46
46
46
46
46
46
46
46
46
46
46
46
46
46
46
46
46
46
46
46
46
46
46
46
46
46
46
46
46
46
46
46
46
46
46
46
46
46
46
46
46
46
46
46
46
46
46
46
46
46
46
46
27
27
27
27
27
27
27
27
27
27
27
27
27
27
27
27
27
27
27
27
27
27
27
27
27
27
27
27
27
27
27
27
27
27
27
27
27
27
27
27
27
27
27
27
27
27
27
27
27
27
27
27
27
27
27
27
27
27
27
27
27
27
27
27
0
0
0
0
0
0
0
0
0
0
0
0
0
0
0
0
0
0
0
0
0
0
0
0
0
0
0
0
0
0
0
0
0
0
0
0
0
0
0
0
0
0
0
0
0
0
0
0
0
0
0
0
0
0
0
0
0
0
0
0
0
0
0
0
0
0
0
0
0
0
0
0
0
0
0
0
0
0
0
0
0
0
0
0
0
0
0
0
0
0
0
0
0
0
0
0
0
0
0
0
0
0
0
0
0
0
0
0
0
0
0
0
0
0
0
0
0
0
0
0
0
0
0
0
0
0
0
0
0
0
0
0
0
0
0
0
0
0
0
0
0
0
0
0
0
0
0
0
0
0
0
0
0
0
0
0
0
0
0
0
0
0
0
0
0
0
0
0
0
0
0
0
0
0
0
0
0
0
0
0
0
0
0
0
0
0
0
0
0
0
0
0
0
0
0
0
0
0
0
0
0
0
0
0
0
0
0
0
0
0
0
0
0
0
0
0
0
0
0
0
0
0
0
0
0
0
0
0
0
0
0
0
0
0
0
0
0
0
0
0
0
0
0
0
0
0
0
0
0
0
0
0
0
0
0
0
3
0
0
0
0
0
3
0
0
0
0
0
3
0
0
0
0
0
3
0
0
0
0
0
3
0
0
0
0
0
3
0
0
0
0
0
0
0
0
0
0
0
0
0
0
0
0
0
0
0
0
0
0
0
0
0
0
0
0
0
0
0
0
0
0
0
0
0
0
0
0
0
0
0
0
0
0
0
0
0
0
0
0
0
0
0
0
0
0
0
0
0
0
0
0
0
0
0
0
0
0
0
0
0
0
0
0
0
0
0
0
0
0
0
0
0
0
0
0
0
0
0
0
0
0
0
0
0
0
0
0
0
0
0
0
0
0
0
0
0
0
0
0
0
0
0
0
0
0
0
0
0
0
0
0
0
0
0
0
0
0
0
0
0
0
0
0
0
0
0
0
0
0
0
0
0
0
0
0
0
0
0
0
0
0
0
0
0
0
0
0
0
0
0
0
0
0
0
0
0
0
0
0
0
0
0
0
0
0
0
0
0
0
0
0
0
0
0
0
0
0
0
0
0
0
0
0
0
0
0
0
0
0
0
0
0
0
0
0
0
0
0
0
0
0
0
0
0
0
0
0
0
0
0
0
0
0
0
0
0
0
0
0
0
0
0
0
0
0
0
0
0
0
0
0
0
0
0
0
0
0
0
0
0
0
0
0
0
0
0
0
0
0
0
0
0
0
0
0
0
0
0
0
0
0
0
0
0
0
0
0
0
0
0
0
0
0
0
0
0
0
0
0
0
0
0
0
0
0
0
0
0
0
0
0
0
0
0
0
0
0
0
0
0
0
0
0
0
0
0
0
0
0
0
0
0
0
0
0
0
0
0
0
0
0
0
0
0
0
0
0
0
0
0
0
0
0
0
0
0
0
0
0
0
0
0
0
0
0
0
0
0
0
0
0
0
0
0
0
0
0
0
0
0
0
0
0
0
0
0
0
0
0
0
0
0
0
0
0
0
0
0
0
0
0
0
0
0
0
0
0
0
0
0
0
0
0
0
0
0
0
0
0
0
0
0
0
0
0
0
0
0
0
0
0
0
0
0
0
0
0
0
0
0
0
0
0
0
0
0
0
0
0
0
0
0
0
0
0
0
0
0
0
0
0
0
0
0
0
0
0
0
0
0
0
0
0
0
0
0
0
0
0
0
0
0
0
0
0
0
0
0
0
0
0
0
0
0
0
0
0
0
0
0
0
0
0
0
0
0
0
0
0
0
0
0
0
0
0
0
0
0
0
0
0
0
0
0
0
0
0
0
0
0
0
0
0
0
0
0
0
0
0
0
0
0
0
0
0
0
0
0
0
0
0
0
6
6
6
6
6
6
6
6
6
6
6
6
6
6
6
6
6
6
6
6
6
6
6
6
6
6
6
6
6
6
6
6
0
0
0
0
0
0
0
0
0
0
0
0
0
0
0
0
0
0
0
0
0
0
0
0
0
0
0
0
0
0
0
0
6
6
6
6
6
6
6
6
6
6
6
6
6
6
6
6
6
6
6
6
6
6
6
6
6
6
6
6
6
6
6
6
0
0
0
0
0
0
0
0
0
0
0
0
0
0
0
0
0
0
0
0
0
0
0
0
0
0
0
0
0
0
0
0
6
6
6
6
6
6
6
6
6
6
6
6
6
6
6
6
6
6
6
6
6
6
6
6
6
6
6
6
6
6
6
6
0
0
0
0
0
0
0
0
0
0
0
0
0
0
0
0
0
0
0
0
0
0
0
0
0
0
0
0
0
0
0
0
6
6
6
6
6
6
6
6
6
6
6
6
6
6
6
6
6
6
6
6
6
6
6
6
6
6
6
6
6
6
6
6
0
0
0
0
0
0
0
0
0
0
0
0
0
0
0
0
0
0
0
0
0
0
0
0
0
0
0
0
0
0
0
0
6
6
6
6
6
6
6
6
6
6
6
6
6
6
6
6
6
6
6
6
6
6
6
6
6
6
6
6
6
6
6
6
0
0
0
0
0
0
0
0
0
0
0
0
0
0
0
0
0
0
0
0
0
0
0
0
0
0
0
0
0
0
0
0
6
6
6
6
6
6
6
6
6
6
6
6
6
6
6
6
6
6
6
6
6
6
6
6
6
6
6
6
6
6
6
6
0
0
0
0
0
0
0
0
0
0
0
0
0
0
0
0
0
0
0
0
0
0
0
0
0
0
0
0
0
0
0
0
0
0
0
0
0
0
0
0
0
0
0
0
0
0
0
0
0
0
0
0
0
0
0
0
0
0
0
0
0
0
0
0
11
0
0
0
0
0
11
0
0
0
0
0
11
0
0
0
0
0
11
0
0
0
0
0
11
0
0
0
0
0
11
0
6
6
6
6
6
6
6
6
6
6
6
6
6
6
6
6
6
6
6
6
6
6
6
6
6
6
6
6
6
6
6
6
0
0
0
0
0
0
0
0
0
0
0
0
0
0
0
0
0
0
0
0
0
0
0
0
0
0
0
0
0
0
0
0
6
6
6
6
6
6
6
6
6
6
6
6
6
6
6
6
6
6
6
6
6
6
6
6
6
6
6
6
6
6
6
6
0
0
0
0
0
0
0
0
0
0
0
0
0
0
0
0
0
0
0
0
0
0
0
0
0
0
0
0
0
0
0
0
6
6
6
6
6
6
6
6
6
6
6
6
6
6
6
6
6
6
6
6
6
6
6
6
6
6
6
6
6
6
6
6
0
0
0
0
0
0
0
0
0
0
0
0
0
0
0
0
0
0
0
0
0
0
0
0
0
0
0
0
0
0
0
0
6
6
6
6
6
6
6
6
6
6
6
6
6
6
6
6
6
6
6
6
6
6
6
6
6
6
6
6
6
6
6
6
0
0
0
0
0
0
0
0
0
0
0
0
0
0
0
0
0
0
0
0
0
0
0
0
0
0
0
0
0
0
0
0
6
6
6
6
6
6
6
6
6
6
6
6
6
6
6
6
6
6
6
6
6
6
6
6
6
6
6
6
6
6
6
6
0
0
0
0
0
0
0
0
0
0
0
0
0
0
0
0
0
0
0
0
0
0
0
0
0
0
0
0
0
0
0
0
6
6
6
6
6
6
6
6
6
6
6
6
6
6
6
6
6
6
6
6
6
6
6
6
6
6
6
6
6
6
6
6
0
0
0
0
0
0
0
0
0
0
0
0
0
0
0
0
0
0
0
0
0
0
0
0
0
0
0
0
0
0
0
0
0
0
0
0
0
0
0
0
0
0
0
0
0
0
0
0
0
0
0
0
0
0
0
0
0
0
0
0
0
0
0
0
21
0
0
0
0
0
21
0
0
0
0
0
21
0
0
0
0
0
21
0
0
0
0
0
21
0
0
0
0
0
21
0
0
0
0
0
0
0
0
0
0
0
0
0
0
0
0
0
0
0
0
0
0
0
0
0
0
0
0
0
0
0
0
0
