%pattern_data
4
4
4
0
1
32
-31
0
52
88
0
1
1
0
0
0
10
0
5
0
0
0
0
0
0
0
0
87
-1
-1
0
0
0
0
-180
0
102
122
-20
0
0
0
1
1
0
0
0
0
0
0
0
0
0
5
0
131
0
0
0
0
1
0
1
0
106
106
1
0
1
0
1
0
106
106
1
0
1
0
1
0
106
106
1
0
1
0
1
0
106
106
1
0
1
0
1
0
106
106
1
0
1
0
1
0
106
106
1
0
1
0
1
0
106
106
1
0
1
0
1
0
106
106
1
0
-46
-46
-46
-46
-100
120
-46
-46
-46
-46
-46
-46
-100
120
-46
-46
-46
-46
-46
-46
-100
120
-46
-46
-46
-46
-46
-46
-100
120
-46
-46
299813
576917
891438
1153854
1435242
1730771
4346396
2307688
2612396
2884625
3178375
3461542
3756082
4038458
4346396
4615375
4913313
5192313
5494500
5769229
6030039
6346146
6651771
6923083
7226021
7500000
7798354
8076917
8344726
8653854
8968438
9230771
4913313
5192313
5494500
5769229
6030039
6346146
6651771
6923083
7226021
7500000
7798354
8076917
8344726
8653854
8968438
9230771
299813
576917
891438
1153854
1435242
1730771
4346396
2307688
2612396
2884625
3178375
3461542
3756082
4038458
4346396
4615375
324979
576917
895188
1153854
1411332
1730771
2045458
2307688
2617063
2884625
3194417
3461542
3719019
4038458
4349125
4615375
4937958
5192313
5506667
5769229
6014080
6346146
6634521
6923083
7223042
7500000
7821583
8076917
8348539
8653854
8954313
9230771
4937958
5192313
5506667
5769229
6014080
6346146
6634521
6923083
7223042
7500000
7821583
8076917
8348539
8653854
8954313
9230771
324979
576917
895188
1153854
1411332
1730771
2045458
2307688
2617063
2884625
3194417
3461542
3719019
4038458
4349125
4615375
283813
576917
864333
1153854
1417887
1730771
2033807
2307688
2640458
2884625
3189771
3461542
3720123
4038458
4353250
4615375
4907141
5192313
5498250
5769229
6055515
6346146
6647999
6923083
7251792
7500000
7821833
8076917
8362222
8653854
8961271
9230771
4907141
5192313
5498250
5769229
6055515
6346146
6647999
6923083
7251792
7500000
7821833
8076917
8362222
8653854
8961271
9230771
283813
576917
864333
1153854
1417887
1730771
2033807
2307688
2640458
2884625
3189771
3461542
3720123
4038458
4353250
4615375
312458
576917
868208
1153854
1445368
1730771
2058375
2307688
2606375
2884625
3189188
3461542
3748800
4038458
4329661
4615375
4897896
5192313
5492813
5769229
6069200
6346146
6652542
6923083
7219188
7500000
5492813
8076917
8388395
8653854
8937604
9230771
4897896
5192313
5492813
5769229
6069200
6346146
6652542
6923083
7219188
7500000
5492813
8076917
8388395
8653854
8937604
9230771
312458
576917
868208
1153854
1445368
1730771
2058375
2307688
2606375
2884625
3189188
3461542
3748800
4038458
4329661
4615375
298104
576917
876396
1153854
1483056
1730771
2021042
2307688
2627125
2884625
3195104
3461542
3788044
4038458
4353208
4615375
4901604
5192313
5499688
5769229
6096836
6346146
6636479
6923083
7220958
7500000
7811750
8076917
8394879
8653854
8944104
9230771
4901604
5192313
5499688
5769229
6096836
6346146
6636479
6923083
7220958
7500000
7811750
8076917
8394879
8653854
8944104
9230771
298104
576917
876396
1153854
1483056
1730771
2021042
2307688
2627125
2884625
3195104
3461542
3788044
4038458
4353208
4615375
313375
576917
898354
1153854
1474794
1730771
2053521
2307688
2621958
2884625
3197875
3461542
3801278
4038458
4367479
4615375
4934583
5192313
5492833
5769229
3798058
6346146
6625167
6923083
7225375
7500000
7811042
8076917
8410175
8653854
8977417
9230771
4934583
5192313
5492833
5769229
3798058
6346146
6625167
6923083
7225375
7500000
7811042
8076917
8410175
8653854
8977417
9230771
313375
576917
898354
1153854
1474794
1730771
2053521
2307688
2621958
2884625
3197875
3461542
3801278
4038458
4367479
4615375
306042
576917
888750
1153854
1460057
1730771
2025688
2307688
2606146
2884625
3199896
3461542
3768864
4038458
4341583
4615375
4900563
5192313
5505604
5769229
6106894
6346146
6661521
6923083
7218792
7500000
7807792
8076917
8366032
8653854
8960729
9230771
4900563
5192313
5505604
5769229
6106894
6346146
6661521
6923083
7218792
7500000
7807792
8076917
8366032
8653854
8960729
9230771
306042
576917
888750
1153854
1460057
1730771
2025688
2307688
2606146
2884625
3199896
3461542
3768864
4038458
4341583
4615375
323521
576917
869333
1153854
1436507
1730771
2040083
2307688
2616333
2884625
3184604
3461542
3735002
4038458
4355375
4615375
4932625
5192313
5485063
5769229
6034120
6346146
6654604
6923083
7236771
7500000
7824646
8076917
8410881
8653854
8966167
9230771
4932625
5192313
5485063
5769229
6034120
6346146
6654604
6923083
7236771
7500000
7824646
8076917
8410881
8653854
8966167
9230771
323521
576917
869333
1153854
1436507
1730771
2040083
2307688
2616333
2884625
3184604
3461542
3735002
4038458
4355375
4615375
305521
576917
894271
1153854
1447877
1730771
2042479
2307688
2629750
2884625
3194438
3461542
3737357
4038458
4346646
4615375
4917167
5192313
5503688
5769229
6048304
6346146
6659458
6923083
7233854
7500000
7807271
8076917
8367051
8653854
8947563
9230771
4917167
5192313
5503688
5769229
6048304
6346146
6659458
6923083
7233854
7500000
7807271
8076917
8367051
8653854
8947563
9230771
305521
576917
894271
1153854
1447877
1730771
2042479
2307688
2629750
2884625
3194438
3461542
3737357
4038458
4346646
4615375
322979
576917
891375
1153854
1437602
1730771
2035375
2307688
2625729
2884625
3199125
3461542
3713505
4038458
4334417
4615375
4931354
5192313
5500500
5769229
6062202
6346146
6652750
6923083
7238208
7500000
7820833
8076917
8371741
8653854
8960354
9230771
4931354
5192313
5500500
5769229
6062202
6346146
6652750
6923083
7238208
7500000
7820833
8076917
8371741
8653854
8960354
9230771
322979
576917
891375
1153854
1437602
1730771
2035375
2307688
2625729
2884625
3199125
3461542
3713505
4038458
4334417
4615375
260083
576917
875854
1153854
8375469
1730771
2038458
2307688
2626146
2884625
3209750
3461542
3774736
4038458
4347667
4615375
4935479
5192313
5501771
5769229
6072205
6346146
6638250
6923083
7220313
7500000
7802042
8076917
8362046
8653854
8948521
9230771
4935479
5192313
5501771
5769229
6072205
6346146
6638250
6923083
7220313
7500000
7802042
8076917
8362046
8653854
8948521
9230771
260083
576917
875854
1153854
8375469
1730771
2038458
2307688
2626146
2884625
3209750
3461542
3774736
4038458
4347667
4615375
286771
576917
876167
1153854
1425451
1730771
2018854
2307688
2592938
2884625
3175604
3461542
3768969
3959638
4303854
4615375
4888104
5192313
5493938
5769229
6071734
6279506
6636729
6923083
7219750
7500000
7803625
8076917
8357161
8609614
8955208
9230771
4888104
5192313
5493938
5769229
6071734
6279506
6636729
6923083
7219750
7500000
7803625
8076917
8357161
8609614
8955208
9230771
286771
576917
876167
1153854
1425451
1730771
2018854
2307688
2592938
2884625
3175604
3461542
3768969
3959638
4303854
4615375
311604
576917
883688
1153854
1449807
1671551
2034104
2307688
2604667
2884625
3171229
3461542
6059164
3963278
4332313
4615375
4918938
5192313
5499583
5769229
6061824
6271526
6641958
6923083
7235833
7500000
7817583
8076917
8391374
8598974
8949188
9230771
4918938
5192313
5499583
5769229
6061824
6271526
6641958
6923083
7235833
7500000
7817583
8076917
8391374
8598974
8949188
9230771
311604
576917
883688
1153854
1449807
1671551
2034104
2307688
2604667
2884625
3171229
3461542
6059164
3963278
4332313
4615375
301188
576917
894833
1153854
1447110
1680091
2038146
2307688
2631438
2884625
3196146
3461542
3746326
3982458
4335375
4615375
4916104
5192313
5488688
5769229
3747866
6264106
6620083
6923083
7224813
7500000
7811625
8076917
8355068
8619694
8976083
9230771
4916104
5192313
5488688
5769229
3747866
6264106
6620083
6923083
7224813
7500000
7811625
8076917
8355068
8619694
8976083
9230771
301188
576917
894833
1153854
1447110
1680091
2038146
2307688
2631438
2884625
3196146
3461542
3746326
3982458
4335375
4615375
312771
576917
904458
1153854
1435754
1647611
2019479
2307688
2611896
2884625
3180271
3461542
3742975
3952078
4312229
4615375
4907250
5192313
5497604
5769229
6072781
6278526
4312229
6923083
7239521
7500000
7809042
8076917
8384085
8608074
8960521
9230771
4907250
5192313
5497604
5769229
6072781
6278526
4312229
6923083
7239521
7500000
7809042
8076917
8384085
8608074
8960521
9230771
312771
576917
904458
1153854
1435754
1647611
2019479
2307688
2611896
2884625
3180271
3461542
3742975
3952078
4312229
4615375
301604
576917
883958
1153854
1482229
1657831
2038979
2307688
2606021
2884625
3178917
3461542
3753553
3962718
4316771
4615375
4904708
5192313
5492625
5769229
6097206
6283286
6651271
6923083
7228625
7500000
7811729
8076917
8370500
8598414
8949208
9230771
4904708
5192313
5492625
5769229
6097206
6283286
6651271
6923083
7228625
7500000
7811729
8076917
8370500
8598414
8949208
9230771
301604
576917
883958
1153854
1482229
1657831
2038979
2307688
2606021
2884625
3178917
3461542
3753553
3962718
4316771
4615375
292688
576917
867813
1153854
3766257
1664691
2037688
2307688
2606146
2884625
3195625
3461542
3765001
3955858
4336083
4615375
4915688
5192313
5493583
5769229
6090634
6277406
6656063
6923083
7231354
7500000
7816875
8076917
8429575
8579234
8967313
9230771
4915688
5192313
5493583
5769229
6090634
6277406
6656063
6923083
7231354
7500000
7816875
8076917
8429575
8579234
8967313
9230771
292688
576917
867813
1153854
3766257
1664691
2037688
2307688
2606146
2884625
3195625
3461542
3765001
3955858
4336083
4615375
0
0
0
0
0
0
0
0
0
0
0
0
0
0
0
0
0
0
0
0
0
0
0
0
0
0
0
0
0
0
0
0
0
0
0
0
0
0
0
0
0
0
0
0
0
0
0
0
0
0
0
0
0
0
0
0
0
0
0
0
0
0
0
0
0
0
0
0
0
0
0
0
0
0
0
0
0
0
0
0
0
0
0
0
0
0
0
0
0
0
0
0
0
0
0
0
0
0
0
0
0
0
0
0
0
0
0
0
0
0
0
0
0
0
0
0
0
0
0
0
0
0
0
0
0
0
0
0
0
0
0
0
0
0
0
0
0
0
0
0
0
0
0
0
0
0
0
0
0
0
0
0
0
0
0
0
0
0
0
0
0
0
0
0
0
0
0
0
0
0
0
0
0
0
0
0
0
0
0
0
0
0
0
0
0
0
0
0
0
0
0
0
176646
340917
531229
681813
849960
976389
1219458
1363646
1546771
1704542
1903646
2045458
2229756
2333014
2576125
2727271
2899208
3068188
3251042
3409083
3589971
3704220
3934167
4090917
4269354
4431813
4604917
4772729
4945522
5072066
5298250
5454542
2899208
3068188
3251042
3409083
3589971
3704220
3934167
4090917
4269354
4431813
4604917
4772729
4945522
5072066
5298250
5454542
176646
340917
531229
681813
849960
976389
1219458
1363646
1546771
1704542
1903646
2045458
2229756
2333014
2576125
2727271
189958
340917
523271
681813
841590
953429
1218521
1363646
1560896
1704542
1887021
2045458
2200352
2316494
2570750
2727271
2922875
3068188
3255396
3409083
3539867
3686020
3938708
4090917
4282854
4431813
4625104
4772729
4920554
5047006
5298229
5454542
2922875
3068188
3255396
3409083
3539867
3686020
3938708
4090917
4282854
4431813
4625104
4772729
4920554
5047006
5298229
5454542
189958
340917
523271
681813
841590
953429
1218521
1363646
1560896
1704542
1887021
2045458
2200352
2316494
2570750
2727271
187708
340917
543167
681813
873834
960849
1223083
1363646
1545688
1704542
1896021
2045458
2233241
2331474
2589292
2727271
2929083
3068188
3250625
3409083
3599962
3688680
3937167
4090917
4295625
4431813
4606458
4772729
4963608
5051346
5303146
5454542
2929083
3068188
3250625
3409083
3599962
3688680
3937167
4090917
4295625
4431813
4606458
4772729
4963608
5051346
5303146
5454542
187708
340917
543167
681813
873834
960849
1223083
1363646
1545688
1704542
1896021
2045458
2233241
2331474
2589292
2727271
191896
340917
526375
681813
857281
962529
1210479
1363646
1545042
1704542
1881438
2045458
2211973
2318174
1219173
2727271
2911563
3068188
3250313
3409083
3586575
3690360
5285708
4090917
4271313
4431813
4604646
4772729
4927132
5056666
5297783
5454542
2911563
3068188
3250313
3409083
3586575
3690360
5285708
4090917
4271313
4431813
4604646
4772729
4927132
5056666
5297783
5454542
191896
340917
526375
681813
857281
962529
1210479
1363646
1545042
1704542
1881438
2045458
2211973
2318174
1219173
2727271
202500
340917
548354
681813
810608
952869
1217979
1363646
1563521
1704542
1903542
2045458
2169510
2310614
2581854
2727271
2921896
3068188
3259604
3409083
3538976
3682800
3929542
4090917
4285583
4431813
4622375
4772729
4929913
5051346
5290313
5454542
2921896
3068188
3259604
3409083
3538976
3682800
3929542
4090917
4285583
4431813
4622375
4772729
4929913
5051346
5290313
5454542
202500
340917
548354
681813
810608
952869
1217979
1363646
1563521
1704542
1903542
2045458
2169510
2310614
2581854
2727271
186896
340917
544813
681813
864655
942229
1203854
1363646
1555208
1704542
1892250
2045458
2205738
2294654
2571667
2727271
2910125
3068188
3261625
3409083
3595346
3696240
3946813
4090917
4279896
4431813
4628917
4772729
4962479
5057226
5301063
5454542
2910125
3068188
3261625
3409083
3595346
3696240
3946813
4090917
4279896
4431813
4628917
4772729
4962479
5057226
5301063
5454542
186896
340917
544813
681813
864655
942229
1203854
1363646
1555208
1704542
1892250
2045458
2205738
2294654
2571667
2727271
208333
340917
538021
681813
866360
960849
1229833
1363646
1565604
1704542
1892021
2045458
2223851
2322374
2588833
2727271
2917813
3068188
3265125
3409083
3591059
3683360
3951000
4090917
4280729
4431813
4615000
4772729
4967233
5060866
5315958
5454542
2917813
3068188
3265125
3409083
3591059
3683360
3951000
4090917
4280729
4431813
4615000
4772729
4967233
5060866
5315958
5454542
208333
340917
538021
681813
866360
960849
1229833
1363646
1565604
1704542
1892021
2045458
2223851
2322374
2588833
2727271
188313
340917
531375
681813
876170
927809
1208708
1363646
1562000
1704542
1910854
2045458
2241381
2302214
2585458
2727271
2919938
3068188
3270604
3409083
3607338
3707300
3954604
4090917
4286333
4431813
4626229
4772729
4977184
5058206
5322146
5454542
2919938
3068188
3270604
3409083
3607338
3707300
3954604
4090917
4286333
4431813
4626229
4772729
4977184
5058206
5322146
5454542
188313
340917
531375
681813
876170
927809
1208708
1363646
1562000
1704542
1910854
2045458
2241381
2302214
2585458
2727271
200292
340917
537417
681813
837073
943909
1214667
1363646
1548833
1704542
1887625
2045458
2225006
2324474
2581833
2727271
2922938
3068188
3265104
3409083
3583010
3690360
3955000
4090917
4289438
4431813
4628896
4772729
4944228
5069406
5322563
5454542
2922938
3068188
3265104
3409083
3583010
3690360
3955000
4090917
4289438
4431813
4628896
4772729
4944228
5069406
5322563
5454542
200292
340917
537417
681813
837073
943909
1214667
1363646
1548833
1704542
1887625
2045458
2225006
2324474
2581833
2727271
209708
340917
545208
681813
824900
969389
1190979
1363646
1536521
1704542
1890438
2045458
2208800
2318174
2570083
2727271
2910167
3068188
3259833
3409083
3587029
3682380
3948563
4090917
4278042
4431813
4634063
4772729
4977638
5046026
5314583
5454542
2910167
3068188
3259833
3409083
3587029
3682380
3948563
4090917
4278042
4431813
4634063
4772729
4977638
5046026
5314583
5454542
209708
340917
545208
681813
824900
969389
1190979
1363646
1536521
1704542
1890438
2045458
2208800
2318174
2570083
2727271
189813
340917
542833
681813
842247
975829
1212750
1363646
1562167
1704542
1907396
2045458
2197645
2333574
2576417
2727271
2932438
3068188
1907396
3409083
3557674
3692460
3946646
4090917
4290188
4431813
4634104
4772729
4961684
5064086
5332667
5454542
2932438
3068188
1907396
3409083
3557674
3692460
3946646
4090917
4290188
4431813
4634104
4772729
4961684
5064086
5332667
5454542
189813
340917
542833
681813
842247
975829
1212750
1363646
1562167
1704542
1907396
2045458
2197645
2333574
2576417
2727271
193938
340917
539250
681813
860364
974709
1214146
1363646
1546646
1704542
1902229
2045458
2197100
2348974
2590833
2727271
2924125
3068188
3259021
3409083
3612489
3710520
3948042
4090917
4285375
4431813
4631750
4772729
4977957
5092926
5323063
5454542
2924125
3068188
3259021
3409083
3612489
3710520
3948042
4090917
4285375
4431813
4631750
4772729
4977957
5092926
5323063
5454542
193938
340917
539250
681813
860364
974709
1214146
1363646
1546646
1704542
1902229
2045458
2197100
2348974
2590833
2727271
200917
340917
549896
681813
820222
982829
2565542
1363646
1549063
1704542
1894021
2045458
2192601
2338334
2565542
2727271
2914792
3068188
3249708
3409083
3564367
3696660
3914896
4090917
4252521
4431813
4613938
4772729
4921674
5079066
5296479
5454542
2914792
3068188
3249708
3409083
3564367
3696660
3914896
4090917
4252521
4431813
4613938
4772729
4921674
5079066
5296479
5454542
200917
340917
549896
681813
820222
982829
2565542
1363646
1549063
1704542
1894021
2045458
2192601
2338334
2565542
2727271
207146
340917
562458
681813
872262
997109
1236375
1363646
1570083
1704542
1918354
2045458
2211837
2360174
2598229
2727271
2929542
3068188
3284979
3409083
3580222
3719060
3942354
4090917
4289396
4431813
4642563
4772729
4947104
5077386
5314833
5454542
2929542
3068188
3284979
3409083
3580222
3719060
3942354
4090917
4289396
4431813
4642563
4772729
4947104
5077386
5314833
5454542
207146
340917
562458
681813
872262
997109
1236375
1363646
1570083
1704542
1918354
2045458
2211837
2360174
2598229
2727271
188063
340917
529729
681813
867201
972049
1196938
1363646
1555875
1704542
1902688
2045458
2228187
2352194
2573833
2727271
2921688
3068188
3269417
3409083
3590832
3710100
3947375
4090917
4299563
4431813
4639729
4772729
4951134
5070526
3947375
5454542
2921688
3068188
3269417
3409083
3590832
3710100
3947375
4090917
4299563
4431813
4639729
4772729
4951134
5070526
3947375
5454542
188063
340917
529729
681813
867201
972049
1196938
1363646
1555875
1704542
1902688
2045458
2228187
2352194
2573833
2727271
180979
340917
523125
681813
851924
976389
1201375
1363646
1531146
1704542
1890438
2045458
2217432
2334134
2568229
2727271
2907792
3068188
3263896
3409083
3599156
3711640
3954333
4090917
4279000
4431813
4630083
4772729
4988456
5070946
5313104
5454542
2907792
3068188
3263896
3409083
3599156
3711640
3954333
4090917
4279000
4431813
4630083
4772729
4988456
5070946
5313104
5454542
180979
340917
523125
681813
851924
976389
1201375
1363646
1531146
1704542
1890438
2045458
2217432
2334134
2568229
2727271
183417
340917
515729
681813
825588
971629
1198479
1363646
1555625
1704542
1882271
2045458
2213875
2337354
2560958
2727271
2912979
3068188
3253375
3409083
3591182
3705200
3939563
4090917
4286792
4431813
4618958
4772729
4934719
5069406
5298375
5454542
2912979
3068188
3253375
3409083
3591182
3705200
3939563
4090917
4286792
4431813
4618958
4772729
4934719
5069406
5298375
5454542
183417
340917
515729
681813
825588
971629
1198479
1363646
1555625
1704542
1882271
2045458
2213875
2337354
2560958
2727271
0
0
0
0
0
0
0
0
0
0
0
0
0
0
0
0
0
0
0
0
0
0
0
0
0
0
0
0
0
0
0
0
0
0
0
0
0
0
0
0
0
0
0
0
0
0
0
0
0
0
0
0
0
0
0
0
0
0
0
0
0
0
0
0
0
0
0
0
0
0
0
0
0
0
0
0
0
0
0
0
0
0
0
0
0
0
0
0
0
0
0
0
0
0
0
0
0
0
0
0
0
0
0
0
0
0
0
0
0
0
0
0
0
0
0
0
0
0
0
0
0
0
0
0
0
0
0
0
0
0
0
0
0
0
0
0
0
0
0
0
0
0
0
0
0
0
0
0
0
0
0
0
0
0
0
0
0
0
0
0
0
0
0
0
0
0
0
0
0
0
0
0
0
0
0
0
0
0
0
0
0
0
0
0
0
0
0
0
0
0
0
0
1229
0
2714
0
0
0
10000
0
9270
0
1516
0
0
0
10000
0
4251
0
1
0
0
0
7146
0
6949
0
166
0
0
0
6088
0
4251
0
1
0
0
0
7146
0
6949
0
166
0
0
0
6088
0
1229
0
2714
0
0
0
10000
0
9270
0
1516
0
0
0
10000
0
3101
0
2668
0
0
0
5114
0
5620
0
2588
0
0
0
4558
0
2542
0
1
0
0
0
3006
0
10000
0
3202
0
0
0
6887
0
2542
0
1
0
0
0
3006
0
10000
0
3202
0
0
0
6887
0
3101
0
2668
0
0
0
5114
0
5620
0
2588
0
0
0
4558
0
5926
0
7236
0
0
0
9809
0
1993
0
3377
0
0
0
7535
0
4261
0
6501
0
0
0
8469
0
10000
0
1
0
0
0
9686
0
4261
0
6501
0
0
0
8469
0
10000
0
1
0
0
0
9686
0
5926
0
7236
0
0
0
9809
0
1993
0
3377
0
0
0
7535
0
4644
0
1071
0
0
0
5674
0
1
0
8037
0
0
0
6378
0
9292
0
8074
0
0
0
10000
0
9956
0
8074
0
0
0
1568
0
9292
0
8074
0
0
0
10000
0
9956
0
8074
0
0
0
1568
0
4644
0
1071
0
0
0
5674
0
1
0
8037
0
0
0
6378
0
5799
0
4928
0
0
0
2658
0
1
0
5789
0
0
0
3943
0
140
0
10000
0
0
0
4231
0
6495
0
7362
0
0
0
5862
0
140
0
10000
0
0
0
4231
0
6495
0
7362
0
0
0
5862
0
5799
0
4928
0
0
0
2658
0
1
0
5789
0
0
0
3943
0
10000
0
2797
0
0
0
1
0
9505
0
5255
0
0
0
3642
0
6751
0
5595
0
0
0
6560
0
5839
0
4517
0
0
0
9426
0
6751
0
5595
0
0
0
6560
0
5839
0
4517
0
0
0
9426
0
10000
0
2797
0
0
0
1
0
9505
0
5255
0
0
0
3642
0
3442
0
1051
0
0
0
4670
0
10000
0
51
0
0
0
1
0
1186
0
5091
0
0
0
2884
0
2383
0
5868
0
0
0
7036
0
1186
0
5091
0
0
0
2884
0
2383
0
5868
0
0
0
7036
0
3442
0
1051
0
0
0
4670
0
10000
0
51
0
0
0
1
0
3551
0
10000
0
0
0
1
0
8177
0
5335
0
0
0
9750
0
8147
0
8843
0
0
0
6252
0
6653
0
1312
0
0
0
6794
0
8147
0
8843
0
0
0
6252
0
6653
0
1312
0
0
0
6794
0
3551
0
10000
0
0
0
1
0
8177
0
5335
0
0
0
9750
0
1
0
1502
0
0
0
2704
0
2538
0
1396
0
0
0
5934
0
6082
0
9680
0
0
0
5531
0
5924
0
10000
0
0
0
8104
0
6082
0
9680
0
0
0
5531
0
5924
0
10000
0
0
0
8104
0
1
0
1502
0
0
0
2704
0
2538
0
1396
0
0
0
5934
0
5640
0
2807
0
0
0
2479
0
4083
0
8090
0
0
0
1
0
7763
0
10000
0
0
0
1035
0
8633
0
2916
0
0
0
5690
0
7763
0
10000
0
0
0
1035
0
8633
0
2916
0
0
0
5690
0
5640
0
2807
0
0
0
2479
0
4083
0
8090
0
0
0
1
0
4316
0
1
0
0
0
4804
0
8022
0
8547
0
0
0
1922
0
10000
0
8603
0
0
0
6516
0
8281
0
3731
0
0
0
5624
0
10000
0
8603
0
0
0
6516
0
8281
0
3731
0
0
0
5624
0
4316
0
1
0
0
0
4804
0
8022
0
8547
0
0
0
1922
0
9146
0
4366
0
0
0
1
0
250
0
419
0
0
0
6730
0
4727
0
4478
0
0
0
10000
0
3617
0
5269
0
0
0
3569
0
4727
0
4478
0
0
0
10000
0
3617
0
5269
0
0
0
3569
0
9146
0
4366
0
0
0
1
0
250
0
419
0
0
0
6730
0
1635
0
7143
0
0
0
5853
0
1318
0
1
0
0
0
4489
0
8414
0
1837
0
0
0
8703
0
9976
0
7562
0
0
0
10000
0
8414
0
1837
0
0
0
8703
0
9976
0
7562
0
0
0
10000
0
1635
0
7143
0
0
0
5853
0
1318
0
1
0
0
0
4489
0
7282
0
3980
0
0
0
10000
0
3702
0
4160
0
0
0
5189
0
5936
0
4489
0
0
0
4826
0
8068
0
3822
0
0
0
1
0
5936
0
4489
0
0
0
4826
0
8068
0
3822
0
0
0
1
0
7282
0
3980
0
0
0
10000
0
3702
0
4160
0
0
0
5189
0
1007
0
6043
0
0
0
3234
0
1
0
2510
0
0
0
810
0
1308
0
2379
0
0
0
810
0
10000
0
195
0
0
0
8749
0
1308
0
2379
0
0
0
810
0
10000
0
195
0
0
0
8749
0
1007
0
6043
0
0
0
3234
0
1
0
2510
0
0
0
810
0
10000
0
4566
0
0
0
1
0
5131
0
5192
0
0
0
9150
0
7992
0
6709
0
0
0
3078
0
3009
0
5508
0
0
0
5261
0
7992
0
6709
0
0
0
3078
0
3009
0
5508
0
0
0
5261
0
10000
0
4566
0
0
0
1
0
5131
0
5192
0
0
0
9150
0
1696
0
7686
0
0
0
5776
0
2111
0
7390
0
0
0
9053
0
5080
0
6455
0
0
0
10000
0
5350
0
1
0
0
0
8791
0
5080
0
6455
0
0
0
10000
0
5350
0
1
0
0
0
8791
0
1696
0
7686
0
0
0
5776
0
2111
0
7390
0
0
0
9053
0
0
0
0
0
0
0
0
0
0
0
0
0
0
0
0
0
0
0
0
0
0
0
0
0
0
0
0
0
0
0
0
0
0
0
0
0
0
0
0
0
0
0
0
0
0
0
0
0
0
0
0
0
0
0
0
0
0
0
0
0
0
0
0
0
0
0
0
0
0
0
0
0
0
0
0
0
0
0
0
0
0
0
0
0
0
0
0
0
0
0
0
0
0
0
0
0
0
0
0
0
0
0
0
0
0
0
0
0
0
0
0
0
0
0
0
0
0
0
0
0
0
0
0
0
0
0
0
0
0
0
0
0
0
0
0
0
0
0
0
0
0
0
0
0
0
0
0
0
0
0
0
0
0
0
0
0
0
0
0
0
0
0
0
0
0
0
0
0
0
0
0
0
0
0
0
0
0
0
0
0
0
0
0
0
0
0
0
0
0
0
0
0
1008
0
3910
0
0
0
6457
0
10000
0
1
0
0
0
4142
0
9568
0
2078
0
0
0
4471
0
3458
0
6571
0
0
0
5259
0
9568
0
2078
0
0
0
4471
0
3458
0
6571
0
0
0
5259
0
1008
0
3910
0
0
0
6457
0
10000
0
1
0
0
0
4142
0
5032
0
6925
0
0
0
8999
0
6807
0
7476
0
0
0
9616
0
4024
0
5389
0
0
0
8807
0
1
0
10000
0
0
0
9171
0
4024
0
5389
0
0
0
8807
0
1
0
10000
0
0
0
9171
0
5032
0
6925
0
0
0
8999
0
6807
0
7476
0
0
0
9616
0
6824
0
1686
0
0
0
5886
0
8507
0
8037
0
0
0
1
0
9566
0
10000
0
0
0
4700
0
6016
0
7530
0
0
0
3305
0
9566
0
10000
0
0
0
4700
0
6016
0
7530
0
0
0
3305
0
6824
0
1686
0
0
0
5886
0
8507
0
8037
0
0
0
1
0
8128
0
1
0
0
0
4095
0
7193
0
6830
0
0
0
4610
0
2262
0
1644
0
0
0
7533
0
10000
0
5832
0
0
0
5205
0
2262
0
1644
0
0
0
7533
0
10000
0
5832
0
0
0
5205
0
8128
0
1
0
0
0
4095
0
7193
0
6830
0
0
0
4610
0
1339
0
4075
0
0
0
1
0
4055
0
7326
0
0
0
1205
0
10000
0
3369
0
0
0
5486
0
8160
0
8113
0
0
0
7870
0
10000
0
3369
0
0
0
5486
0
8160
0
8113
0
0
0
7870
0
1339
0
4075
0
0
0
1
0
4055
0
7326
0
0
0
1205
0
1
0
1818
0
0
0
6332
0
10000
0
7556
0
0
0
3775
0
5837
0
3675
0
0
0
5523
0
5463
0
2608
0
0
0
8324
0
5837
0
3675
0
0
0
5523
0
5463
0
2608
0
0
0
8324
0
1
0
1818
0
0
0
6332
0
10000
0
7556
0
0
0
3775
0
6735
0
6004
0
0
0
1
0
5502
0
5164
0
0
0
6067
0
3770
0
10000
0
0
0
7266
0
3441
0
3669
0
0
0
7281
0
3770
0
10000
0
0
0
7266
0
3441
0
3669
0
0
0
7281
0
6735
0
6004
0
0
0
1
0
5502
0
5164
0
0
0
6067
0
3949
0
3261
0
0
0
10000
0
4944
0
8424
0
0
0
424
0
7901
0
1101
0
0
0
1
0
8405
0
5518
0
0
0
6886
0
7901
0
1101
0
0
0
1
0
8405
0
5518
0
0
0
6886
0
3949
0
3261
0
0
0
10000
0
4944
0
8424
0
0
0
424
0
6607
0
8124
0
0
0
736
0
2737
0
10000
0
0
0
1
0
4595
0
6742
0
0
0
2271
0
3672
0
7372
0
0
0
5893
0
4595
0
6742
0
0
0
2271
0
3672
0
7372
0
0
0
5893
0
6607
0
8124
0
0
0
736
0
2737
0
10000
0
0
0
1
0
1
0
8461
0
0
0
7891
0
10000
0
7325
0
0
0
2616
0
7464
0
7724
0
0
0
4500
0
7221
0
7320
0
0
0
5382
0
7464
0
7724
0
0
0
4500
0
7221
0
7320
0
0
0
5382
0
1
0
8461
0
0
0
7891
0
10000
0
7325
0
0
0
2616
0
10000
0
7881
0
0
0
1238
0
7745
0
6286
0
0
0
1
0
8226
0
6286
0
0
0
825
0
6828
0
7911
0
0
0
1059
0
8226
0
6286
0
0
0
825
0
6828
0
7911
0
0
0
1059
0
10000
0
7881
0
0
0
1238
0
7745
0
6286
0
0
0
1
0
64
0
3438
0
0
0
518
0
2887
0
10000
0
0
0
1
0
4964
0
646
0
0
0
3045
0
2035
0
3138
0
0
0
1533
0
4964
0
646
0
0
0
3045
0
2035
0
3138
0
0
0
1533
0
64
0
3438
0
0
0
518
0
2887
0
10000
0
0
0
1
0
1
0
597
0
0
0
4762
0
2812
0
10000
0
0
0
4762
0
3479
0
3481
0
0
0
7050
0
6729
0
1644
0
0
0
4959
0
3479
0
3481
0
0
0
7050
0
6729
0
1644
0
0
0
4959
0
1
0
597
0
0
0
4762
0
2812
0
10000
0
0
0
4762
0
1442
0
6705
0
0
0
4617
0
9849
0
6826
0
0
0
3079
0
10000
0
4084
0
0
0
3515
0
7480
0
1
0
0
0
7587
0
10000
0
4084
0
0
0
3515
0
7480
0
1
0
0
0
7587
0
1442
0
6705
0
0
0
4617
0
9849
0
6826
0
0
0
3079
0
6006
0
5195
0
0
0
5618
0
4511
0
1565
0
0
0
10000
0
4024
0
1
0
0
0
9642
0
634
0
360
0
0
0
9642
0
4024
0
1
0
0
0
9642
0
634
0
360
0
0
0
9642
0
6006
0
5195
0
0
0
5618
0
4511
0
1565
0
0
0
10000
0
10000
0
2809
0
0
0
5780
0
6494
0
5473
0
0
0
5869
0
4606
0
3839
0
0
0
7607
0
1
0
6588
0
0
0
6739
0
4606
0
3839
0
0
0
7607
0
1
0
6588
0
0
0
6739
0
10000
0
2809
0
0
0
5780
0
6494
0
5473
0
0
0
5869
0
3098
0
7359
0
0
0
7387
0
7039
0
1
0
0
0
10000
0
4475
0
7968
0
0
0
9102
0
4846
0
2719
0
0
0
5361
0
4475
0
7968
0
0
0
9102
0
4846
0
2719
0
0
0
5361
0
3098
0
7359
0
0
0
7387
0
7039
0
1
0
0
0
10000
0
0
0
0
0
0
0
0
0
0
0
0
0
0
0
0
0
0
0
0
0
0
0
0
0
0
0
0
0
0
0
0
0
0
0
0
0
0
0
0
0
0
0
0
0
0
0
0
0
0
0
0
0
0
0
0
0
0
0
0
0
0
0
0
0
0
0
0
0
0
0
0
0
0
0
0
0
0
0
0
0
0
0
0
0
0
0
0
0
0
0
0
0
0
0
0
0
0
0
0
0
0
0
0
0
0
0
0
0
0
0
0
0
0
0
0
0
0
0
0
0
0
0
0
0
0
0
0
0
0
0
0
0
0
0
0
0
0
0
0
0
0
0
0
0
0
0
0
0
0
0
0
0
0
0
0
0
0
0
0
0
0
0
0
0
0
0
0
0
0
0
0
0
0
0
0
0
0
0
0
0
0
0
0
0
0
0
0
0
0
0
0
0
20
20
20
20
46
20
20
20
20
20
20
20
46
20
20
20
20
20
20
20
46
20
20
20
20
20
20
20
46
20
20
20
20
20
20
20
46
20
20
20
20
20
20
20
46
20
20
20
20
20
20
20
46
20
20
20
20
20
20
20
46
20
20
20
20
20
20
20
46
20
20
20
20
20
20
20
46
20
20
20
20
20
20
20
46
20
20
20
20
20
20
20
46
20
20
20
46
46
46
46
46
46
46
46
46
46
46
46
46
46
46
46
46
46
46
46
46
46
46
46
46
46
46
46
46
46
46
46
46
46
46
46
46
46
46
46
46
46
46
46
46
46
46
46
46
46
46
46
46
46
46
46
46
46
46
46
46
46
46
46
46
46
46
46
46
46
46
46
46
46
46
46
46
46
46
46
46
46
46
46
46
46
46
46
46
46
46
46
46
46
46
46
46
46
46
46
46
46
46
46
46
46
46
46
46
46
46
46
46
46
46
46
46
46
46
46
46
46
46
46
46
46
46
46
46
46
46
46
46
46
46
46
46
46
46
46
46
46
46
46
46
46
46
46
46
46
46
46
46
46
46
46
46
46
46
46
46
46
46
46
46
46
46
46
46
46
46
46
46
46
46
46
46
46
46
46
46
46
46
46
46
46
46
46
46
46
46
46
46
46
46
46
46
46
46
46
46
46
46
46
46
46
46
46
46
46
46
46
46
46
46
46
46
46
46
46
46
46
46
46
46
46
46
46
46
46
46
46
46
46
46
46
46
46
46
46
46
46
46
46
46
46
46
46
46
46
46
46
46
46
46
46
20
20
20
20
46
20
20
20
20
20
20
20
46
20
20
20
20
20
20
20
46
20
20
20
20
20
20
20
46
20
20
20
20
20
20
20
46
20
20
20
20
20
20
20
46
20
20
20
20
20
20
20
46
20
20
20
20
20
20
20
46
20
20
20
20
20
20
20
46
20
20
20
20
20
20
20
46
20
20
20
20
20
20
20
46
20
20
20
20
20
20
20
46
20
20
20
46
46
46
46
46
46
46
46
46
46
46
46
46
46
46
46
46
46
46
46
46
46
46
46
46
46
46
46
46
46
46
46
46
46
46
46
46
46
46
46
46
46
46
46
46
46
46
46
46
46
46
46
46
46
46
46
46
46
46
46
46
46
46
46
46
46
46
46
46
46
46
46
46
46
46
46
46
46
46
46
46
46
46
46
46
46
46
46
46
46
46
46
46
46
46
46
46
46
46
46
46
46
46
46
46
46
46
46
46
46
46
46
46
46
46
46
46
46
46
46
46
46
46
46
46
46
46
46
46
46
46
46
46
46
46
46
46
46
46
46
46
46
46
46
46
46
46
46
46
46
46
46
46
46
46
46
46
46
46
46
46
46
46
46
46
46
46
46
46
46
46
46
46
46
46
46
46
46
46
46
46
46
46
46
46
46
46
46
46
46
46
46
46
46
46
46
46
46
46
46
46
46
46
46
46
46
46
46
46
46
46
46
46
46
46
46
46
46
46
46
46
46
46
46
46
46
46
46
46
46
46
46
46
46
46
46
46
46
46
46
46
46
46
46
46
46
46
46
46
46
46
46
46
46
46
46
46
46
46
46
46
46
46
46
46
46
46
46
46
46
46
46
46
46
46
46
46
46
46
46
46
46
46
46
46
46
46
46
20
20
20
20
46
20
20
20
20
20
20
20
46
20
20
20
20
20
20
20
46
20
20
20
20
20
20
20
46
20
20
20
46
46
46
46
46
46
46
46
46
46
46
46
46
46
46
46
46
46
46
46
46
46
46
46
46
46
46
46
46
46
46
46
46
46
46
46
46
46
46
46
46
46
46
46
46
46
46
46
46
46
46
46
46
46
46
46
46
46
46
46
46
46
46
46
46
46
46
46
46
46
46
46
46
46
46
46
46
46
46
46
46
46
46
46
46
46
46
46
46
46
46
46
46
46
46
46
46
46
46
46
46
46
46
46
46
46
46
46
46
46
46
46
46
46
46
46
46
46
46
46
46
46
46
46
46
46
46
46
46
46
46
46
46
46
46
46
46
46
46
46
46
46
46
46
46
46
46
46
46
46
46
46
46
46
46
46
46
46
46
46
46
46
46
46
46
46
46
46
46
46
46
46
46
46
46
46
46
46
46
46
46
46
46
46
46
46
46
46
46
46
46
46
46
46
46
46
46
46
46
46
46
46
46
46
46
46
46
46
46
46
46
46
46
46
46
46
46
46
46
46
46
46
46
46
27
27
27
27
46
27
27
27
27
27
27
27
46
27
27
27
27
27
27
27
46
27
27
27
27
27
27
27
46
27
27
27
27
27
27
27
46
27
27
27
27
27
27
27
46
27
27
27
27
27
27
27
46
27
27
27
27
27
27
27
46
27
27
27
27
27
27
27
46
27
27
27
27
27
27
27
46
27
27
27
27
27
27
27
46
27
27
27
27
27
27
27
46
27
27
27
20
20
20
20
46
20
20
20
20
20
20
20
46
20
20
20
20
20
20
20
46
20
20
20
20
20
20
20
46
20
20
20
46
46
46
46
46
46
46
46
46
46
46
46
46
46
46
46
46
46
46
46
46
46
46
46
46
46
46
46
46
46
46
46
46
46
46
46
46
46
46
46
46
46
46
46
46
46
46
46
46
46
46
46
46
46
46
46
46
46
46
46
46
46
46
46
46
46
46
46
46
46
46
46
46
46
46
46
46
46
46
46
46
46
46
46
46
46
46
46
46
46
46
46
46
46
46
46
46
46
46
46
46
46
46
46
46
46
46
46
46
46
46
46
46
46
46
46
46
46
46
46
46
46
46
46
46
46
46
46
46
46
46
46
46
46
46
46
46
46
46
46
46
46
46
46
46
46
46
46
46
46
46
46
46
46
46
46
46
46
46
46
46
46
46
46
46
46
46
46
46
46
46
46
46
46
46
46
46
46
46
46
46
46
46
46
46
46
46
46
46
46
46
46
46
46
46
46
46
46
46
46
46
46
46
46
46
46
46
46
46
46
46
46
46
46
46
46
46
46
46
46
46
46
46
46
46
46
46
46
46
46
46
46
46
46
46
46
46
46
46
46
46
46
46
46
46
46
46
46
46
46
46
46
46
46
46
46
46
46
46
46
46
46
46
46
46
46
46
46
46
46
46
46
46
46
46
46
46
46
46
46
46
46
46
46
46
46
46
46
20
20
20
20
46
20
20
20
20
20
20
20
46
20
20
20
20
20
20
20
46
20
20
20
20
20
20
20
46
20
20
20
20
20
20
20
46
20
20
20
20
20
20
20
46
20
20
20
20
20
20
20
46
20
20
20
20
20
20
20
46
20
20
20
46
46
46
46
46
46
46
46
46
46
46
46
46
46
46
46
46
46
46
46
46
46
46
46
46
46
46
46
46
46
46
46
46
46
46
46
46
46
46
46
46
46
46
46
46
46
46
46
46
46
46
46
46
46
46
46
46
46
46
46
46
46
46
46
46
46
46
46
46
46
46
46
46
46
46
46
46
46
46
46
46
46
46
46
46
46
46
46
46
46
46
46
46
46
46
46
46
46
46
46
46
46
46
46
46
46
46
46
46
46
46
46
46
46
46
46
46
46
46
46
46
46
46
46
46
46
46
46
46
46
46
46
46
46
46
46
46
46
46
46
46
46
46
46
46
46
46
46
46
46
46
46
46
46
46
46
46
46
46
46
46
46
46
46
46
46
46
46
46
46
46
46
46
46
46
46
46
46
46
46
46
46
46
46
46
46
46
46
46
46
46
46
46
46
46
46
46
46
46
46
46
46
46
46
46
46
46
46
46
46
46
46
46
46
46
46
46
46
46
46
46
46
46
46
46
46
46
46
46
46
46
46
46
46
46
46
46
46
46
46
46
46
46
46
46
46
46
46
46
46
46
46
46
46
46
46
27
27
27
27
46
27
27
27
27
27
27
27
46
27
27
27
27
27
27
27
46
27
27
27
27
27
27
27
46
27
27
27
20
20
20
20
46
20
20
20
20
20
20
20
46
20
20
20
20
20
20
20
46
20
20
20
20
20
20
20
46
20
20
20
20
20
20
20
46
20
20
20
20
20
20
20
46
20
20
20
20
20
20
20
46
20
20
20
20
20
20
20
46
20
20
20
20
20
20
20
46
20
20
20
20
20
20
20
46
20
20
20
20
20
20
20
46
20
20
20
20
20
20
20
46
20
20
20
20
20
20
20
46
20
20
20
20
20
20
20
46
20
20
20
20
20
20
20
46
20
20
20
20
20
20
20
46
20
20
20
20
20
20
20
46
20
20
20
20
20
20
20
46
20
20
20
20
20
20
20
46
20
20
20
20
20
20
20
46
20
20
20
46
46
46
46
46
46
46
46
46
46
46
46
46
46
46
46
46
46
46
46
46
46
46
46
46
46
46
46
46
46
46
46
46
46
46
46
46
46
46
46
46
46
46
46
46
46
46
46
46
46
46
46
46
46
46
46
46
46
46
46
46
46
46
46
46
46
46
46
46
46
46
46
46
46
46
46
46
46
46
46
46
46
46
46
46
46
46
46
46
46
46
46
46
46
46
46
46
46
46
46
46
46
46
46
46
46
46
46
46
46
46
46
46
46
46
46
46
46
46
46
46
46
46
46
46
46
46
46
46
46
46
46
46
46
46
46
46
46
46
46
46
46
46
46
46
46
46
46
46
46
46
46
46
46
46
46
46
46
46
46
46
46
46
46
46
46
46
46
46
46
46
46
46
46
46
46
46
46
46
46
46
46
46
46
46
46
46
46
46
46
46
46
20
20
20
20
46
20
20
20
20
20
20
20
46
20
20
20
20
20
20
20
46
20
20
20
20
20
20
20
46
20
20
20
20
20
20
20
46
20
20
20
20
20
20
20
46
20
20
20
20
20
20
20
46
20
20
20
20
20
20
20
46
20
20
20
46
46
46
46
46
46
46
46
46
46
46
46
46
46
46
46
46
46
46
46
46
46
46
46
46
46
46
46
46
46
46
46
46
46
46
46
46
46
46
46
46
46
46
46
46
46
46
46
46
46
46
46
46
46
46
46
46
46
46
46
46
46
46
46
46
46
46
46
46
46
46
46
46
46
46
46
46
46
46
46
46
46
46
46
46
46
46
46
46
46
46
46
46
46
46
46
46
46
46
46
46
46
46
46
46
46
46
46
46
46
46
46
46
46
46
46
46
46
46
46
46
46
46
46
46
46
46
46
46
46
46
46
46
46
46
46
46
46
46
46
46
46
46
46
46
46
46
46
46
46
46
46
46
46
46
46
46
46
46
46
46
46
46
46
46
46
46
46
46
46
46
46
46
46
46
46
46
46
46
46
46
46
46
46
46
46
46
46
46
46
46
46
46
46
46
46
46
46
46
46
46
46
46
46
46
46
46
46
46
46
46
46
46
46
46
46
46
46
46
46
46
46
46
46
27
27
27
27
46
27
27
27
27
27
27
27
46
27
27
27
27
27
27
27
46
27
27
27
27
27
27
27
46
27
27
27
27
27
27
27
46
27
27
27
27
27
27
27
46
27
27
27
27
27
27
27
46
27
27
27
27
27
27
27
46
27
27
27
27
27
27
27
46
27
27
27
27
27
27
27
46
27
27
27
27
27
27
27
46
27
27
27
27
27
27
27
46
27
27
27
27
27
27
27
46
27
27
27
27
27
27
27
46
27
27
27
27
27
27
27
46
27
27
27
27
27
27
27
46
27
27
27
27
27
27
27
46
27
27
27
27
27
27
27
46
27
27
27
27
27
27
27
46
27
27
27
27
27
27
27
46
27
27
27
46
46
46
46
46
46
46
46
46
46
46
46
46
46
46
46
46
46
46
46
46
46
46
46
46
46
46
46
46
46
46
46
46
46
46
46
46
46
46
46
46
46
46
46
46
46
46
46
46
46
46
46
46
46
46
46
46
46
46
46
46
46
46
46
46
46
46
46
46
46
46
46
46
46
46
46
46
46
46
46
46
46
46
46
46
46
46
46
46
46
46
46
46
46
46
46
46
46
46
46
46
46
46
46
46
46
46
46
46
46
46
46
46
46
46
46
46
46
46
46
46
46
46
46
46
46
46
46
46
46
46
46
46
46
46
46
46
46
46
46
46
46
46
46
46
46
46
46
46
46
46
46
46
46
46
46
46
46
46
46
46
46
46
46
46
46
46
46
46
46
46
46
46
46
46
46
46
46
46
46
46
46
46
46
46
46
46
46
46
46
46
46
46
46
46
46
46
46
46
46
46
46
46
46
46
46
46
46
46
46
46
46
46
46
46
46
46
46
46
46
46
46
46
46
46
46
46
46
46
46
46
46
46
46
46
46
46
46
46
46
46
46
46
46
46
46
46
46
46
46
46
46
46
46
46
46
20
20
20
20
46
20
20
20
20
20
20
20
46
20
20
20
20
20
20
20
46
20
20
20
20
20
20
20
46
20
20
20
46
46
46
46
46
46
46
46
46
46
46
46
46
46
46
46
46
46
46
46
46
46
46
46
46
46
46
46
46
46
46
46
20
20
20
20
46
20
20
20
20
20
20
20
46
20
20
20
20
20
20
20
46
20
20
20
20
20
20
20
46
20
20
20
46
46
46
46
46
46
46
46
46
46
46
46
46
46
46
46
46
46
46
46
46
46
46
46
46
46
46
46
46
46
46
46
46
46
46
46
46
46
46
46
46
46
46
46
46
46
46
46
46
46
46
46
46
46
46
46
46
46
46
46
46
46
46
46
46
46
46
46
46
46
46
46
46
46
46
46
46
46
46
46
46
46
46
46
46
46
46
46
46
46
46
46
46
46
46
46
46
46
46
46
46
46
46
46
46
46
46
46
46
46
46
46
46
46
46
46
46
46
46
46
46
46
46
46
46
46
46
46
46
46
46
46
46
46
46
46
46
46
46
46
46
46
46
46
46
46
46
46
46
46
46
46
46
46
46
46
46
46
46
46
46
46
46
46
46
46
46
46
46
46
46
46
46
46
46
46
46
46
46
46
46
46
46
46
46
46
46
46
46
46
46
46
46
46
46
46
46
46
46
46
46
46
46
46
46
46
46
46
46
46
46
46
46
46
46
46
46
46
46
46
46
46
46
46
46
46
46
46
46
46
46
46
46
46
46
46
46
46
46
46
46
46
46
46
46
46
46
46
46
46
46
46
46
46
46
46
46
46
46
46
46
46
46
46
46
46
46
46
46
46
46
46
46
46
46
46
46
46
46
46
46
46
46
46
46
46
46
46
46
46
46
46
46
46
46
46
46
46
46
46
46
46
46
46
46
46
46
46
46
46
46
46
46
46
46
46
46
46
46
46
46
46
46
46
46
46
46
46
46
46
46
46
46
46
46
46
46
46
46
46
46
46
46
46
46
46
46
46
46
46
46
46
46
46
46
46
46
46
46
46
46
46
46
46
46
46
46
46
46
46
46
46
46
46
46
46
46
46
46
46
46
46
46
46
46
46
46
46
46
46
46
46
46
46
46
46
46
46
46
46
46
46
46
46
46
46
46
46
46
46
46
46
46
46
46
46
46
46
46
46
46
46
46
46
46
46
46
46
46
46
46
46
46
46
46
46
46
46
46
46
46
46
46
46
46
46
46
46
46
46
46
46
46
46
46
46
46
46
46
46
46
46
46
46
46
46
46
46
46
46
46
46
46
46
46
46
46
46
46
46
46
46
46
46
46
46
46
46
46
46
46
46
46
46
46
46
46
46
46
46
46
46
46
46
46
46
46
46
46
46
46
46
46
46
46
46
46
46
46
46
46
46
46
46
46
46
46
46
46
46
46
46
46
46
46
46
46
46
46
46
46
46
46
46
46
46
46
46
46
46
46
46
46
46
46
46
46
46
46
46
46
46
46
46
46
46
46
46
46
46
46
46
46
46
46
46
20
20
20
20
46
20
20
20
20
20
20
20
46
20
20
20
20
20
20
20
46
20
20
20
20
20
20
20
46
20
20
20
46
46
46
46
46
46
46
46
46
46
46
46
46
46
46
46
46
46
46
46
46
46
46
46
46
46
46
46
46
46
46
46
46
46
46
46
46
46
46
46
46
46
46
46
46
46
46
46
46
46
46
46
46
46
46
46
46
46
46
46
46
46
46
46
46
46
46
46
46
46
46
46
46
46
46
46
46
46
46
46
46
46
46
46
46
46
46
46
46
46
46
46
46
46
46
46
46
46
46
46
46
46
46
46
46
46
46
46
46
46
46
46
46
46
46
46
46
46
46
46
46
46
46
46
46
46
46
46
46
46
46
46
46
46
46
46
46
46
46
46
46
46
46
46
46
46
46
46
46
46
46
46
46
46
46
46
46
46
46
46
46
46
46
46
46
46
46
46
46
46
46
46
46
46
46
46
46
46
46
46
46
46
46
46
46
46
46
46
46
46
46
46
46
46
46
46
46
46
46
46
46
46
46
46
46
46
46
46
46
46
46
46
46
46
46
46
46
46
46
46
46
46
46
46
46
46
46
46
46
46
46
46
46
46
46
46
46
46
46
46
46
46
46
46
46
46
46
46
46
46
46
46
46
46
46
46
46
46
46
46
46
46
46
46
46
46
46
46
46
46
46
46
46
46
46
46
46
46
46
46
46
46
46
46
46
46
46
46
46
46
46
46
46
46
46
46
46
46
46
46
46
46
46
46
46
46
46
46
46
46
46
46
46
46
46
46
46
46
46
46
0
0
0
0
0
0
0
0
0
0
0
0
0
0
0
0
0
0
0
0
0
0
0
0
0
0
0
0
0
0
0
0
0
0
0
0
0
0
0
0
0
0
0
0
0
0
0
0
0
0
0
0
0
0
0
0
0
0
0
0
0
0
0
0
1
0
1
0
0
0
1
0
1
0
1
0
0
0
1
0
1
0
1
0
0
0
1
0
1
0
1
0
0
0
1
0
0
0
0
0
26
19
0
0
0
0
0
0
26
19
0
0
0
0
0
0
26
19
0
0
0
0
0
0
26
19
0
0
0
0
0
0
-48
0
0
0
0
0
0
0
-48
0
0
0
0
0
0
0
-48
0
0
0
0
0
0
0
-48
0
0
0
0
0
0
0
0
0
0
0
0
0
0
0
0
0
0
0
0
0
0
0
0
0
0
0
0
0
0
0
0
0
0
0
0
0
0
0
0
0
0
0
0
0
0
0
0
0
0
0
0
0
0
0
0
0
0
0
0
0
0
0
0
0
0
0
0
0
0
0
0
0
0
0
0
0
0
0
0
0
0
0
0
0
0
0
0
0
0
0
0
0
0
0
0
0
0
0
3
0
3
0
0
0
3
0
3
0
3
0
0
0
3
0
3
0
3
0
0
0
3
0
3
0
3
0
0
0
3
0
0
0
0
0
0
0
0
0
0
0
0
0
0
0
0
0
0
0
0
0
0
0
0
0
0
0
0
0
0
0
0
0
0
0
0
0
0
0
0
0
0
0
0
0
0
0
0
0
0
0
0
0
0
0
0
0
0
0
0
0
0
0
0
0
0
0
0
0
0
0
0
0
0
0
0
0
0
0
0
0
0
0
0
0
0
0
0
0
0
0
0
0
0
0
0
0
0
0
0
0
-1
0
0
0
0
0
0
0
-1
0
0
0
0
0
0
0
-1
0
0
0
0
0
0
0
-1
0
0
0
0
0
0
0
-1
0
0
0
0
0
0
0
-1
0
0
0
0
0
0
0
-1
0
0
0
0
0
0
0
-1
0
0
0
0
0
0
0
0
0
0
0
0
0
0
0
0
0
0
0
0
0
0
0
0
0
0
0
0
0
0
0
0
0
0
0
0
0
0
0
0
0
0
0
0
0
0
0
0
0
0
0
0
0
0
0
0
0
0
0
0
0
0
0
0
0
0
0
0
0
0
0
0
0
0
0
0
0
0
0
0
0
0
0
0
0
0
0
0
0
0
0
0
0
0
0
0
0
0
0
0
0
0
0
0
0
0
0
0
0
0
0
0
0
0
0
0
0
0
0
0
0
0
0
0
0
0
0
0
0
0
0
0
0
0
0
0
0
0
0
0
0
0
0
0
0
0
0
0
0
0
0
0
0
0
0
0
0
0
0
0
0
0
0
0
0
0
0
0
0
0
0
0
0
0
0
0
0
0
0
0
0
0
0
0
0
0
0
0
0
0
0
0
0
0
0
0
0
0
0
0
0
0
0
0
0
0
0
0
0
0
0
0
0
0
0
0
0
0
0
0
0
0
0
0
0
0
0
0
0
0
0
0
0
0
0
0
0
0
0
0
0
0
0
0
0
0
0
0
0
0
0
0
0
0
0
0
0
0
0
0
0
0
0
0
0
0
0
0
0
0
0
0
0
0
0
0
0
0
0
0
0
0
0
0
0
0
0
0
0
0
0
0
0
0
0
0
0
0
0
0
0
0
0
0
0
0
0
0
0
0
0
0
0
0
0
0
0
0
0
0
0
0
0
0
0
0
0
0
0
0
0
0
0
0
0
0
0
0
0
0
0
0
0
0
0
0
0
0
0
0
0
0
0
0
0
0
0
0
0
0
0
0
0
0
0
0
0
0
0
0
0
0
0
0
0
0
0
0
0
0
0
0
0
0
0
0
0
6
6
6
6
6
6
6
6
6
6
6
6
6
6
6
6
6
6
6
6
6
6
6
6
6
6
6
6
6
6
6
6
0
0
0
0
0
0
0
0
0
0
0
0
0
0
0
0
0
0
0
0
0
0
0
0
0
0
0
0
0
0
0
0
6
6
6
6
6
6
6
6
6
6
6
6
6
6
6
6
6
6
6
6
6
6
6
6
6
6
6
6
6
6
6
6
0
0
0
0
0
0
0
0
0
0
0
0
0
0
0
0
0
0
0
0
0
0
0
0
0
0
0
0
0
0
0
0
6
6
6
6
6
6
6
6
6
6
6
6
6
6
6
6
6
6
6
6
6
6
6
6
6
6
6
6
6
6
6
6
0
0
0
0
0
0
0
0
0
0
0
0
0
0
0
0
0
0
0
0
0
0
0
0
0
0
0
0
0
0
0
0
6
6
6
6
6
6
6
6
6
6
6
6
6
6
6
6
6
6
6
6
6
6
6
6
6
6
6
6
6
6
6
6
0
0
0
0
0
0
0
0
0
0
0
0
0
0
0
0
0
0
0
0
0
0
0
0
0
0
0
0
0
0
0
0
6
6
6
6
6
6
6
6
6
6
6
6
6
6
6
6
6
6
6
6
6
6
6
6
6
6
6
6
6
6
6
6
0
0
0
0
0
0
0
0
0
0
0
0
0
0
0
0
0
0
0
0
0
0
0
0
0
0
0
0
0
0
0
0
6
6
6
6
6
6
6
6
6
6
6
6
6
6
6
6
6
6
6
6
6
6
6
6
6
6
6
6
6
6
6
6
0
0
0
0
0
0
0
0
0
0
0
0
0
0
0
0
0
0
0
0
0
0
0
0
0
0
0
0
0
0
0
0
0
0
0
0
0
0
0
0
0
0
0
0
0
0
0
0
0
0
0
0
0
0
0
0
0
0
0
0
0
0
0
0
11
0
11
0
0
0
11
0
11
0
11
0
0
0
11
0
11
0
11
0
0
0
11
0
11
0
11
0
0
0
11
0
6
6
6
6
6
6
6
6
6
6
6
6
6
6
6
6
6
6
6
6
6
6
6
6
6
6
6
6
6
6
6
6
0
0
0
0
0
0
0
0
0
0
0
0
0
0
0
0
0
0
0
0
0
0
0
0
0
0
0
0
0
0
0
0
6
6
6
6
6
6
6
6
6
6
6
6
6
6
6
6
6
6
6
6
6
6
6
6
6
6
6
6
6
6
6
6
0
0
0
0
0
0
0
0
0
0
0
0
0
0
0
0
0
0
0
0
0
0
0
0
0
0
0
0
0
0
0
0
6
6
6
6
6
6
6
6
6
6
6
6
6
6
6
6
6
6
6
6
6
6
6
6
6
6
6
6
6
6
6
6
0
0
0
0
0
0
0
0
0
0
0
0
0
0
0
0
0
0
0
0
0
0
0
0
0
0
0
0
0
0
0
0
6
6
6
6
6
6
6
6
6
6
6
6
6
6
6
6
6
6
6
6
6
6
6
6
6
6
6
6
6
6
6
6
0
0
0
0
0
0
0
0
0
0
0
0
0
0
0
0
0
0
0
0
0
0
0
0
0
0
0
0
0
0
0
0
6
6
6
6
6
6
6
6
6
6
6
6
6
6
6
6
6
6
6
6
6
6
6
6
6
6
6
6
6
6
6
6
0
0
0
0
0
0
0
0
0
0
0
0
0
0
0
0
0
0
0
0
0
0
0
0
0
0
0
0
0
0
0
0
6
6
6
6
6
6
6
6
6
6
6
6
6
6
6
6
6
6
6
6
6
6
6
6
6
6
6
6
6
6
6
6
0
0
0
0
0
0
0
0
0
0
0
0
0
0
0
0
0
0
0
0
0
0
0
0
0
0
0
0
0
0
0
0
0
0
0
0
0
0
0
0
0
0
0
0
0
0
0
0
0
0
0
0
0
0
0
0
0
0
0
0
0
0
0
0
21
0
21
0
0
0
21
0
21
0
21
0
0
0
21
0
21
0
21
0
0
0
21
0
21
0
21
0
0
0
21
0
0
0
0
0
0
0
0
0
0
0
0
0
0
0
0
0
0
0
0
0
0
0
0
0
0
0
0
0
0
0
0
0
