%pattern_data
4
4
4
0
0
32
-31
0
52
88
0
1
1
0
0
0
10
0
8
0
0
0
0
0
0
0
0
104
-1
-1
0
0
0
10
0
0
11
102
4
-10
0
1
0
1
0
0
0
0
0
0
0
0
0
5
0
1
10
0
0
0
65
0
65
0
65
0
65
0
65
0
65
0
65
0
65
0
65
0
65
0
65
0
65
0
65
0
65
0
65
0
65
0
65
0
65
0
65
0
65
0
65
0
65
0
65
0
65
0
65
0
65
0
65
0
65
0
65
0
65
0
65
0
65
0
-68
-68
-68
-68
-68
-68
-68
-68
-68
-68
-68
-68
-68
-68
-68
-68
-68
-68
-68
-68
-68
-68
-68
-68
-68
-68
-68
-68
-68
-68
-68
-68
344229
576917
919667
1153854
1509292
1730771
2067583
2307688
2641292
2884625
3218229
3461542
3800000
4038458
4376333
4615375
4967688
5192313
5504708
5769229
6090500
6346146
6673438
6923083
7243667
7500000
7828500
8076917
8392771
8653854
8967500
9230771
9547146
9807688
10122875
10384625
10722479
10961542
11289583
11538458
11859604
12115375
12433021
12692313
13020729
13269229
13599833
13846146
14177542
14423083
14753563
15000000
15332042
15576917
15918271
16153854
16497563
16730771
17058333
17307688
17647375
17884625
18220333
18461542
327688
576917
898292
1153854
1460854
1730771
2064854
2307688
2641479
2884625
3208479
3461542
3787604
4038458
4371229
4615375
4947188
5192313
5521229
5769229
6089125
6346146
6676938
6923083
7256083
7500000
7831146
8076917
8391917
8653854
8987979
9230771
9550792
9807688
10136354
10384625
10700479
10961542
11272042
11538458
11846521
12115375
12416938
12692313
12993125
13269229
13590292
13846146
14166042
14423083
14745521
15000000
15302563
15576917
15897083
16153854
16480604
16730771
17056083
17307688
17629896
17884625
18227792
18461542
323813
576917
909604
1153854
1483813
1730771
2054646
2307688
2639563
2884625
3206583
3461542
3779938
4038458
4379625
4615375
4939229
5192313
5516688
5769229
6089354
6346146
6670563
6923083
7224667
7500000
7837479
8076917
8388813
8653854
8957750
9230771
9560083
9807688
10155479
10384625
10712771
10961542
11286667
11538458
11862729
12115375
12419563
12692313
13008917
13269229
13586563
13846146
14164063
14423083
14729917
15000000
15323458
15576917
15901354
16153854
16477250
16730771
17062125
17307688
17638604
17884625
18209938
18461542
300938
576917
899833
1153854
1474979
1730771
2041896
2307688
2643083
2884625
3199896
3461542
3787896
4038458
4350188
4615375
4937625
5192313
5507688
5769229
6089979
6346146
6656813
6923083
7231000
7500000
7818146
8076917
8390104
8653854
8966688
9230771
9543563
9807688
10130063
10384625
10696479
10961542
11279688
11538458
11859458
12115375
12427563
12692313
13016292
13269229
13586875
13846146
14162104
14423083
14745083
15000000
15322854
15576917
15891000
16153854
16462583
16730771
17045271
17307688
17625292
17884625
18195229
18461542
298750
576917
897604
1153854
1449688
1730771
2027688
2307688
2619729
2884625
3197167
3461542
3775646
4038458
4351458
4615375
4913021
5192313
5506396
5769229
6093750
6346146
6640083
6923083
7205708
7500000
7812146
8076917
8386042
8653854
8990063
9230771
9538417
9807688
10114125
10384625
10686750
10961542
11266458
11538458
11844063
12115375
12405458
12692313
12986021
13269229
13606354
13846146
14152792
14423083
14729438
15000000
15311750
15576917
15883083
16153854
16439375
16730771
17038625
17307688
17590167
17884625
18198896
18461542
320667
576917
900792
1153854
1467000
1730771
2049688
2307688
2617625
2884625
3202229
3461542
3778042
4038458
4362000
4615375
4926042
5192313
5489750
5769229
6070021
6346146
6659938
6923083
7218729
7500000
7809292
8076917
8385208
8653854
8972271
9230771
9547333
9807688
10111792
10384625
10708938
10961542
11296354
11538458
11861917
12115375
12426708
12692313
12999521
13269229
13583188
13846146
14148646
14423083
14726104
15000000
15308521
15576917
15861375
16153854
16461063
16730771
17053896
17307688
17612333
17884625
18214521
18461542
315125
576917
887896
1153854
1470000
1730771
2046229
2307688
2610479
2884625
3195104
3461542
3773792
4038458
4346313
4615375
4909396
5192313
5505979
5769229
6083313
6346146
6648938
6923083
7220417
7500000
7796313
8076917
8378438
8653854
8976688
9230771
9525458
9807688
10109813
10384625
10700229
10961542
11260938
11538458
11831625
12115375
12430938
12692313
12998979
13269229
13566979
13846146
14167083
14423083
14724708
15000000
15297333
15576917
15883250
16153854
16465104
16730771
17022063
17307688
17600688
17884625
18186938
18461542
297021
576917
884375
1153854
1467875
1730771
2032708
2307688
2603500
2884625
3182646
3461542
3777875
4038458
4348833
4615375
4931083
5192313
5499250
5769229
6081646
6346146
6664833
6923083
7234292
7500000
7821313
8076917
8380875
8653854
8952458
9230771
9512000
9807688
10100438
10384625
10685438
10961542
11257667
11538458
11838750
12115375
12421583
12692313
12992792
13269229
13582021
13846146
14144438
14423083
14719188
15000000
15301125
15576917
15886563
16153854
16453833
16730771
17017104
17307688
17631104
17884625
18199667
18461542
305583
576917
889521
1153854
1474167
1730771
2044604
2307688
2626833
2884625
3196771
3461542
3778146
4038458
4356750
4615375
4913375
5192313
5502208
5769229
6095750
6346146
6666896
6923083
7225042
7500000
7833875
8076917
8399104
8653854
8958854
9230771
9521813
9807688
10127083
10384625
10677458
10961542
11289771
11538458
11842104
12115375
12427792
12692313
13005458
13269229
13580688
13846146
14150708
14423083
14734979
15000000
15301750
15576917
15887542
16153854
16477958
16730771
17025625
17307688
17624375
17884625
18207375
18461542
292917
576917
872875
1153854
1459146
1730771
2054375
2307688
2640583
2884625
3193104
3461542
3767938
4038458
4352417
4615375
4904646
5192313
5513563
5769229
6091958
6346146
6651667
6923083
7228000
7500000
7812146
8076917
8402792
8653854
8962958
9230771
9525792
9807688
10116250
10384625
10695500
10961542
11268104
11538458
11839083
12115375
12415813
12692313
13016771
13269229
13601333
13846146
14149063
14423083
14729875
15000000
15314333
15576917
15878313
16153854
16464792
16730771
17033792
17307688
17619396
17884625
18183333
18461542
317375
576917
880229
1153854
1459125
1730771
2042042
2307688
2606729
2884625
3220604
3461542
3744458
4038458
4328333
4615375
4913646
5192313
5507688
5769229
6087104
6346146
6669042
6923083
7228771
7500000
7814021
8076917
8377563
8653854
8968354
9230771
9524771
9807688
10125104
10384625
10721250
10961542
11299354
11538458
11867813
12115375
12447125
12692313
13003063
13269229
13574896
13846146
14156042
14423083
14729500
15000000
15305396
15576917
15885313
16153854
16446063
16730771
17026521
17307688
17597646
17884625
18203500
18461542
338438
576917
921521
1153854
1509500
1730771
2077563
2307688
2657167
2884625
3215542
3461542
3798917
4038458
4386917
4615375
4953521
5192313
5537229
5769229
6107167
6346146
6685604
6923083
7252000
7500000
7839833
8076917
8407000
8653854
8997000
9230771
9549958
9807688
10147958
10384625
10727792
10961542
11277542
11538458
11863500
12115375
12461938
12692313
13024333
13269229
13587521
13846146
14168563
14423083
14754604
15000000
15345604
15576917
15919896
16153854
16477271
16730771
17066813
17307688
17631125
17884625
18206417
18461542
334729
576917
912313
1153854
1488563
1730771
2052750
2307688
2639792
2884625
3213542
3461542
3793354
4038458
4377667
4615375
4952521
5192313
5513917
5769229
6095417
6346146
6660708
6923083
7242333
7500000
7819000
8076917
8404750
8653854
8976917
9230771
9558333
9807688
10139646
10384625
10695354
10961542
11288208
11538458
11866896
12115375
12443188
12692313
13022104
13269229
13624417
13846146
14183833
14423083
14740771
15000000
15327542
15576917
15907563
16153854
16464167
16730771
17053313
17307688
17631208
17884625
18218938
18461542
306458
576917
891646
1153854
1475083
1730771
2047667
2307688
2628750
2884625
3216563
3461542
3791854
4038458
4364688
4615375
4931667
5192313
5489917
5769229
6087979
6346146
6678458
6923083
7241646
7500000
7825188
8076917
8387563
8653854
8989479
9230771
9558396
9807688
10137354
10384625
10681000
10961542
11275000
11538458
11862250
12115375
12439333
12692313
13023646
13269229
13606833
13846146
14165063
14423083
14745375
15000000
15309750
15576917
15903063
16153854
16474917
16730771
17053229
17307688
17633167
17884625
18207958
18461542
323000
576917
896479
1153854
1463021
1730771
2048542
2307688
2623104
2884625
3206146
3461542
3769021
4038458
4375604
4615375
4925250
5192313
5516708
5769229
6087375
6346146
6668292
6923083
7226375
7500000
7825125
8076917
8396375
8653854
8967896
9230771
9532938
9807688
10117875
10384625
10692917
10961542
11267375
11538458
11867938
12115375
12441979
12692313
13007833
13269229
13599375
13846146
14157333
14423083
14754292
15000000
15326625
15576917
15870042
16153854
16454917
16730771
17057313
17307688
17640479
17884625
18210063
18461542
307563
576917
914854
1153854
1473667
1730771
2049188
2307688
2632188
2884625
3213271
3461542
3772875
4038458
4356604
4615375
4910813
5192313
5512542
5769229
6075479
6346146
6665375
6923083
7219833
7500000
7811958
8076917
8393333
8653854
8970438
9230771
9535354
9807688
10122625
10384625
10701229
10961542
11275500
11538458
11852458
12115375
12435396
12692313
13023125
13269229
13602604
13846146
14156771
14423083
14727104
15000000
15294396
15576917
15868813
16153854
16467750
16730771
17055729
17307688
17603354
17884625
18182417
18461542
288292
576917
899792
1153854
1456542
1730771
2034729
2307688
2611292
2884625
3193333
3461542
3756854
4038458
4366167
4615375
4935396
5192313
5505667
5769229
6064563
6346146
6624333
6923083
7192542
7500000
7800813
8076917
8377313
8653854
8974563
9230771
9544083
9807688
10102500
10384625
10682646
10961542
11285250
11538458
11852542
12115375
12438229
12692313
13020188
13269229
13590729
13846146
14142375
14423083
14732583
15000000
15312229
15576917
15879521
16153854
16454542
16730771
17048063
17307688
17620229
17884625
18200688
18461542
307104
576917
902458
1153854
1479958
1730771
2054042
2307688
2636729
2884625
3195729
3461542
3789604
4038458
4361667
4615375
4944875
5192313
5513979
5769229
6085646
6346146
6651375
6923083
7225167
7500000
7834000
8076917
8405125
8653854
8971833
9230771
9538708
9807688
10118854
10384625
10701104
10961542
11280792
11538458
11832479
12115375
12418625
12692313
13017479
13269229
13586458
13846146
14156500
14423083
14731708
15000000
15314729
15576917
15892625
16153854
16472958
16730771
17055917
17307688
17633188
17884625
18208063
18461542
309292
576917
875479
1153854
1450667
1730771
2044229
2307688
2628000
2884625
3208438
3461542
3776146
4038458
4351271
4615375
4928229
5192313
5519271
5769229
6088417
6346146
6671938
6923083
7236542
7500000
7825521
8076917
8385875
8653854
8948333
9230771
9539583
9807688
10106667
10384625
10685250
10961542
11274146
11538458
11825583
12115375
12417250
12692313
13020917
13269229
13586396
13846146
14158333
14423083
14732354
15000000
15313958
15576917
15914688
16153854
16486104
16730771
17037542
17307688
17628042
17884625
18192500
18461542
289750
576917
901167
1153854
1479375
1730771
2046750
2307688
2613458
2884625
3191938
3461542
3771271
4038458
4349167
4615375
4907042
5192313
5508042
5769229
6079354
6346146
6652208
6923083
7224146
7500000
7812771
8076917
8393542
8653854
8960292
9230771
9550625
9807688
10115979
10384625
10692021
10961542
11260000
11538458
11835854
12115375
12441021
12692313
13010063
13269229
13591500
13846146
14139250
14423083
14711333
15000000
15302438
15576917
15879292
16153854
16461458
16730771
17036333
17307688
17621854
17884625
18191813
18461542
206188
340917
551208
681813
890396
1022729
1242271
1363646
1577042
1704542
1910063
2045458
2246583
2386354
2584854
2727271
2921333
3068188
3276500
3409083
3619167
3750000
3948167
4090917
4294417
4431813
4653021
4772729
4983229
5113646
5326938
5454542
5680958
5795458
6010938
6136354
6350271
6477271
6688896
6818188
7037896
7159083
7381563
7500000
7722125
7840917
8054688
8181813
8396125
8522729
8740042
8863646
9080292
9204542
9418479
9545458
9765833
9886354
10111250
10227271
10428875
10568188
10784917
10909083
181188
340917
555521
681813
898938
1022729
1236771
1363646
1580458
1704542
1924417
2045458
2254521
2386354
2607271
2727271
2943583
3068188
3272250
3409083
3623833
3750000
3965271
4090917
4299271
4431813
4636250
4772729
4979354
5113646
5325146
5454542
5653438
5795458
5995438
6136354
6325313
6477271
6676146
6818188
7028854
7159083
7359938
7500000
7690167
7840917
8047229
8181813
8392667
8522729
8733396
8863646
9079354
9204542
9407542
9545458
9743479
9886354
10096896
10227271
10429854
10568188
10785667
10909083
208125
340917
540292
681813
886521
1022729
1225208
1363646
1568771
1704542
1900313
2045458
2240250
2386354
2604000
2727271
2937771
3068188
3283833
3409083
3623063
3750000
3956042
4090917
4298854
4431813
4634854
4772729
4973979
5113646
5324688
5454542
5669250
5795458
5994708
6136354
6332521
6477271
6684875
6818188
7020375
7159083
7364292
7500000
7717854
7840917
8060167
8181813
8381042
8522729
8742313
8863646
9083396
9204542
9420583
9545458
9758271
9886354
10091563
10227271
10418958
10568188
10775521
10909083
198417
340917
549750
681813
882833
1022729
1222750
1363646
1576521
1704542
1909333
2045458
2239500
2386354
2591958
2727271
2931188
3068188
3266583
3409083
3619500
3750000
3959438
4090917
4293021
4431813
4653979
4772729
4973229
5113646
5321292
5454542
5647667
5795458
5996708
6136354
6323979
6477271
6667708
6818188
7019313
7159083
7365792
7500000
7698688
7840917
8048958
8181813
8386063
8522729
8735729
8863646
9078521
9204542
9405583
9545458
9733750
9886354
10092896
10227271
10412083
10568188
10774708
10909083
233521
340917
567188
681813
880917
1022729
1218854
1363646
1573917
1704542
1898438
2045458
2231604
2386354
2590146
2727271
2930417
3068188
3265771
3409083
3618792
3750000
3957708
4090917
4278688
4431813
4638208
4772729
4960417
5113646
5307604
5454542
5638917
5795458
5992500
6136354
6335521
6477271
6673917
6818188
7016125
7159083
7348729
7500000
7688521
7840917
8042313
8181813
8386729
8522729
8725750
8863646
9064271
9204542
9405021
9545458
9730021
9886354
10082521
10227271
10414896
10568188
10776375
10909083
206604
340917
548792
681813
871208
1022729
1222375
1363646
1551563
1704542
1883875
2045458
2239021
2386354
2584646
2727271
2908479
3068188
3264333
3409083
3603604
3750000
3936979
4090917
4286521
4431813
4621875
4772729
4967771
5113646
5324042
5454542
5652375
5795458
5989083
6136354
6318125
6477271
6678563
6818188
7020542
7159083
7355000
7500000
7707938
7840917
8058833
8181813
8385521
8522729
8735958
8863646
9077667
9204542
9396938
9545458
9763542
9886354
10114875
10227271
10439063
10568188
10780000
10909083
188604
340917
548854
681813
878875
1022729
1229896
1363646
1584500
1704542
1928729
2045458
2251333
2386354
2591063
2727271
2918563
3068188
3254583
3409083
3600146
3750000
3936125
4090917
4290104
4431813
4635708
4772729
4958875
5113646
5320708
5454542
5645438
5795458
5989271
6136354
6325792
6477271
6663813
6818188
7015438
7159083
7349604
7500000
7677521
7840917
8028042
8181813
8376646
8522729
8723396
8863646
9063438
9204542
9396417
9545458
9734604
9886354
10090938
10227271
10406917
10568188
10763833
10909083
180979
340917
542167
681813
869292
1022729
1199667
1363646
1563792
1704542
1883188
2045458
2219896
2386354
2581167
2727271
2903188
3068188
3260625
3409083
3609479
3750000
3938521
4090917
4284104
4431813
4635458
4772729
4959021
5113646
5312375
5454542
5644250
5795458
5989229
6136354
6323063
6477271
6665979
6818188
7016479
7159083
7346958
7500000
7706375
7840917
8053188
8181813
8389396
8522729
8727938
8863646
9071583
9204542
9398625
9545458
9736104
9886354
10090083
10227271
10402438
10568188
10771813
10909083
188854
340917
542125
681813
871917
1022729
1205708
1363646
1554583
1704542
1890208
2045458
2227396
2386354
2577292
2727271
2919271
3068188
3260542
3409083
3595083
3750000
3935063
4090917
4274375
4431813
4629604
4772729
4953146
5113646
5307875
5454542
5647729
5795458
5990542
6136354
6326500
6477271
6669313
6818188
7021250
7159083
7352875
7500000
7678729
7840917
8032375
8181813
8366146
8522729
8709688
8863646
9061896
9204542
9393333
9545458
9728542
9886354
10082146
10227271
10420354
10568188
10764229
10909083
207292
340917
553896
681813
879750
1022729
1222875
1363646
1574333
1704542
1905375
2045458
2246583
2386354
2612833
2727271
2943354
3068188
3268979
3409083
3612021
3750000
3960292
4090917
4292229
4431813
4632896
4772729
4978583
5113646
5324000
5454542
5652000
5795458
5998771
6136354
6329979
6477271
6670042
6818188
7005896
7159083
7345750
7500000
7689208
7840917
8052771
8181813
8387646
8522729
8721729
8863646
9063875
9204542
9394833
9545458
9734604
9886354
10081333
10227271
10419063
10568188
10772292
10909083
190313
340917
528396
681813
865625
1022729
1218125
1363646
1549813
1704542
1894188
2045458
2250979
2386354
2593646
2727271
2921792
3068188
3254604
3409083
3599625
3750000
3943563
4090917
4287000
4431813
4620708
4772729
4960625
5113646
5286938
5454542
5642125
5795458
5981458
6136354
6316833
6477271
6670479
6818188
7016417
7159083
7351292
7500000
7707333
7840917
8045625
8181813
8390813
8522729
8727021
8863646
9065167
9204542
9411021
9545458
9745229
9886354
10096313
10227271
10422729
10568188
10775854
10909083
208229
340917
557896
681813
887938
1022729
1223500
1363646
1568583
1704542
1910813
2045458
2248521
2386354
2592458
2727271
2927854
3068188
3272688
3409083
3605563
3750000
3947458
4090917
4298104
4431813
4643250
4772729
4975000
5113646
5322333
5454542
5659604
5795458
6002313
6136354
6334833
6477271
6684438
6818188
7009021
7159083
7367188
7500000
7696521
7840917
8040938
8181813
8396167
8522729
8729667
8863646
9069563
9204542
9410708
9545458
9750813
9886354
10097479
10227271
10433667
10568188
10774917
10909083
198188
340917
551188
681813
875750
1022729
1218396
1363646
1554000
1704542
1883813
2045458
2234542
2386354
2574458
2727271
2927438
3068188
3278521
3409083
3612958
3750000
3960813
4090917
4307833
4431813
4650583
4772729
4986042
5113646
5331854
5454542
5662229
5795458
5995250
6136354
6328250
6477271
6681667
6818188
7017479
7159083
7349146
7500000
7698042
7840917
8048792
8181813
8375250
8522729
8736083
8863646
9081583
9204542
9404188
9545458
9757146
9886354
10105583
10227271
10440167
10568188
10796333
10909083
193313
340917
547104
681813
886583
1022729
1235063
1363646
1574854
1704542
1897771
2045458
2258396
2386354
2600729
2727271
2948167
3068188
3276229
3409083
3603396
3750000
3954646
4090917
4299479
4431813
4643604
4772729
4965917
5113646
5327708
5454542
5650813
5795458
5993208
6136354
6321083
6477271
6670063
6818188
7011083
7159083
7359354
7500000
7700125
7840917
8040750
8181813
8378521
8522729
8720125
8863646
9063500
9204542
9416750
9545458
9743125
9886354
10101125
10227271
10430063
10568188
10776896
10909083
201729
340917
546958
681813
879750
1022729
1237750
1363646
1573188
1704542
1918729
2045458
2254417
2386354
2592792
2727271
2929083
3068188
3280542
3409083
3610896
3750000
3960458
4090917
4294542
4431813
4635000
4772729
4967417
5113646
5305563
5454542
5639125
5795458
5982521
6136354
6308042
6477271
6671542
6818188
7007938
7159083
7345625
7500000
7702229
7840917
8035771
8181813
8377104
8522729
8715417
8863646
9045146
9204542
9386688
9545458
9738438
9886354
10078979
10227271
10413000
10568188
10762625
10909083
191604
340917
546083
681813
876938
1022729
1218854
1363646
1567479
1704542
1910458
2045458
2266042
2386354
2596458
2727271
2933438
3068188
3265438
3409083
3607458
3750000
3938208
4090917
4277396
4431813
4631313
4772729
4957979
5113646
5316792
5454542
5645271
5795458
5985396
6136354
6315875
6477271
6665271
6818188
7015125
7159083
7350917
7500000
7695396
7840917
8041938
8181813
8383958
8522729
8723292
8863646
9058104
9204542
9404917
9545458
9736792
9886354
10084417
10227271
10416854
10568188
10769125
10909083
192458
340917
562729
681813
908563
1022729
1225208
1363646
1573813
1704542
1897104
2045458
2242354
2386354
2589333
2727271
2937104
3068188
3257271
3409083
3611333
3750000
3945938
4090917
4280958
4431813
4634979
4772729
4960688
5113646
5317833
5454542
5637063
5795458
5998750
6136354
6317583
6477271
6661458
6818188
7011896
7159083
7354333
7500000
7684458
7840917
8042167
8181813
8383646
8522729
8709833
8863646
9058625
9204542
9386396
9545458
9722021
9886354
10079729
10227271
10416729
10568188
10777271
10909083
187646
340917
552604
681813
870375
1022729
1212333
1363646
1566479
1704542
1913646
2045458
2258083
2386354
2591250
2727271
2926188
3068188
3274542
3409083
3618500
3750000
3951208
4090917
4288104
4431813
4640271
4772729
4959167
5113646
5321104
5454542
5650188
5795458
6000979
6136354
6326104
6477271
6675104
6818188
7008271
7159083
7348813
7500000
7705500
7840917
8047750
8181813
8378125
8522729
8716063
8863646
9053563
9204542
9394625
9545458
9740208
9886354
10096229
10227271
10417771
10568188
10761625
10909083
184604
340917
535208
681813
879625
1022729
1207146
1363646
1548875
1704542
1889688
2045458
2254083
2386354
2573063
2727271
2910042
3068188
3243063
3409083
3584854
3750000
3913542
4090917
4265333
4431813
4620188
4772729
4969729
5113646
5318104
5454542
5641354
5795458
5985104
6136354
6312896
6477271
6666146
6818188
6996854
7159083
7339646
7500000
7694188
7840917
8032604
8181813
8376396
8522729
8716229
8863646
9054438
9204542
9405854
9545458
9751875
9886354
10085979
10227271
10411396
10568188
10767958
10909083
197292
340917
536604
681813
886625
1022729
1220167
1363646
1556500
1704542
1890354
2045458
2239292
2386354
2599271
2727271
2914208
3068188
3252833
3409083
3601458
3750000
3943271
4090917
4270583
4431813
4625167
4772729
4964521
5113646
5320375
5454542
5652708
5795458
5996854
6136354
6305688
6477271
6659563
6818188
7019667
7159083
7342354
7500000
7676813
7840917
8040375
8181813
8373688
8522729
8715396
8863646
9055063
9204542
9390625
9545458
9740417
9886354
10085458
10227271
10419313
10568188
10766771
10909083
10000
0
623
0
567
0
6906
0
1558
0
1142
0
7091
0
1291
0
1
0
9139
0
1941
0
7
0
6988
0
891
0
8283
0
1987
0
8074
0
2733
0
878
0
8729
0
740
0
722
0
6304
0
1429
0
1404
0
9796
0
2041
0
1561
0
1862
0
4267
0
7522
0
330
0
6427
0
14
0
1
0
7561
0
725
0
737
0
8130
0
901
0
320
0
3948
0
367
0
426
0
8965
0
609
0
7617
0
675
0
5394
0
877
0
894
0
9279
0
1339
0
1042
0
8936
0
2442
0
1201
0
10000
0
2035
0
655
0
4764
0
1271
0
7340
0
2437
0
8029
0
468
0
493
0
9378
0
790
0
1
0
7503
0
535
0
283
0
7563
0
1533
0
651
0
8265
0
825
0
8850
0
1111
0
10000
0
1319
0
1561
0
8651
0
699
0
781
0
9094
0
823
0
924
0
8706
0
2041
0
1311
0
7494
0
913
0
8285
0
1762
0
9260
0
744
0
1
0
9281
0
1331
0
461
0
9080
0
691
0
24
0
9803
0
2037
0
913
0
7069
0
409
0
9223
0
879
0
10000
0
1339
0
1042
0
9493
0
2154
0
1362
0
5206
0
2551
0
1349
0
7058
0
642
0
232
0
8068
0
1328
0
8731
0
1051
0
5448
0
384
0
316
0
6952
0
463
0
1
0
6617
0
397
0
426
0
7838
0
1455
0
569
0
7647
0
922
0
10000
0
1512
0
9774
0
1304
0
1570
0
6869
0
1045
0
973
0
6417
0
451
0
1442
0
5738
0
1279
0
968
0
5146
0
648
0
6055
0
1622
0
10000
0
564
0
1211
0
7745
0
919
0
791
0
6760
0
771
0
673
0
8038
0
1836
0
641
0
7029
0
1296
0
6206
0
1132
0
6896
0
1099
0
1841
0
7687
0
454
0
1
0
6658
0
213
0
594
0
7476
0
484
0
425
0
6234
0
300
0
5239
0
921
0
8715
0
1
0
1348
0
8199
0
1115
0
714
0
8021
0
1029
0
755
0
7367
0
965
0
649
0
8292
0
1602
0
8277
0
2610
0
9692
0
760
0
136
0
5477
0
472
0
231
0
10000
0
1513
0
650
0
7089
0
1881
0
924
0
5904
0
190
0
8424
0
1989
0
5604
0
101
0
708
0
9447
0
1004
0
1
0
9368
0
1679
0
1349
0
9931
0
1431
0
9
0
10000
0
471
0
9211
0
651
0
8254
0
395
0
927
0
8569
0
739
0
843
0
8188
0
765
0
528
0
8923
0
1410
0
1074
0
8594
0
1108
0
8125
0
1483
0
5982
0
1
0
323
0
6873
0
318
0
161
0
8017
0
406
0
86
0
6200
0
1181
0
661
0
6912
0
453
0
7331
0
507
0
8134
0
359
0
810
0
7509
0
237
0
581
0
6037
0
645
0
126
0
5066
0
198
0
319
0
4397
0
1183
0
10000
0
1861
0
7223
0
99
0
448
0
7790
0
798
0
346
0
10000
0
521
0
1983
0
8083
0
784
0
487
0
8166
0
871
0
8065
0
959
0
8088
0
1514
0
93
0
7347
0
186
0
463
0
9114
0
1
0
824
0
9672
0
124
0
126
0
8100
0
289
0
7723
0
344
0
8508
0
131
0
308
0
9176
0
1602
0
971
0
9876
0
1654
0
1821
0
9816
0
2084
0
534
0
9928
0
851
0
9927
0
1104
0
9659
0
1445
0
1408
0
9357
0
861
0
710
0
9554
0
666
0
631
0
9716
0
1134
0
703
0
9051
0
1
0
10000
0
26
0
5551
0
1295
0
985
0
6517
0
871
0
1
0
8412
0
518
0
1484
0
4534
0
1470
0
960
0
8894
0
599
0
7940
0
1782
0
6748
0
1282
0
2067
0
7598
0
519
0
1135
0
7724
0
315
0
2100
0
10000
0
1693
0
1196
0
7555
0
926
0
6433
0
1216
0
3616
0
1
0
331
0
5567
0
1012
0
837
0
7011
0
934
0
1080
0
5005
0
2352
0
1482
0
5063
0
1205
0
4735
0
1097
0
4279
0
1438
0
2698
0
10000
0
2024
0
1061
0
5057
0
995
0
2205
0
4600
0
988
0
1606
0
4423
0
2051
0
5558
0
1036
0
7452
0
289
0
1282
0
10000
0
1682
0
171
0
6068
0
599
0
1434
0
8396
0
566
0
1
0
6068
0
50
0
7192
0
500
0
5721
0
476
0
1494
0
7919
0
421
0
1040
0
9080
0
393
0
1902
0
8553
0
2214
0
1435
0
6502
0
1387
0
4862
0
1170
0
8106
0
730
0
1109
0
6837
0
930
0
1
0
6420
0
593
0
1698
0
4645
0
1658
0
1774
0
8957
0
799
0
9063
0
1405
0
6272
0
1141
0
1688
0
5476
0
1264
0
609
0
7951
0
363
0
1309
0
9169
0
1829
0
1902
0
10000
0
650
0
9560
0
1775
0
4591
0
1
0
920
0
6179
0
599
0
207
0
10000
0
448
0
1294
0
9329
0
1020
0
793
0
8048
0
387
0
7210
0
1012
0
9370
0
437
0
826
0
8533
0
1472
0
1098
0
8666
0
470
0
1347
0
7268
0
1042
0
1067
0
7497
0
342
0
8824
0
567
0
6802
0
1
0
887
0
6086
0
1200
0
817
0
6408
0
276
0
395
0
4528
0
677
0
759
0
7409
0
763
0
6473
0
818
0
7223
0
799
0
1013
0
7623
0
1724
0
1086
0
9926
0
1092
0
857
0
5466
0
706
0
1488
0
10000
0
1760
0
9300
0
659
0
8434
0
58
0
568
0
6482
0
376
0
371
0
9904
0
855
0
808
0
6586
0
1275
0
1351
0
9796
0
161
0
7342
0
254
0
7138
0
156
0
411
0
6855
0
1
0
715
0
8022
0
973
0
1562
0
10000
0
790
0
1423
0
8710
0
936
0
8363
0
1387
0
8989
0
1153
0
1734
0
6480
0
1404
0
755
0
8089
0
1776
0
17
0
8234
0
1000
0
1085
0
9155
0
475
0
10000
0
1
0
8840
0
158
0
227
0
6807
0
489
0
129
0
5997
0
555
0
916
0
7063
0
1424
0
1013
0
7518
0
403
0
6984
0
484
0
8277
0
708
0
278
0
8775
0
2849
0
672
0
10000
0
264
0
571
0
6681
0
1632
0
1
0
8014
0
2693
0
9182
0
907
0
9220
0
3026
0
993
0
9032
0
1326
0
1249
0
9515
0
1681
0
666
0
9890
0
1016
0
1101
0
9221
0
2012
0
9880
0
1677
0
5907
0
1
0
658
0
3597
0
2307
0
273
0
9203
0
689
0
271
0
3570
0
476
0
508
0
5627
0
479
0
9370
0
945
0
3305
0
832
0
3
0
10000
0
783
0
553
0
3650
0
1081
0
881
0
5453
0
2029
0
1419
0
6184
0
1730
0
7812
0
819
0
7833
0
121
0
339
0
8048
0
1076
0
558
0
6649
0
641
0
800
0
7032
0
1219
0
859
0
5897
0
2123
0
6509
0
937
0
5493
0
380
0
966
0
5580
0
1413
0
521
0
7587
0
1
0
1658
0
10000
0
1634
0
1312
0
6951
0
666
0
6760
0
597
0
8037
0
405
0
1051
0
7888
0
1793
0
1011
0
10000
0
726
0
934
0
7402
0
701
0
667
0
9056
0
546
0
8725
0
706
0
6346
0
196
0
1018
0
9967
0
1882
0
914
0
7958
0
1250
0
2683
0
7933
0
1
0
782
0
6339
0
416
0
8045
0
743
0
7723
0
346
0
1
0
7226
0
904
0
551
0
6961
0
1322
0
1019
0
9687
0
1719
0
1199
0
9703
0
1288
0
10000
0
1175
0
9191
0
835
0
985
0
9215
0
1418
0
1070
0
9335
0
1508
0
1374
0
7984
0
1801
0
1454
0
7633
0
382
0
6510
0
987
0
5011
0
1
0
733
0
7641
0
382
0
179
0
8772
0
743
0
373
0
6769
0
913
0
474
0
7864
0
433
0
8603
0
343
0
7815
0
985
0
1001
0
5900
0
1016
0
1055
0
7306
0
1341
0
798
0
10000
0
952
0
552
0
9377
0
683
0
4412
0
1694
0
10000
0
1
0
158
0
8797
0
575
0
260
0
8433
0
192
0
314
0
7394
0
105
0
283
0
8440
0
538
0
7685
0
68
0
8169
0
184
0
1401
0
8434
0
926
0
757
0
7928
0
174
0
602
0
7650
0
864
0
2095
0
7702
0
858
0
6771
0
116
0
8584
0
562
0
1579
0
9478
0
2078
0
1112
0
10000
0
1632
0
1030
0
9616
0
1245
0
746
0
9069
0
764
0
8228
0
1
0
8242
0
468
0
549
0
6765
0
531
0
428
0
9587
0
450
0
751
0
8826
0
1315
0
786
0
8923
0
782
0
6356
0
603
0
7464
0
49
0
216
0
7252
0
32
0
1
0
9058
0
216
0
687
0
7019
0
898
0
605
0
7835
0
425
0
10000
0
830
0
9216
0
598
0
806
0
7536
0
514
0
608
0
8331
0
704
0
698
0
7431
0
655
0
353
0
6611
0
225
0
5952
0
190
0
10000
0
407
0
988
0
9340
0
867
0
185
0
8738
0
552
0
1488
0
7521
0
686
0
547
0
9646
0
643
0
9230
0
303
0
9531
0
1744
0
2218
0
8170
0
1028
0
1
0
8815
0
1469
0
1232
0
8158
0
1137
0
710
0
8052
0
188
0
2190
0
296
0
9710
0
1
0
740
0
8021
0
1148
0
762
0
9288
0
884
0
808
0
8629
0
1601
0
768
0
9764
0
615
0
10000
0
1468
0
9150
0
1241
0
1601
0
6442
0
552
0
619
0
8483
0
853
0
581
0
6015
0
1043
0
1328
0
6347
0
1106
0
6505
0
663
0
6328
0
402
0
659
0
6969
0
500
0
979
0
7199
0
683
0
310
0
6206
0
877
0
368
0
8407
0
350
0
7681
0
619
0
7647
0
520
0
474
0
4507
0
1169
0
1
0
6652
0
705
0
342
0
3369
0
1214
0
338
0
8896
0
399
0
10000
0
314
0
5231
0
779
0
1
0
7407
0
595
0
38
0
8110
0
1559
0
1475
0
4897
0
2174
0
1182
0
6577
0
920
0
6819
0
640
0
6691
0
1695
0
1479
0
5197
0
2283
0
819
0
10000
0
2756
0
384
0
5557
0
2024
0
1114
0
5089
0
1169
0
6200
0
661
0
6515
0
1972
0
2448
0
5612
0
2780
0
2300
0
8677
0
1851
0
2256
0
6508
0
2320
0
384
0
8957
0
2052
0
8984
0
1
0
8345
0
494
0
2028
0
8443
0
2025
0
585
0
10000
0
379
0
3007
0
5826
0
1909
0
2400
0
6984
0
531
0
5234
0
1649
0
5079
0
775
0
323
0
5361
0
477
0
456
0
5266
0
131
0
363
0
6622
0
1314
0
959
0
10000
0
856
0
7333
0
83
0
5080
0
27
0
1823
0
4604
0
1066
0
711
0
5989
0
666
0
752
0
8670
0
1176
0
1
0
5943
0
974
0
5026
0
388
0
7099
0
953
0
1581
0
6853
0
748
0
1
0
7946
0
744
0
1747
0
7762
0
1027
0
1321
0
7561
0
947
0
7004
0
1001
0
9091
0
270
0
1776
0
10000
0
1610
0
2125
0
8864
0
612
0
126
0
6619
0
1306
0
1167
0
6847
0
1221
0
9532
0
1727
0
8012
0
650
0
1597
0
7482
0
1175
0
1163
0
7181
0
1612
0
1602
0
6101
0
803
0
1174
0
8150
0
1
0
7534
0
897
0
10000
0
654
0
2274
0
6686
0
1173
0
797
0
7620
0
938
0
344
0
8589
0
1462
0
1899
0
7366
0
864
0
6507
0
743
0
5534
0
784
0
1
0
5020
0
290
0
1097
0
9101
0
336
0
71
0
5422
0
675
0
801
0
5443
0
367
0
4457
0
38
0
4576
0
222
0
794
0
5800
0
1175
0
781
0
10000
0
729
0
106
0
7630
0
570
0
279
0
6963
0
134
0
4777
0
669
0
10000
0
1
0
468
0
8896
0
1134
0
1224
0
9029
0
508
0
941
0
8917
0
249
0
678
0
8591
0
345
0
9197
0
123
0
7615
0
124
0
1297
0
7741
0
656
0
966
0
8703
0
224
0
600
0
8108
0
729
0
730
0
9534
0
396
0
6827
0
322
0
9748
0
606
0
40
0
9645
0
630
0
923
0
9296
0
853
0
244
0
9681
0
367
0
207
0
8533
0
210
0
8342
0
668
0
9505
0
452
0
942
0
7683
0
963
0
635
0
8633
0
129
0
506
0
8063
0
181
0
516
0
10000
0
1
0
8537
0
442
0
8835
0
265
0
667
0
9593
0
38
0
410
0
9826
0
163
0
311
0
8794
0
149
0
298
0
8848
0
1
0
9229
0
503
0
8496
0
317
0
742
0
8135
0
312
0
727
0
10000
0
370
0
949
0
7420
0
366
0
394
0
8348
0
172
0
8540
0
376
0
20
20
20
20
20
20
20
20
20
20
20
20
20
20
20
20
20
20
20
20
20
20
20
20
20
20
20
20
20
20
20
20
20
20
20
20
20
20
20
20
20
20
20
20
20
20
20
20
20
20
20
20
20
20
20
20
20
20
20
20
20
20
20
20
46
46
46
46
46
46
46
46
46
46
46
46
46
46
46
46
46
46
46
46
46
46
46
46
46
46
46
46
46
46
46
46
46
46
46
46
46
46
46
46
46
46
46
46
46
46
46
46
46
46
46
46
46
46
46
46
46
46
46
46
46
46
46
46
46
46
46
46
46
46
46
46
46
46
46
46
46
46
46
46
46
46
46
46
46
46
46
46
46
46
46
46
46
46
46
46
46
46
46
46
46
46
46
46
46
46
46
46
46
46
46
46
46
46
46
46
46
46
46
46
46
46
46
46
46
46
46
46
46
46
46
46
46
46
46
46
46
46
46
46
46
46
46
46
46
46
46
46
46
46
46
46
46
46
46
46
46
46
46
46
46
46
46
46
46
46
46
46
46
46
46
46
46
46
46
46
46
46
46
46
46
46
46
46
46
46
46
46
46
46
46
46
46
46
46
46
46
46
46
46
46
46
46
46
46
46
46
46
46
46
46
46
46
46
46
46
46
46
46
46
46
46
46
46
46
46
46
46
46
46
46
46
46
46
46
46
46
46
46
46
46
46
46
46
46
46
46
46
46
46
46
46
46
46
46
46
46
46
46
46
46
46
46
46
46
46
46
46
46
46
46
46
46
46
46
46
46
46
46
46
46
46
46
46
46
46
46
46
20
20
20
20
20
20
20
20
20
20
20
20
20
20
20
20
20
20
20
20
20
20
20
20
20
20
20
20
20
20
20
20
20
20
20
20
20
20
20
20
20
20
20
20
20
20
20
20
20
20
20
20
20
20
20
20
20
20
20
20
20
20
20
20
46
46
46
46
46
46
46
46
46
46
46
46
46
46
46
46
46
46
46
46
46
46
46
46
46
46
46
46
46
46
46
46
46
46
46
46
46
46
46
46
46
46
46
46
46
46
46
46
46
46
46
46
46
46
46
46
46
46
46
46
46
46
46
46
46
46
46
46
46
46
46
46
46
46
46
46
46
46
46
46
46
46
46
46
46
46
46
46
46
46
46
46
46
46
46
46
46
46
46
46
46
46
46
46
46
46
46
46
46
46
46
46
46
46
46
46
46
46
46
46
46
46
46
46
46
46
46
46
46
46
46
46
46
46
46
46
46
46
46
46
46
46
46
46
46
46
46
46
46
46
46
46
46
46
46
46
46
46
46
46
46
46
46
46
46
46
46
46
46
46
46
46
46
46
46
46
46
46
46
46
46
46
46
46
46
46
46
46
46
46
46
46
46
46
46
46
46
46
46
46
46
46
46
46
46
46
46
46
46
46
46
46
46
46
46
46
46
46
46
46
46
46
46
46
46
46
46
46
46
46
46
46
46
46
46
46
46
46
46
46
46
46
46
46
46
46
46
46
46
46
46
46
46
46
46
46
46
46
46
46
46
46
46
46
46
46
46
46
46
46
46
46
46
46
46
46
46
46
46
46
46
46
46
46
46
46
46
46
20
20
20
20
20
20
20
20
20
20
20
20
20
20
20
20
20
20
20
20
20
20
20
20
20
20
20
20
20
20
20
20
20
20
20
20
20
20
20
20
20
20
20
20
20
20
20
20
20
20
20
20
20
20
20
20
20
20
20
20
20
20
20
20
46
46
46
46
46
46
46
46
46
46
46
46
46
46
46
46
46
46
46
46
46
46
46
46
46
46
46
46
46
46
46
46
46
46
46
46
46
46
46
46
46
46
46
46
46
46
46
46
46
46
46
46
46
46
46
46
46
46
46
46
46
46
46
46
46
46
46
46
46
46
46
46
46
46
46
46
46
46
46
46
46
46
46
46
46
46
46
46
46
46
46
46
46
46
46
46
46
46
46
46
46
46
46
46
46
46
46
46
46
46
46
46
46
46
46
46
46
46
46
46
46
46
46
46
46
46
46
46
46
46
46
46
46
46
46
46
46
46
46
46
46
46
46
46
46
46
46
46
46
46
46
46
46
46
46
46
46
46
46
46
46
46
46
46
46
46
46
46
46
46
46
46
46
46
46
46
46
46
46
46
46
46
46
46
46
46
46
46
46
46
46
46
46
46
46
46
46
46
46
46
46
46
46
46
46
46
46
46
46
46
46
46
46
46
46
46
46
46
46
46
46
46
46
46
27
27
27
27
27
27
27
27
27
27
27
27
27
27
27
27
27
27
27
27
27
27
27
27
27
27
27
27
27
27
27
27
27
27
27
27
27
27
27
27
27
27
27
27
27
27
27
27
27
27
27
27
27
27
27
27
27
27
27
27
27
27
27
27
20
20
20
20
20
20
20
20
20
20
20
20
20
20
20
20
20
20
20
20
20
20
20
20
20
20
20
20
20
20
20
20
20
20
20
20
20
20
20
20
20
20
20
20
20
20
20
20
20
20
20
20
20
20
20
20
20
20
20
20
20
20
20
20
46
46
46
46
46
46
46
46
46
46
46
46
46
46
46
46
46
46
46
46
46
46
46
46
46
46
46
46
46
46
46
46
46
46
46
46
46
46
46
46
46
46
46
46
46
46
46
46
46
46
46
46
46
46
46
46
46
46
46
46
46
46
46
46
46
46
46
46
46
46
46
46
46
46
46
46
46
46
46
46
46
46
46
46
46
46
46
46
46
46
46
46
46
46
46
46
46
46
46
46
46
46
46
46
46
46
46
46
46
46
46
46
46
46
46
46
46
46
46
46
46
46
46
46
46
46
46
46
46
46
46
46
46
46
46
46
46
46
46
46
46
46
46
46
46
46
46
46
46
46
46
46
46
46
46
46
46
46
46
46
46
46
46
46
46
46
46
46
46
46
46
46
46
46
46
46
46
46
46
46
46
46
46
46
46
46
46
46
46
46
46
46
46
46
46
46
46
46
46
46
46
46
46
46
46
46
46
46
46
46
46
46
46
46
46
46
46
46
46
46
46
46
46
46
46
46
46
46
46
46
46
46
46
46
46
46
46
46
46
46
46
46
46
46
46
46
46
46
46
46
46
46
46
46
46
46
46
46
46
46
46
46
46
46
46
46
46
46
46
46
46
46
46
46
46
46
46
46
46
46
46
46
46
46
46
46
46
46
20
20
20
20
20
20
20
20
20
20
20
20
20
20
20
20
20
20
20
20
20
20
20
20
20
20
20
20
20
20
20
20
46
46
46
46
46
46
46
46
46
46
46
46
46
46
46
46
46
46
46
46
46
46
46
46
46
46
46
46
46
46
46
46
46
46
46
46
46
46
46
46
46
46
46
46
46
46
46
46
46
46
46
46
46
46
46
46
46
46
46
46
46
46
46
46
46
46
46
46
46
46
46
46
46
46
46
46
46
46
46
46
46
46
46
46
46
46
46
46
46
46
46
46
46
46
46
46
46
46
46
46
46
46
46
46
46
46
46
46
46
46
46
46
46
46
46
46
46
46
46
46
46
46
46
46
46
46
46
46
46
46
46
46
46
46
46
46
46
46
46
46
46
46
46
46
46
46
46
46
46
46
46
46
46
46
46
46
46
46
46
46
46
46
46
46
46
46
46
46
46
46
46
46
46
46
46
46
46
46
46
46
46
46
46
46
46
46
46
46
46
46
46
46
46
46
46
46
46
46
46
46
46
46
46
46
46
46
46
46
46
46
46
46
46
46
46
46
46
46
46
46
46
46
46
46
46
46
46
46
46
46
46
46
46
46
46
46
46
46
46
46
46
46
46
46
46
46
46
46
46
46
46
46
46
46
46
46
27
27
27
27
27
27
27
27
27
27
27
27
27
27
27
27
27
27
27
27
27
27
27
27
27
27
27
27
27
27
27
27
27
27
27
27
27
27
27
27
27
27
27
27
27
27
27
27
27
27
27
27
27
27
27
27
27
27
27
27
27
27
27
27
20
20
20
20
20
20
20
20
20
20
20
20
20
20
20
20
20
20
20
20
20
20
20
20
20
20
20
20
20
20
20
20
46
46
46
46
46
46
46
46
46
46
46
46
46
46
46
46
46
46
46
46
46
46
46
46
46
46
46
46
46
46
46
46
46
46
46
46
46
46
46
46
46
46
46
46
46
46
46
46
46
46
46
46
46
46
46
46
46
46
46
46
46
46
46
46
46
46
46
46
46
46
46
46
46
46
46
46
46
46
46
46
46
46
46
46
46
46
46
46
46
46
46
46
46
46
46
46
46
46
46
46
46
46
46
46
46
46
46
46
46
46
46
46
46
46
46
46
46
46
46
46
46
46
46
46
46
46
46
46
46
46
46
46
46
46
46
46
46
46
46
46
46
46
46
46
46
46
46
46
46
46
46
46
46
46
46
46
46
46
46
46
46
46
46
46
46
46
46
46
46
46
46
46
46
46
46
46
46
46
46
46
46
46
46
46
46
46
46
46
46
46
46
46
46
46
46
46
46
46
46
46
46
46
46
46
46
46
46
46
46
46
46
46
46
46
46
46
46
46
46
46
46
46
46
46
46
46
46
46
46
46
46
46
46
46
46
46
46
46
46
46
46
46
46
46
46
46
46
46
46
46
46
46
46
46
46
46
46
46
46
46
46
46
46
46
46
46
46
46
46
46
46
46
46
46
46
46
46
46
46
46
46
46
46
46
46
46
46
46
20
20
20
20
20
20
20
20
20
20
20
20
20
20
20
20
20
20
20
20
20
20
20
20
20
20
20
20
20
20
20
20
20
20
20
20
20
20
20
20
20
20
20
20
20
20
20
20
20
20
20
20
20
20
20
20
20
20
20
20
20
20
20
20
46
46
46
46
46
46
46
46
46
46
46
46
46
46
46
46
46
46
46
46
46
46
46
46
46
46
46
46
46
46
46
46
46
46
46
46
46
46
46
46
46
46
46
46
46
46
46
46
46
46
46
46
46
46
46
46
46
46
46
46
46
46
46
46
46
46
46
46
46
46
46
46
46
46
46
46
46
46
46
46
46
46
46
46
46
46
46
46
46
46
46
46
46
46
46
46
46
46
46
46
46
46
46
46
46
46
46
46
46
46
46
46
46
46
46
46
46
46
46
46
46
46
46
46
46
46
46
46
46
46
46
46
46
46
46
46
46
46
46
46
46
46
46
46
46
46
46
46
46
46
46
46
46
46
46
46
46
46
46
46
46
46
46
46
46
46
46
46
46
46
46
46
46
46
46
46
46
46
46
46
46
46
46
46
46
46
46
46
46
46
46
46
46
46
46
46
46
46
46
46
46
46
46
46
46
46
46
46
46
46
46
46
46
46
46
46
46
46
46
46
46
46
46
46
46
46
46
46
46
46
46
46
46
46
46
46
46
46
46
46
46
46
46
46
46
46
46
46
46
46
46
46
46
46
46
46
27
27
27
27
27
27
27
27
27
27
27
27
27
27
27
27
27
27
27
27
27
27
27
27
27
27
27
27
27
27
27
27
20
20
20
20
20
20
20
20
20
20
20
20
20
20
20
20
20
20
20
20
20
20
20
20
20
20
20
20
20
20
20
20
20
20
20
20
20
20
20
20
20
20
20
20
20
20
20
20
20
20
20
20
20
20
20
20
20
20
20
20
20
20
20
20
46
46
46
46
46
46
46
46
46
46
46
46
46
46
46
46
46
46
46
46
46
46
46
46
46
46
46
46
46
46
46
46
46
46
46
46
46
46
46
46
46
46
46
46
46
46
46
46
46
46
46
46
46
46
46
46
46
46
46
46
46
46
46
46
46
46
46
46
46
46
46
46
46
46
46
46
46
46
46
46
46
46
46
46
46
46
46
46
46
46
46
46
46
46
46
46
46
46
46
46
46
46
46
46
46
46
46
46
46
46
46
46
46
46
46
46
46
46
46
46
46
46
46
46
46
46
46
46
46
46
46
46
46
46
46
46
46
46
46
46
46
46
46
46
46
46
46
46
46
46
46
46
46
46
46
46
46
46
46
46
46
46
46
46
46
46
46
46
46
46
46
46
46
46
46
46
46
46
46
46
46
46
46
46
46
46
46
46
46
46
46
46
46
46
46
46
46
46
46
46
46
46
46
46
46
46
46
46
46
46
46
46
46
46
46
46
46
46
46
46
46
46
46
46
46
46
46
46
46
46
46
46
46
46
46
46
46
46
46
46
46
46
46
46
46
46
46
46
46
46
46
46
46
46
46
46
46
46
46
46
46
46
46
46
46
46
46
46
46
46
46
46
46
46
46
46
46
46
46
46
46
46
46
46
46
46
46
46
20
20
20
20
20
20
20
20
20
20
20
20
20
20
20
20
20
20
20
20
20
20
20
20
20
20
20
20
20
20
20
20
46
46
46
46
46
46
46
46
46
46
46
46
46
46
46
46
46
46
46
46
46
46
46
46
46
46
46
46
46
46
46
46
46
46
46
46
46
46
46
46
46
46
46
46
46
46
46
46
46
46
46
46
46
46
46
46
46
46
46
46
46
46
46
46
46
46
46
46
46
46
46
46
46
46
46
46
46
46
46
46
46
46
46
46
46
46
46
46
46
46
46
46
46
46
46
46
46
46
46
46
46
46
46
46
46
46
46
46
46
46
46
46
46
46
46
46
46
46
46
46
46
46
46
46
46
46
46
46
46
46
46
46
46
46
46
46
46
46
46
46
46
46
46
46
46
46
46
46
46
46
46
46
46
46
46
46
46
46
46
46
46
46
46
46
46
46
46
46
46
46
46
46
46
46
46
46
46
46
46
46
46
46
46
46
46
46
46
46
46
46
46
46
46
46
46
46
46
46
46
46
46
46
46
46
46
46
46
46
46
46
46
46
46
46
46
46
46
46
46
46
46
46
46
46
46
46
46
46
46
46
46
46
46
46
46
46
46
46
46
46
46
46
46
46
46
46
46
46
46
46
46
46
46
46
46
46
27
27
27
27
27
27
27
27
27
27
27
27
27
27
27
27
27
27
27
27
27
27
27
27
27
27
27
27
27
27
27
27
27
27
27
27
27
27
27
27
27
27
27
27
27
27
27
27
27
27
27
27
27
27
27
27
27
27
27
27
27
27
27
27
20
20
20
20
20
20
20
20
20
20
20
20
20
20
20
20
20
20
20
20
20
20
20
20
20
20
20
20
20
20
20
20
20
20
20
20
20
20
20
20
20
20
20
20
20
20
20
20
20
20
20
20
20
20
20
20
20
20
20
20
20
20
20
20
46
46
46
46
46
46
46
46
46
46
46
46
46
46
46
46
46
46
46
46
46
46
46
46
46
46
46
46
46
46
46
46
46
46
46
46
46
46
46
46
46
46
46
46
46
46
46
46
46
46
46
46
46
46
46
46
46
46
46
46
46
46
46
46
46
46
46
46
46
46
46
46
46
46
46
46
46
46
46
46
46
46
46
46
46
46
46
46
46
46
46
46
46
46
46
46
46
46
46
46
46
46
46
46
46
46
46
46
46
46
46
46
46
46
46
46
46
46
46
46
46
46
46
46
46
46
46
46
46
46
46
46
46
46
46
46
46
46
46
46
46
46
46
46
46
46
46
46
46
46
46
46
46
46
46
46
46
46
46
46
46
46
46
46
46
46
46
46
46
46
46
46
46
46
46
46
46
46
46
46
46
46
46
46
46
46
46
46
46
46
46
46
46
46
46
46
46
46
46
46
46
46
46
46
46
46
46
46
46
46
46
46
46
46
46
46
46
46
46
46
46
46
46
46
46
46
46
46
46
46
46
46
46
46
46
46
46
46
46
46
46
46
46
46
46
46
46
46
46
46
46
46
46
46
46
46
20
20
20
20
20
20
20
20
20
20
20
20
20
20
20
20
20
20
20
20
20
20
20
20
20
20
20
20
20
20
20
20
20
20
20
20
20
20
20
20
20
20
20
20
20
20
20
20
20
20
20
20
20
20
20
20
20
20
20
20
20
20
20
20
20
20
20
20
20
20
20
20
20
20
20
20
20
20
20
20
20
20
20
20
20
20
20
20
20
20
20
20
20
20
20
20
46
46
46
46
46
46
46
46
46
46
46
46
46
46
46
46
46
46
46
46
46
46
46
46
46
46
46
46
46
46
46
46
46
46
46
46
46
46
46
46
46
46
46
46
46
46
46
46
46
46
46
46
46
46
46
46
46
46
46
46
46
46
46
46
46
46
46
46
46
46
46
46
46
46
46
46
46
46
46
46
46
46
46
46
46
46
46
46
46
46
46
46
46
46
46
46
46
46
46
46
46
46
46
46
46
46
46
46
46
46
46
46
46
46
46
46
46
46
46
46
46
46
46
46
46
46
46
46
46
46
46
46
46
46
46
46
46
46
46
46
46
46
46
46
46
46
46
46
46
46
46
46
46
46
46
46
46
46
46
46
46
46
46
46
46
46
46
46
46
46
46
46
46
46
46
46
46
46
46
46
46
46
46
46
46
46
46
46
46
46
46
46
46
46
46
46
46
46
46
46
46
46
46
46
46
46
46
46
46
46
46
46
46
46
46
46
46
46
46
46
46
46
46
46
27
27
27
27
27
27
27
27
27
27
27
27
27
27
27
27
27
27
27
27
27
27
27
27
27
27
27
27
27
27
27
27
27
27
27
27
27
27
27
27
27
27
27
27
27
27
27
27
27
27
27
27
27
27
27
27
27
27
27
27
27
27
27
27
0
0
0
0
0
0
0
0
0
0
0
0
0
0
0
0
0
0
0
0
0
0
0
0
0
0
0
0
0
0
0
0
0
0
0
0
0
0
0
0
0
0
0
0
0
0
0
0
0
0
0
0
0
0
0
0
0
0
0
0
0
0
0
0
1
0
0
0
0
0
1
0
0
0
0
0
1
0
0
0
0
0
1
0
0
0
0
0
1
0
0
0
1
0
0
0
2
2
2
2
2
2
2
2
2
2
2
2
2
2
2
2
2
2
2
2
2
2
2
2
2
2
2
2
2
2
2
2
0
0
0
0
0
0
0
0
0
0
0
0
0
0
0
0
0
0
0
0
0
0
0
0
0
0
0
0
0
0
0
0
0
0
0
0
0
0
0
0
0
0
0
0
0
0
0
0
0
0
0
0
0
0
0
0
0
0
0
0
0
0
0
0
0
0
0
0
0
0
0
0
0
0
0
0
0
0
0
0
0
0
0
0
0
0
0
0
0
0
0
0
0
0
0
0
0
0
0
0
0
0
0
0
0
0
0
0
0
0
0
0
0
0
0
0
0
0
0
0
0
0
0
0
0
0
0
0
3
0
3
0
3
0
3
0
3
0
3
0
3
0
3
0
3
0
3
0
3
0
3
0
3
0
3
0
3
0
3
0
0
0
0
0
0
0
0
0
0
0
0
0
0
0
0
0
0
0
0
0
0
0
0
0
0
0
0
0
0
0
0
0
0
0
0
0
0
0
0
0
0
0
0
0
0
0
0
0
0
0
0
0
0
0
0
0
0
0
0
0
0
0
0
0
0
0
0
0
0
0
0
0
0
0
0
0
0
0
0
0
0
0
0
0
0
0
0
0
0
0
0
0
0
0
0
0
0
0
0
0
0
0
0
0
0
0
0
0
0
0
0
0
0
0
0
0
0
0
0
0
0
0
0
0
0
0
0
0
0
0
0
0
0
0
0
0
0
0
0
0
0
0
0
0
0
0
0
0
0
0
0
0
0
0
0
0
0
0
0
0
0
0
0
0
0
0
0
0
0
0
0
0
0
0
0
0
0
0
0
0
0
0
0
0
0
0
0
0
0
0
0
0
0
0
0
0
0
0
0
0
0
0
0
0
0
0
0
0
0
0
0
0
0
0
0
0
0
0
0
0
0
0
0
0
0
0
0
0
0
0
0
0
0
0
0
0
0
0
0
0
0
0
0
0
0
0
0
0
0
0
0
0
0
0
0
0
0
0
0
0
0
0
0
0
0
0
0
0
0
0
0
0
0
0
0
0
0
0
0
0
0
0
0
0
0
0
0
0
0
0
0
0
0
0
0
0
0
0
0
0
0
0
0
0
0
0
0
0
0
0
0
0
0
0
0
0
0
0
0
0
0
0
0
0
0
0
0
0
0
0
0
0
0
0
0
0
0
0
0
0
0
0
0
0
0
0
0
0
0
0
0
0
0
0
0
0
0
0
0
0
0
0
0
0
0
0
0
0
0
0
0
0
0
0
0
0
0
0
0
0
0
0
0
0
0
0
0
0
0
0
0
0
0
0
0
0
0
0
0
0
0
0
0
0
0
0
0
0
0
0
0
0
0
0
0
0
0
0
0
0
0
0
0
0
0
0
0
0
0
0
0
0
0
0
0
0
0
0
0
0
0
0
0
0
0
0
0
0
0
0
0
0
0
0
0
0
0
0
0
0
0
0
0
0
0
0
0
0
0
0
0
0
0
0
0
0
0
0
0
0
0
0
0
0
0
0
0
0
0
0
0
0
0
0
0
0
0
0
0
0
0
0
0
0
0
0
0
0
0
0
0
0
0
0
0
0
0
0
0
0
0
0
0
0
0
0
0
0
0
0
0
0
0
0
0
0
0
0
0
0
0
0
0
0
6
6
6
6
6
6
6
6
6
6
6
6
6
6
6
6
6
6
6
6
6
6
6
6
6
6
6
6
6
6
6
6
0
0
0
0
0
0
0
0
0
0
0
0
0
0
0
0
0
0
0
0
0
0
0
0
0
0
0
0
0
0
0
0
6
6
6
6
6
6
6
6
6
6
6
6
6
6
6
6
6
6
6
6
6
6
6
6
6
6
6
6
6
6
6
6
0
0
0
0
0
0
0
0
0
0
0
0
0
0
0
0
0
0
0
0
0
0
0
0
0
0
0
0
0
0
0
0
6
6
6
6
6
6
6
6
6
6
6
6
6
6
6
6
6
6
6
6
6
6
6
6
6
6
6
6
6
6
6
6
0
0
0
0
0
0
0
0
0
0
0
0
0
0
0
0
0
0
0
0
0
0
0
0
0
0
0
0
0
0
0
0
6
6
6
6
6
6
6
6
6
6
6
6
6
6
6
6
6
6
6
6
6
6
6
6
6
6
6
6
6
6
6
6
0
0
0
0
0
0
0
0
0
0
0
0
0
0
0
0
0
0
0
0
0
0
0
0
0
0
0
0
0
0
0
0
6
6
6
6
6
6
6
6
6
6
6
6
6
6
6
6
6
6
6
6
6
6
6
6
6
6
6
6
6
6
6
6
0
0
0
0
0
0
0
0
0
0
0
0
0
0
0
0
0
0
0
0
0
0
0
0
0
0
0
0
0
0
0
0
6
6
6
6
6
6
6
6
6
6
6
6
6
6
6
6
6
6
6
6
6
6
6
6
6
6
6
6
6
6
6
6
0
0
0
0
0
0
0
0
0
0
0
0
0
0
0
0
0
0
0
0
0
0
0
0
0
0
0
0
0
0
0
0
0
0
0
0
0
0
0
0
0
0
0
0
0
0
0
0
0
0
0
0
0
0
0
0
0
0
0
0
0
0
0
0
11
0
11
0
11
0
11
0
11
0
11
0
11
0
11
0
11
0
11
0
11
0
11
0
11
0
11
0
11
0
11
0
6
6
6
6
6
6
6
6
6
6
6
6
6
6
6
6
6
6
6
6
6
6
6
6
6
6
6
6
6
6
6
6
0
0
0
0
0
0
0
0
0
0
0
0
0
0
0
0
0
0
0
0
0
0
0
0
0
0
0
0
0
0
0
0
6
6
6
6
6
6
6
6
6
6
6
6
6
6
6
6
6
6
6
6
6
6
6
6
6
6
6
6
6
6
6
6
0
0
0
0
0
0
0
0
0
0
0
0
0
0
0
0
0
0
0
0
0
0
0
0
0
0
0
0
0
0
0
0
6
6
6
6
6
6
6
6
6
6
6
6
6
6
6
6
6
6
6
6
6
6
6
6
6
6
6
6
6
6
6
6
0
0
0
0
0
0
0
0
0
0
0
0
0
0
0
0
0
0
0
0
0
0
0
0
0
0
0
0
0
0
0
0
6
6
6
6
6
6
6
6
6
6
6
6
6
6
6
6
6
6
6
6
6
6
6
6
6
6
6
6
6
6
6
6
0
0
0
0
0
0
0
0
0
0
0
0
0
0
0
0
0
0
0
0
0
0
0
0
0
0
0
0
0
0
0
0
6
6
6
6
6
6
6
6
6
6
6
6
6
6
6
6
6
6
6
6
6
6
6
6
6
6
6
6
6
6
6
6
0
0
0
0
0
0
0
0
0
0
0
0
0
0
0
0
0
0
0
0
0
0
0
0
0
0
0
0
0
0
0
0
6
6
6
6
6
6
6
6
6
6
6
6
6
6
6
6
6
6
6
6
6
6
6
6
6
6
6
6
6
6
6
6
0
0
0
0
0
0
0
0
0
0
0
0
0
0
0
0
0
0
0
0
0
0
0
0
0
0
0
0
0
0
0
0
0
0
0
0
0
0
0
0
0
0
0
0
0
0
0
0
0
0
0
0
0
0
0
0
0
0
0
0
0
0
0
0
21
0
21
0
21
0
21
0
21
0
21
0
21
0
21
0
21
0
21
0
21
0
21
0
21
0
21
0
21
0
21
0
0
0
0
0
0
0
0
0
0
0
0
0
0
0
0
0
0
0
0
0
0
0
0
0
0
0
0
0
0
0
0
0
