%pattern_data
4
4
4
0
1
32
-31
0
52
88
0
1
1
0
0
0
10
0
5
0
0
0
0
0
0
0
0
88
-1
-1
0
0
0
0
-180
0
106
121
-20
-5
0
0
1
1
0
0
0
0
0
0
0
0
0
5
0
131
0
0
0
0
1
0
1
0
106
106
1
0
1
0
106
106
1
0
106
106
1
0
1
0
106
106
1
0
1
0
106
106
1
0
106
106
1
0
1
0
106
106
1
0
1
0
106
106
1
0
106
106
1
0
1
0
106
106
1
0
1
0
106
106
1
0
106
106
-67
-67
-67
-67
-100
0
-67
-67
-67
-67
-108
0
-67
-67
-104
0
-67
-67
-67
-67
-100
0
-67
-67
-67
-67
-103
0
-67
-67
-101
0
288479
576917
884354
1153854
1487236
1691851
2035896
2307688
2599438
2884625
3136841
3417862
3784083
4038458
4361312
4560495
4929083
5192313
5508396
5769229
6090199
6306666
6653292
6923083
7224792
7500000
7798798
8030017
8382875
8653854
8992310
9195631
4929083
5192313
5508396
5769229
6090199
6306666
6653292
6923083
7224792
7500000
7798798
8030017
8382875
8653854
8992310
9195631
288479
576917
884354
1153854
1487236
1691851
2035896
2307688
2599438
2884625
3136841
3417862
3784083
4038458
4361312
4560495
314083
576917
878563
1153854
1453020
1651391
2014667
2307688
2604104
2884625
3174123
3417862
3786792
4038458
4405918
4577015
4937646
5192313
5503354
5769229
6069073
6303446
6641542
6923083
7208667
7500000
7786219
8044997
8405542
8653854
8966693
9180651
4937646
5192313
5503354
5769229
6069073
6303446
6641542
6923083
7208667
7500000
7786219
8044997
8405542
8653854
8966693
9180651
314083
576917
878563
1153854
1453020
1651391
2014667
2307688
2604104
2884625
3174123
3417862
3786792
4038458
4405918
4577015
352313
576917
917500
1153854
1449286
1683311
2039348
2307688
2604639
2884625
3191685
3425842
3764674
4038458
4383915
4559375
4937042
5192313
5507563
5769229
6087677
6283846
6643479
6923083
7237271
7500000
7817267
8037437
8400083
8653854
9003006
9197171
4937042
5192313
5507563
5769229
6087677
6283846
6643479
6923083
7237271
7500000
7817267
8037437
8400083
8653854
9003006
9197171
352313
576917
917500
1153854
1449286
1683311
2039348
2307688
2604639
2884625
3191685
3425842
3764674
4038458
4383915
4559375
324104
576917
900375
1153854
1446626
1680651
2028167
2307688
2590688
2884625
3158445
3417862
3768521
4038458
4334450
4563715
4903521
5192313
5490083
5769229
6095253
6302466
6668792
6923083
7227354
7500000
7802048
8045977
8401458
8653854
9023437
9207391
4903521
5192313
5490083
5769229
6095253
6302466
6668792
6923083
7227354
7500000
7802048
8045977
8401458
8653854
9023437
9207391
324104
576917
900375
1153854
1446626
1680651
2028167
2307688
2590688
2884625
3158445
3417862
3768521
4038458
4334450
4563715
310417
576917
919100
1153854
1503011
1684991
2044021
2307688
2644875
2884625
3142207
3421082
3766021
4038458
4317671
4562595
4930583
5192313
5513646
5769229
6089663
6304566
6635292
6923083
7208146
7500000
7802693
8027917
8377313
8653854
8922555
9192971
4930583
5192313
5513646
5769229
6089663
6304566
6635292
6923083
7208146
7500000
7802693
8027917
8377313
8653854
8922555
9192971
310417
576917
919100
1153854
1503011
1684991
2044021
2307688
2644875
2884625
3142207
3421082
3766021
4038458
4317671
4562595
312333
576917
905661
1153854
1491781
1670571
2057354
2307688
2616813
2884625
3203456
3410442
3792688
4038458
4322989
4563715
4932708
5192313
5509208
5769229
6117508
6314226
6651021
6923083
7227917
7500000
7739658
8033237
8380167
8653854
8896152
9171131
4932708
5192313
5509208
5769229
6117508
6314226
6651021
6923083
7227917
7500000
7739658
8033237
8380167
8653854
8896152
9171131
312333
576917
905661
1153854
1491781
1670571
2057354
2307688
2616813
2884625
3203456
3410442
3792688
4038458
4322989
4563715
303479
576917
896063
1153854
1462120
1684431
2048438
2307688
2624625
2884625
3179505
3417862
3785708
4038458
4340579
4574355
4928125
5192313
5510646
5769229
6071370
6304566
6666292
6923083
7248396
7500000
7829640
8027917
8397938
8653854
8959953
9187091
4928125
5192313
5510646
5769229
6071370
6304566
6666292
6923083
7248396
7500000
7829640
8027917
8397938
8653854
8959953
9187091
303479
576917
896063
1153854
1462120
1684431
2048438
2307688
2624625
2884625
3179505
3417862
3785708
4038458
4340579
4574355
322438
576917
894396
1153854
1498951
1682891
2044583
2307688
2647521
2884625
3195715
3430042
3789854
4038458
4358806
4567915
4934500
5192313
5503521
5769229
6095909
6305126
6655979
6923083
7236583
7500000
7788525
8022597
8402604
8653854
9016843
9171131
4934500
5192313
5503521
5769229
6095909
6305126
6655979
6923083
7236583
7500000
7788525
8022597
8402604
8653854
9016843
9171131
322438
576917
894396
1153854
1498951
1682891
2044583
2307688
2647521
2884625
3195715
3430042
3789854
4038458
4358806
4567915
291063
576917
878646
1153854
1472806
1679111
2031938
2307688
2615271
2884625
3169285
3416182
3796292
4038458
4368489
4567355
4939396
5192313
5511750
5769229
6069892
6289726
6652729
6923083
7207417
7500000
7803152
8025817
8406667
8653854
8995953
9185971
4939396
5192313
5511750
5769229
6069892
6289726
6652729
6923083
7207417
7500000
7803152
8025817
8406667
8653854
8995953
9185971
291063
576917
878646
1153854
1472806
1679111
2031938
2307688
2615271
2884625
3169285
3416182
3796292
4038458
4368489
4567355
324063
576917
899167
1153854
1473887
1694091
2058125
2307688
2623104
2884625
3189117
3421082
3800542
4038458
4368636
4580235
4947458
5192313
5502521
5769229
6063996
6291266
6661354
6923083
7230917
7500000
7786065
8032117
8412063
8653854
8960253
9176451
4947458
5192313
5502521
5769229
6063996
6291266
6661354
6923083
7230917
7500000
7786065
8032117
8412063
8653854
8960253
9176451
324063
576917
899167
1153854
1473887
1694091
2058125
2307688
2623104
2884625
3189117
3421082
3800542
4038458
4368636
4580235
313667
576917
874313
1153854
1423918
1659371
2042875
2307688
2621563
2884625
3179060
3417302
3796042
4038458
4371149
4553075
4927771
5192313
5504021
5769229
6097743
6267326
6640125
6923083
7217771
7500000
7769414
8014617
8403750
8653854
8950000
9174351
4927771
5192313
5504021
5769229
6097743
6267326
6640125
6923083
7217771
7500000
7769414
8014617
8403750
8653854
8950000
9174351
313667
576917
874313
1153854
1423918
1659371
2042875
2307688
2621563
2884625
3179060
3417302
3796042
4038458
4371149
4553075
313188
576917
869729
1153854
1432818
1673231
2023417
2307688
2617813
2884625
3202925
3409322
3780604
4038458
4316135
4552515
4914979
5192313
5497813
5769229
6049068
6292386
6644979
6923083
7217063
7500000
7806640
8027917
8395354
8653854
8927959
9180651
4914979
5192313
5497813
5769229
6049068
6292386
6644979
6923083
7217063
7500000
7806640
8027917
8395354
8653854
8927959
9180651
313188
576917
869729
1153854
1432818
1673231
2023417
2307688
2617813
2884625
3202925
3409322
3780604
4038458
4316135
4552515
324417
576917
887688
1153854
1444519
1688631
2025604
2307688
2609021
2884625
3183866
3400782
3750292
4038458
4336075
4550835
4921271
5192313
5504938
5769229
6055815
6296586
6645083
6923083
7219813
7500000
7807490
8030577
8383646
8653854
8936192
9172111
4921271
5192313
5504938
5769229
6055815
6296586
6645083
6923083
7219813
7500000
7807490
8030577
8383646
8653854
8936192
9172111
324417
576917
887688
1153854
1444519
1688631
2025604
2307688
2609021
2884625
3183866
3400782
3750292
4038458
4336075
4550835
309667
576917
880833
1153854
1461567
1687091
2038063
2307688
2617583
2884625
3183384
3435922
3788896
4038458
4345734
4584435
4940021
5192313
5499083
5769229
6083729
6300786
6638479
6923083
7214271
7500000
7819374
8033797
8383438
8653854
8974654
9166231
4940021
5192313
5499083
5769229
6083729
6300786
6638479
6923083
7214271
7500000
7819374
8033797
8383438
8653854
8974654
9166231
309667
576917
880833
1153854
1461567
1687091
2038063
2307688
2617583
2884625
3183384
3435922
3788896
4038458
4345734
4584435
2030021
576917
874229
1153854
1455680
1694511
2030021
2307688
2605688
2884625
3180157
3421642
3777938
4038458
4344225
4565815
4909583
5192313
5495542
5769229
6086389
6284266
6632167
6923083
7231708
7500000
7832667
8025257
8399938
8653854
8983082
9175331
4909583
5192313
5495542
5769229
6086389
6284266
6632167
6923083
7231708
7500000
7832667
8025257
8399938
8653854
8983082
9175331
2030021
576917
874229
1153854
1455680
1694511
2030021
2307688
2605688
2884625
3180157
3421642
3777938
4038458
4344225
4565815
285958
576917
887417
1153854
1463414
1690871
2051438
2307688
2612792
2884625
3150511
3417302
3761771
4038458
4362347
4575475
4926792
5192313
5489875
5769229
6074046
6295466
6635896
6923083
7210438
7500000
7787421
8024697
8385208
8653854
8939743
9164131
4926792
5192313
5489875
5769229
6074046
6295466
6635896
6923083
7210438
7500000
7787421
8024697
8385208
8653854
8939743
9164131
285958
576917
887417
1153854
1463414
1690871
2051438
2307688
2612792
2884625
3150511
3417302
3761771
4038458
4362347
4575475
314583
576917
894750
1153854
1470076
1674351
2014729
2307688
2598375
2884625
3180616
3416742
3764563
4038458
4338751
4564275
4905875
5192313
5514604
5769229
6072489
6275306
6634750
6923083
7220604
7500000
7808649
8016717
8386208
8653854
8984805
9156151
4905875
5192313
5514604
5769229
6072489
6275306
6634750
6923083
7220604
7500000
7808649
8016717
8386208
8653854
8984805
9156151
314583
576917
894750
1153854
1470076
1674351
2014729
2307688
2598375
2884625
3180616
3416742
3764563
4038458
4338751
4564275
0
0
0
0
0
0
0
0
0
0
0
0
0
0
0
0
0
0
0
0
0
0
0
0
0
0
0
0
0
0
0
0
0
0
0
0
0
0
0
0
0
0
0
0
0
0
0
0
0
0
0
0
0
0
0
0
0
0
0
0
0
0
0
0
0
0
0
0
0
0
0
0
0
0
0
0
0
0
0
0
0
0
0
0
0
0
0
0
0
0
0
0
0
0
0
0
0
0
0
0
0
0
0
0
0
0
0
0
0
0
0
0
0
0
0
0
0
0
0
0
0
0
0
0
0
0
0
0
0
0
0
0
0
0
0
0
0
0
0
0
0
0
0
0
0
0
0
0
0
0
0
0
0
0
0
0
0
0
0
0
0
0
0
0
0
0
0
0
0
0
0
0
0
0
0
0
0
0
0
0
0
0
0
0
0
0
0
0
0
0
0
0
195583
340917
528813
681813
854966
973729
1218646
1363646
1540229
1704542
1823043
1999118
2248854
2386354
2554012
2678831
2931229
3068188
3270729
3409083
3582400
3699880
3948479
4090917
4288021
4431813
4579123
4705669
4963313
5113646
5280148
5397562
2931229
3068188
3270729
3409083
3582400
3699880
3948479
4090917
4288021
4431813
4579123
4705669
4963313
5113646
5280148
5397562
195583
340917
528813
681813
854966
973729
1218646
1363646
1540229
1704542
1823043
1999118
2248854
2386354
2554012
2678831
188667
340917
547667
681813
873127
967849
1210708
1363646
1557375
1704542
1848366
2005978
2249688
2386354
2555813
2675611
2908354
3068188
3264375
3409083
3571262
3708420
3923021
4090917
4275646
4431813
4587381
4730029
4943042
5113646
5282355
4730029
2908354
3068188
3264375
3409083
3571262
3708420
3923021
4090917
4275646
4431813
4587381
4730029
4943042
5113646
5282355
4730029
188667
340917
547667
681813
873127
967849
1210708
1363646
1557375
1704542
1848366
2005978
2249688
2386354
2555813
2675611
216313
340917
557688
681813
871027
965749
1208688
1363646
1533042
1704542
1866858
2003318
2234979
2386354
2556261
2692691
2920208
3068188
3268292
3409083
3608358
3708980
3939854
4090917
4282438
4431813
4626203
4735489
4964083
5113646
5312224
5420942
2920208
3068188
3268292
3409083
3608358
3708980
3939854
4090917
4282438
4431813
4626203
4735489
4964083
5113646
5312224
5420942
216313
340917
557688
681813
871027
965749
1208688
1363646
1533042
1704542
1866858
2003318
2234979
2386354
2556261
2692691
183854
340917
528146
681813
865232
961409
1212167
1363646
1554854
1704542
1878569
2004438
2234354
2386354
2598945
2687791
2925688
3068188
3265875
3409083
4595086
3711640
3934496
4090917
4273250
4431813
4602506
4725829
4951958
5113646
5309931
5392662
2925688
3068188
3265875
3409083
4595086
3711640
3934496
4090917
4273250
4431813
4602506
4725829
4951958
5113646
5309931
5392662
183854
340917
528146
681813
865232
961409
1212167
1363646
1554854
1704542
1878569
2004438
2234354
2386354
2598945
2687791
198646
340917
551771
681813
875780
958329
1192833
1363646
1540313
1704542
1845795
2000658
2216708
2386354
2548232
2681911
2912833
3068188
3265750
3409083
3576130
3707300
3943875
4090917
4288146
4431813
4598322
4710849
4962958
5113646
5291793
5414082
2912833
3068188
3265750
3409083
3576130
3707300
3943875
4090917
4288146
4431813
4598322
4710849
4962958
5113646
5291793
5414082
198646
340917
551771
681813
875780
958329
1192833
1363646
1540313
1704542
1845795
2000658
2216708
2386354
2548232
2681911
196938
340917
547188
681813
860800
970929
1204542
1363646
1543208
1704542
1862373
2003878
2234146
2386354
2543610
2689471
2922979
3068188
3255542
3409083
3592719
3710100
3932292
4090917
4275958
4431813
4603472
4732829
4959875
5113646
5289778
5404982
2922979
3068188
3255542
3409083
3592719
3710100
3932292
4090917
4275958
4431813
4603472
4732829
4959875
5113646
5289778
5404982
196938
340917
547188
681813
860800
970929
1204542
1363646
1543208
1704542
1862373
2003878
2234146
2386354
2543610
2689471
199854
340917
534000
681813
855021
978489
1209146
1363646
1548458
1704542
1867094
2007098
2247417
2386354
2570495
2679251
2926438
3068188
3257667
3409083
3599251
3710100
3932417
4090917
4257500
4431813
4572545
4726949
4962333
5113646
5302688
5408762
2926438
3068188
3257667
3409083
3599251
3710100
3932417
4090917
4257500
4431813
4572545
4726949
4962333
5113646
5302688
5408762
199854
340917
534000
681813
855021
978489
1209146
1363646
1548458
1704542
1867094
2007098
2247417
2386354
2570495
2679251
208979
340917
536896
681813
895520
970509
1220333
1363646
1547771
1704542
1909264
2004438
2249063
2386354
2602984
2685131
2926563
3068188
3280875
3409083
3614254
3713180
3943125
4090917
4294896
4431813
4625659
4720509
4959188
5113646
5311618
5410302
2926563
3068188
3280875
3409083
3614254
3713180
3943125
4090917
4294896
4431813
4625659
4720509
4959188
5113646
5311618
5410302
208979
340917
536896
681813
895520
970509
1220333
1363646
1547771
1704542
1909264
2004438
2249063
2386354
2602984
2685131
196750
340917
536271
681813
859260
964629
1212396
1363646
1562604
1704542
1885868
2008638
2238708
2386354
2567438
2685131
2910229
3068188
3259646
3409083
3574748
3707860
3930063
4090917
4278146
4431813
4580243
4722609
4950625
5113646
5289647
5397562
2910229
3068188
3259646
3409083
3574748
3707860
3930063
4090917
4278146
4431813
4580243
4722609
4950625
5113646
5289647
5397562
196750
340917
536271
681813
859260
964629
1212396
1363646
1562604
1704542
1885868
2008638
2238708
2386354
2567438
2685131
196063
340917
543000
681813
875749
968969
1218354
1363646
1556521
1704542
1865952
1994358
2230396
2386354
2508010
2668611
2907125
3068188
3253208
3409083
3570994
3697780
3932333
4090917
4271500
4431813
4589653
4730589
4961875
5113646
5275527
5406102
2907125
3068188
3253208
3409083
3570994
3697780
3932333
4090917
4271500
4431813
4589653
4730589
4961875
5113646
5275527
5406102
196063
340917
543000
681813
875749
968969
1218354
1363646
1556521
1704542
1865952
1994358
2230396
2386354
2508010
2668611
170833
340917
535750
681813
858094
964629
1207875
1363646
1563458
1704542
1857060
2005558
2237667
2386354
2526936
2689471
2926583
3068188
3286208
3409083
3573362
3712760
3939667
4090917
4277104
4431813
4574258
4718409
4942750
5113646
5283068
5415062
2926583
3068188
3286208
3409083
3573362
3712760
3939667
4090917
4277104
4431813
4574258
4718409
4942750
5113646
5283068
5415062
170833
340917
535750
681813
858094
964629
1207875
1363646
1563458
1704542
1857060
2005558
2237667
2386354
2526936
2689471
183375
340917
530438
681813
881660
977369
1219417
1363646
1554375
1704542
1892455
1997438
2236438
2386354
2571785
2675611
2913104
3068188
3257229
3409083
3573798
3713180
3940979
4090917
4278021
4431813
4599442
4725829
4948229
5113646
5299920
5395882
2913104
3068188
3257229
3409083
3573798
3713180
3940979
4090917
4278021
4431813
4599442
4725829
4948229
5113646
5299920
5395882
183375
340917
530438
681813
881660
977369
1219417
1363646
1554375
1704542
1892455
1997438
2236438
2386354
2571785
2675611
174854
340917
530750
681813
864020
976389
1217021
1363646
1559896
1704542
1857443
2008218
2230646
2386354
2584938
2696891
2923250
3068188
3269917
3409083
2591378
3710100
3945063
4090917
4287958
4431813
868220
4720509
4950792
5113646
5296264
5403862
2923250
3068188
3269917
3409083
2591378
3710100
3945063
4090917
4287958
4431813
868220
4720509
4950792
5113646
5296264
5403862
174854
340917
530750
681813
864020
976389
1217021
1363646
1559896
1704542
1857443
2008218
2230646
2386354
2584938
2696891
171208
340917
535667
681813
873818
969389
1207646
1363646
1550792
1704542
1844019
1979378
2239333
2386354
2562816
2663291
2920646
3068188
3270938
3409083
3593993
3685040
3940292
4090917
4288042
4431813
4598758
4711969
4948083
5113646
5301171
5388462
2920646
3068188
3270938
3409083
3593993
3685040
3940292
4090917
4288042
4431813
4598758
4711969
4948083
5113646
5301171
5388462
171208
340917
535667
681813
873818
969389
1207646
1363646
1550792
1704542
1844019
1979378
2239333
2386354
2562816
2663291
182396
340917
518271
681813
892133
966309
1205063
1363646
1546729
1704542
1919363
2003878
2242229
2386354
2594876
2690031
2924979
3068188
3254729
3409083
3604876
3701980
3936688
4090917
4276583
4431813
4613761
4723729
4964646
5113646
5347135
5412962
2924979
3068188
3254729
3409083
3604876
3701980
3936688
4090917
4276583
4431813
4613761
4723729
4964646
5113646
5347135
5412962
182396
340917
518271
681813
892133
966309
1205063
1363646
1546729
1704542
1919363
2003878
2242229
2386354
2594876
2690031
184083
340917
548688
681813
879161
965189
1196667
1363646
1543354
1704542
1859022
2004998
2242229
2386354
2566311
2696331
2921625
3068188
3264146
3409083
3605162
3711080
3921771
4090917
4279875
4431813
4616683
4731149
4955583
5113646
5304935
5407642
2921625
3068188
3264146
3409083
3605162
3711080
3921771
4090917
4279875
4431813
4616683
4731149
4955583
5113646
5304935
5407642
184083
340917
548688
681813
879161
965189
1196667
1363646
1543354
1704542
1859022
2004998
2242229
2386354
2566311
2696331
167875
340917
521417
681813
870598
957209
1201375
1363646
1540500
1704542
1875267
2010878
2223667
2386354
2548671
2690451
2904583
3068188
3260521
3409083
3594942
3715420
3940188
4090917
4283146
4431813
4589045
4735909
4964271
5113646
5265039
5414642
2904583
3068188
3260521
3409083
3594942
3715420
3940188
4090917
4283146
4431813
4589045
4735909
4964271
5113646
5265039
5414642
167875
340917
521417
681813
870598
957209
1201375
1363646
1540500
1704542
1875267
2010878
2223667
2386354
2548671
2690451
0
0
0
0
0
0
0
0
0
0
0
0
0
0
0
0
0
0
0
0
0
0
0
0
0
0
0
0
0
0
0
0
0
0
0
0
0
0
0
0
0
0
0
0
0
0
0
0
0
0
0
0
0
0
0
0
0
0
0
0
0
0
0
0
0
0
0
0
0
0
0
0
0
0
0
0
0
0
0
0
0
0
0
0
0
0
0
0
0
0
0
0
0
0
0
0
0
0
0
0
0
0
0
0
0
0
0
0
0
0
0
0
0
0
0
0
0
0
0
0
0
0
0
0
0
0
0
0
0
0
0
0
0
0
0
0
0
0
0
0
0
0
0
0
0
0
0
0
0
0
0
0
0
0
0
0
0
0
0
0
0
0
0
0
0
0
0
0
0
0
0
0
0
0
0
0
0
0
0
0
0
0
0
0
0
0
0
0
0
0
0
0
2412
0
5585
0
0
0
3815
0
10000
0
0
0
2908
0
0
0
63
0
9042
0
0
0
1
0
2962
0
0
0
9925
0
0
0
63
0
9042
0
0
0
1
0
2962
0
0
0
9925
0
0
0
2412
0
5585
0
0
0
3815
0
10000
0
0
0
2908
0
0
0
3794
0
1872
0
0
0
1
0
10000
0
0
0
9375
0
0
0
1947
0
4946
0
0
0
3124
0
7474
0
0
0
3145
0
0
0
1947
0
4946
0
0
0
3124
0
7474
0
0
0
3145
0
0
0
3794
0
1872
0
0
0
1
0
10000
0
0
0
9375
0
0
0
4653
0
3617
0
0
0
4101
0
3608
0
0
0
10000
0
0
0
3346
0
1
0
0
0
3081
0
5259
0
0
0
8212
0
0
0
3346
0
1
0
0
0
3081
0
5259
0
0
0
8212
0
0
0
4653
0
3617
0
0
0
4101
0
3608
0
0
0
10000
0
0
0
10000
0
930
0
0
0
1
0
4075
0
0
0
8102
0
0
0
379
0
6774
0
0
0
3065
0
4078
0
0
0
3398
0
0
0
379
0
6774
0
0
0
3065
0
4078
0
0
0
3398
0
0
0
10000
0
930
0
0
0
1
0
4075
0
0
0
8102
0
0
0
8662
0
1
0
0
0
10000
0
3919
0
0
0
6124
0
0
0
8111
0
4615
0
0
0
7687
0
5829
0
0
0
4803
0
0
0
8111
0
4615
0
0
0
7687
0
5829
0
0
0
4803
0
0
0
8662
0
1
0
0
0
10000
0
3919
0
0
0
6124
0
0
0
4606
0
1
0
0
0
3336
0
4787
0
0
0
4747
0
0
0
1583
0
2278
0
0
0
4346
0
3241
0
0
0
10000
0
0
0
1583
0
2278
0
0
0
4346
0
3241
0
0
0
10000
0
0
0
4606
0
1
0
0
0
3336
0
4787
0
0
0
4747
0
0
0
2201
0
6021
0
0
0
2279
0
4063
0
0
0
10000
0
0
0
1238
0
2897
0
0
0
1992
0
3383
0
0
0
1
0
0
0
1238
0
2897
0
0
0
1992
0
3383
0
0
0
1
0
0
0
2201
0
6021
0
0
0
2279
0
4063
0
0
0
10000
0
0
0
3816
0
6340
0
0
0
4593
0
3325
0
0
0
6716
0
0
0
6996
0
4500
0
0
0
1
0
10000
0
0
0
7933
0
0
0
6996
0
4500
0
0
0
1
0
10000
0
0
0
7933
0
0
0
3816
0
6340
0
0
0
4593
0
3325
0
0
0
6716
0
0
0
4413
0
10000
0
0
0
1
0
6216
0
0
0
9281
0
0
0
5816
0
3400
0
0
0
6266
0
613
0
0
0
8359
0
0
0
5816
0
3400
0
0
0
6266
0
613
0
0
0
8359
0
0
0
4413
0
10000
0
0
0
1
0
6216
0
0
0
9281
0
0
0
3992
0
8374
0
0
0
6971
0
4394
0
0
0
8828
0
0
0
7785
0
10000
0
0
0
7487
0
5015
0
0
0
1
0
0
0
7785
0
10000
0
0
0
7487
0
5015
0
0
0
1
0
0
0
3992
0
8374
0
0
0
6971
0
4394
0
0
0
8828
0
0
0
1
0
4432
0
0
0
2849
0
3137
0
0
0
4986
0
0
0
10000
0
1109
0
0
0
4362
0
2465
0
0
0
846
0
0
0
10000
0
1109
0
0
0
4362
0
2465
0
0
0
846
0
0
0
1
0
4432
0
0
0
2849
0
3137
0
0
0
4986
0
0
0
3742
0
3996
0
0
0
3345
0
1
0
0
0
4118
0
0
0
3321
0
4044
0
0
0
10000
0
2073
0
0
0
8605
0
0
0
3321
0
4044
0
0
0
10000
0
2073
0
0
0
8605
0
0
0
3742
0
3996
0
0
0
3345
0
1
0
0
0
4118
0
0
0
5822
0
1
0
0
0
1835
0
4398
0
0
0
9560
0
0
0
634
0
8145
0
0
0
8946
0
3697
0
0
0
10000
0
0
0
634
0
8145
0
0
0
8946
0
3697
0
0
0
10000
0
0
0
5822
0
1
0
0
0
1835
0
4398
0
0
0
9560
0
0
0
818
0
1683
0
0
0
1
0
10000
0
0
0
728
0
0
0
6216
0
8764
0
0
0
5844
0
301
0
0
0
5360
0
0
0
6216
0
8764
0
0
0
5844
0
301
0
0
0
5360
0
0
0
818
0
1683
0
0
0
1
0
10000
0
0
0
728
0
0
0
5649
0
1
0
0
0
5649
0
1315
0
0
0
3304
0
0
0
1694
0
1947
0
0
0
3394
0
10000
0
0
0
1209
0
0
0
1694
0
1947
0
0
0
3394
0
10000
0
0
0
1209
0
0
0
5649
0
1
0
0
0
5649
0
1315
0
0
0
3304
0
0
0
5247
0
1527
0
0
0
1119
0
1904
0
0
0
6219
0
0
0
3371
0
1
0
0
0
4545
0
10000
0
0
0
4869
0
0
0
3371
0
1
0
0
0
4545
0
10000
0
0
0
4869
0
0
0
5247
0
1527
0
0
0
1119
0
1904
0
0
0
6219
0
0
0
5492
0
3211
0
0
0
6387
0
2442
0
0
0
3841
0
0
0
1314
0
1
0
0
0
5746
0
5687
0
0
0
10000
0
0
0
1314
0
1
0
0
0
5746
0
5687
0
0
0
10000
0
0
0
5492
0
3211
0
0
0
6387
0
2442
0
0
0
3841
0
0
0
0
0
0
0
0
0
0
0
0
0
0
0
0
0
0
0
0
0
0
0
0
0
0
0
0
0
0
0
0
0
0
0
0
0
0
0
0
0
0
0
0
0
0
0
0
0
0
0
0
0
0
0
0
0
0
0
0
0
0
0
0
0
0
0
0
0
0
0
0
0
0
0
0
0
0
0
0
0
0
0
0
0
0
0
0
0
0
0
0
0
0
0
0
0
0
0
0
0
0
0
0
0
0
0
0
0
0
0
0
0
0
0
0
0
0
0
0
0
0
0
0
0
0
0
0
0
0
0
0
0
0
0
0
0
0
0
0
0
0
0
0
0
0
0
0
0
0
0
0
0
0
0
0
0
0
0
0
0
0
0
0
0
0
0
0
0
0
0
0
0
0
0
0
0
0
0
0
0
0
0
0
0
0
0
0
0
0
0
0
0
0
0
2177
0
4963
0
0
0
1
0
10000
0
0
0
2464
0
0
0
2122
0
3225
0
0
0
3027
0
6748
0
0
0
4439
0
0
0
2122
0
3225
0
0
0
3027
0
6748
0
0
0
4439
0
0
0
2177
0
4963
0
0
0
1
0
10000
0
0
0
2464
0
0
0
1907
0
1
0
0
0
1942
0
156
0
0
0
10000
0
0
0
5291
0
3371
0
0
0
4910
0
3536
0
0
0
5825
0
0
0
5291
0
3371
0
0
0
4910
0
3536
0
0
0
5825
0
0
0
1907
0
1
0
0
0
1942
0
156
0
0
0
10000
0
0
0
5744
0
2261
0
0
0
2242
0
7717
0
0
0
886
0
0
0
1
0
6365
0
0
0
795
0
10000
0
0
0
6850
0
0
0
1
0
6365
0
0
0
795
0
10000
0
0
0
6850
0
0
0
5744
0
2261
0
0
0
2242
0
7717
0
0
0
886
0
0
0
947
0
5315
0
0
0
3325
0
1
0
0
0
9455
0
0
0
8197
0
4840
0
0
0
3786
0
10000
0
0
0
4604
0
0
0
8197
0
4840
0
0
0
3786
0
10000
0
0
0
4604
0
0
0
947
0
5315
0
0
0
3325
0
1
0
0
0
9455
0
0
0
2403
0
1
0
0
0
6300
0
8283
0
0
0
9527
0
0
0
4569
0
1062
0
0
0
6749
0
3692
0
0
0
10000
0
0
0
4569
0
1062
0
0
0
6749
0
3692
0
0
0
10000
0
0
0
2403
0
1
0
0
0
6300
0
8283
0
0
0
9527
0
0
0
97
0
2912
0
0
0
1
0
7488
0
0
0
7026
0
0
0
5891
0
10000
0
0
0
3828
0
4369
0
0
0
2201
0
0
0
5891
0
10000
0
0
0
3828
0
4369
0
0
0
2201
0
0
0
97
0
2912
0
0
0
1
0
7488
0
0
0
7026
0
0
0
2711
0
6826
0
0
0
2235
0
10000
0
0
0
2989
0
0
0
2483
0
3470
0
0
0
1858
0
5410
0
0
0
1
0
0
0
2483
0
3470
0
0
0
1858
0
5410
0
0
0
1
0
0
0
2711
0
6826
0
0
0
2235
0
10000
0
0
0
2989
0
0
0
697
0
2837
0
0
0
1938
0
7867
0
0
0
3715
0
0
0
2721
0
2336
0
0
0
1
0
10000
0
0
0
3543
0
0
0
2721
0
2336
0
0
0
1
0
10000
0
0
0
3543
0
0
0
697
0
2837
0
0
0
1938
0
7867
0
0
0
3715
0
0
0
5691
0
5394
0
0
0
9219
0
10000
0
0
0
6010
0
0
0
1184
0
3644
0
0
0
1
0
7910
0
0
0
2935
0
0
0
1184
0
3644
0
0
0
1
0
7910
0
0
0
2935
0
0
0
5691
0
5394
0
0
0
9219
0
10000
0
0
0
6010
0
0
0
1817
0
1
0
0
0
2017
0
5258
0
0
0
590
0
0
0
7326
0
10000
0
0
0
9418
0
4902
0
0
0
79
0
0
0
7326
0
10000
0
0
0
9418
0
4902
0
0
0
79
0
0
0
1817
0
1
0
0
0
2017
0
5258
0
0
0
590
0
0
0
5654
0
6560
0
0
0
3714
0
5055
0
0
0
1
0
0
0
5436
0
8304
0
0
0
4915
0
10000
0
0
0
6926
0
0
0
5436
0
8304
0
0
0
4915
0
10000
0
0
0
6926
0
0
0
5654
0
6560
0
0
0
3714
0
5055
0
0
0
1
0
0
0
2971
0
10000
0
0
0
8439
0
6941
0
0
0
6744
0
0
0
1911
0
2774
0
0
0
3062
0
592
0
0
0
1
0
0
0
1911
0
2774
0
0
0
3062
0
592
0
0
0
1
0
0
0
2971
0
10000
0
0
0
8439
0
6941
0
0
0
6744
0
0
0
3024
0
8900
0
0
0
2027
0
6454
0
0
0
453
0
0
0
1
0
6503
0
0
0
3445
0
7917
0
0
0
10000
0
0
0
1
0
6503
0
0
0
3445
0
7917
0
0
0
10000
0
0
0
3024
0
8900
0
0
0
2027
0
6454
0
0
0
453
0
0
0
1644
0
817
0
0
0
1323
0
2979
0
0
0
10000
0
0
0
3245
0
1891
0
0
0
3790
0
1
0
0
0
2982
0
0
0
3245
0
1891
0
0
0
3790
0
1
0
0
0
2982
0
0
0
1644
0
817
0
0
0
1323
0
2979
0
0
0
10000
0
0
0
10000
0
3324
0
0
0
1
0
4746
0
0
0
8369
0
0
0
5336
0
2369
0
0
0
9840
0
3056
0
0
0
8055
0
0
0
5336
0
2369
0
0
0
9840
0
3056
0
0
0
8055
0
0
0
10000
0
3324
0
0
0
1
0
4746
0
0
0
8369
0
0
0
8757
0
6572
0
0
0
1
0
1317
0
0
0
10000
0
0
0
6940
0
4672
0
0
0
7392
0
2799
0
0
0
9118
0
0
0
6940
0
4672
0
0
0
7392
0
2799
0
0
0
9118
0
0
0
8757
0
6572
0
0
0
1
0
1317
0
0
0
10000
0
0
0
2484
0
1770
0
0
0
414
0
10000
0
0
0
7490
0
0
0
7943
0
1
0
0
0
2161
0
1970
0
0
0
4882
0
0
0
7943
0
1
0
0
0
2161
0
1970
0
0
0
4882
0
0
0
2484
0
1770
0
0
0
414
0
10000
0
0
0
7490
0
0
0
0
0
0
0
0
0
0
0
0
0
0
0
0
0
0
0
0
0
0
0
0
0
0
0
0
0
0
0
0
0
0
0
0
0
0
0
0
0
0
0
0
0
0
0
0
0
0
0
0
0
0
0
0
0
0
0
0
0
0
0
0
0
0
0
0
0
0
0
0
0
0
0
0
0
0
0
0
0
0
0
0
0
0
0
0
0
0
0
0
0
0
0
0
0
0
0
0
0
0
0
0
0
0
0
0
0
0
0
0
0
0
0
0
0
0
0
0
0
0
0
0
0
0
0
0
0
0
0
0
0
0
0
0
0
0
0
0
0
0
0
0
0
0
0
0
0
0
0
0
0
0
0
0
0
0
0
0
0
0
0
0
0
0
0
0
0
0
0
0
0
0
0
0
0
0
0
0
0
0
0
0
0
0
0
0
0
0
0
0
0
0
0
20
20
20
20
46
20
20
20
20
20
46
20
20
20
46
20
20
20
20
20
46
20
20
20
20
20
46
20
20
20
46
20
20
20
20
20
46
20
20
20
20
20
46
20
20
20
46
20
20
20
20
20
46
20
20
20
20
20
46
20
20
20
46
20
20
20
20
20
46
20
20
20
20
20
46
20
20
20
46
20
20
20
20
20
46
20
20
20
20
20
46
20
20
20
46
20
46
46
46
46
46
46
46
46
46
46
46
46
46
46
46
46
46
46
46
46
46
46
46
46
46
46
46
46
46
46
46
46
46
46
46
46
46
46
46
46
46
46
46
46
46
46
46
46
46
46
46
46
46
46
46
46
46
46
46
46
46
46
46
46
46
46
46
46
46
46
46
46
46
46
46
46
46
46
46
46
46
46
46
46
46
46
46
46
46
46
46
46
46
46
46
46
46
46
46
46
46
46
46
46
46
46
46
46
46
46
46
46
46
46
46
46
46
46
46
46
46
46
46
46
46
46
46
46
46
46
46
46
46
46
46
46
46
46
46
46
46
46
46
46
46
46
46
46
46
46
46
46
46
46
46
46
46
46
46
46
46
46
46
46
46
46
46
46
46
46
46
46
46
46
46
46
46
46
46
46
46
46
46
46
46
46
46
46
46
46
46
46
46
46
46
46
46
46
46
46
46
46
46
46
46
46
46
46
46
46
46
46
46
46
46
46
46
46
46
46
46
46
46
46
46
46
46
46
46
46
46
46
46
46
46
46
46
46
46
46
46
46
46
46
46
46
46
46
46
46
46
46
46
46
46
46
20
20
20
20
46
20
20
20
20
20
46
20
20
20
46
20
20
20
20
20
46
20
20
20
20
20
46
20
20
20
46
20
20
20
20
20
46
20
20
20
20
20
46
20
20
20
46
20
20
20
20
20
46
20
20
20
20
20
46
20
20
20
46
20
20
20
20
20
46
20
20
20
20
20
46
20
20
20
46
20
20
20
20
20
46
20
20
20
20
20
46
20
20
20
46
20
46
46
46
46
46
46
46
46
46
46
46
46
46
46
46
46
46
46
46
46
46
46
46
46
46
46
46
46
46
46
46
46
46
46
46
46
46
46
46
46
46
46
46
46
46
46
46
46
46
46
46
46
46
46
46
46
46
46
46
46
46
46
46
46
46
46
46
46
46
46
46
46
46
46
46
46
46
46
46
46
46
46
46
46
46
46
46
46
46
46
46
46
46
46
46
46
46
46
46
46
46
46
46
46
46
46
46
46
46
46
46
46
46
46
46
46
46
46
46
46
46
46
46
46
46
46
46
46
46
46
46
46
46
46
46
46
46
46
46
46
46
46
46
46
46
46
46
46
46
46
46
46
46
46
46
46
46
46
46
46
46
46
46
46
46
46
46
46
46
46
46
46
46
46
46
46
46
46
46
46
46
46
46
46
46
46
46
46
46
46
46
46
46
46
46
46
46
46
46
46
46
46
46
46
46
46
46
46
46
46
46
46
46
46
46
46
46
46
46
46
46
46
46
46
46
46
46
46
46
46
46
46
46
46
46
46
46
46
46
46
46
46
46
46
46
46
46
46
46
46
46
46
46
46
46
46
46
46
46
46
46
46
46
46
46
46
46
46
46
46
46
46
46
46
46
46
46
46
46
46
46
46
46
46
46
46
46
46
20
20
20
20
46
20
20
20
20
20
46
20
20
20
46
20
20
20
20
20
46
20
20
20
20
20
46
20
20
20
46
20
46
46
46
46
46
46
46
46
46
46
46
46
46
46
46
46
46
46
46
46
46
46
46
46
46
46
46
46
46
46
46
46
46
46
46
46
46
46
46
46
46
46
46
46
46
46
46
46
46
46
46
46
46
46
46
46
46
46
46
46
46
46
46
46
46
46
46
46
46
46
46
46
46
46
46
46
46
46
46
46
46
46
46
46
46
46
46
46
46
46
46
46
46
46
46
46
46
46
46
46
46
46
46
46
46
46
46
46
46
46
46
46
46
46
46
46
46
46
46
46
46
46
46
46
46
46
46
46
46
46
46
46
46
46
46
46
46
46
46
46
46
46
46
46
46
46
46
46
46
46
46
46
46
46
46
46
46
46
46
46
46
46
46
46
46
46
46
46
46
46
46
46
46
46
46
46
46
46
46
46
46
46
46
46
46
46
46
46
46
46
46
46
46
46
46
46
46
46
46
46
46
46
46
46
46
46
46
46
46
46
46
46
46
46
46
46
46
46
46
46
46
46
46
46
27
27
27
27
46
27
27
27
27
27
46
27
27
27
46
27
27
27
27
27
46
27
27
27
27
27
46
27
27
27
46
27
27
27
27
27
46
27
27
27
27
27
46
27
27
27
46
27
27
27
27
27
46
27
27
27
27
27
46
27
27
27
46
27
27
27
27
27
46
27
27
27
27
27
46
27
27
27
46
27
27
27
27
27
46
27
27
27
27
27
46
27
27
27
46
27
20
20
20
20
46
20
20
20
20
20
46
20
20
20
46
20
20
20
20
20
46
20
20
20
20
20
46
20
20
20
46
20
46
46
46
46
46
46
46
46
46
46
46
46
46
46
46
46
46
46
46
46
46
46
46
46
46
46
46
46
46
46
46
46
46
46
46
46
46
46
46
46
46
46
46
46
46
46
46
46
46
46
46
46
46
46
46
46
46
46
46
46
46
46
46
46
46
46
46
46
46
46
46
46
46
46
46
46
46
46
46
46
46
46
46
46
46
46
46
46
46
46
46
46
46
46
46
46
46
46
46
46
46
46
46
46
46
46
46
46
46
46
46
46
46
46
46
46
46
46
46
46
46
46
46
46
46
46
46
46
46
46
46
46
46
46
46
46
46
46
46
46
46
46
46
46
46
46
46
46
46
46
46
46
46
46
46
46
46
46
46
46
46
46
46
46
46
46
46
46
46
46
46
46
46
46
46
46
46
46
46
46
46
46
46
46
46
46
46
46
46
46
46
46
46
46
46
46
46
46
46
46
46
46
46
46
46
46
46
46
46
46
46
46
46
46
46
46
46
46
46
46
46
46
46
46
46
46
46
46
46
46
46
46
46
46
46
46
46
46
46
46
46
46
46
46
46
46
46
46
46
46
46
46
46
46
46
46
46
46
46
46
46
46
46
46
46
46
46
46
46
46
46
46
46
46
46
46
46
46
46
46
46
46
46
46
46
46
46
46
20
20
20
20
46
20
20
20
20
20
46
20
20
20
46
20
20
20
20
20
46
20
20
20
20
20
46
20
20
20
46
20
20
20
20
20
46
20
20
20
20
20
46
20
20
20
46
20
20
20
20
20
46
20
20
20
20
20
46
20
20
20
46
20
46
46
46
46
46
46
46
46
46
46
46
46
46
46
46
46
46
46
46
46
46
46
46
46
46
46
46
46
46
46
46
46
46
46
46
46
46
46
46
46
46
46
46
46
46
46
46
46
46
46
46
46
46
46
46
46
46
46
46
46
46
46
46
46
46
46
46
46
46
46
46
46
46
46
46
46
46
46
46
46
46
46
46
46
46
46
46
46
46
46
46
46
46
46
46
46
46
46
46
46
46
46
46
46
46
46
46
46
46
46
46
46
46
46
46
46
46
46
46
46
46
46
46
46
46
46
46
46
46
46
46
46
46
46
46
46
46
46
46
46
46
46
46
46
46
46
46
46
46
46
46
46
46
46
46
46
46
46
46
46
46
46
46
46
46
46
46
46
46
46
46
46
46
46
46
46
46
46
46
46
46
46
46
46
46
46
46
46
46
46
46
46
46
46
46
46
46
46
46
46
46
46
46
46
46
46
46
46
46
46
46
46
46
46
46
46
46
46
46
46
46
46
46
46
46
46
46
46
46
46
46
46
46
46
46
46
46
46
46
46
46
46
46
46
46
46
46
46
46
46
46
46
46
46
46
46
27
27
27
27
46
27
27
27
27
27
46
27
27
27
46
27
27
27
27
27
46
27
27
27
27
27
46
27
27
27
46
27
20
20
20
20
46
20
20
20
20
20
46
20
20
20
46
20
20
20
20
20
46
20
20
20
20
20
46
20
20
20
46
20
20
20
20
20
46
20
20
20
20
20
46
20
20
20
46
20
20
20
20
20
46
20
20
20
20
20
46
20
20
20
46
20
20
20
20
20
46
20
20
20
20
20
46
20
20
20
46
20
20
20
20
20
46
20
20
20
20
20
46
20
20
20
46
20
20
20
20
20
46
20
20
20
20
20
46
20
20
20
46
20
20
20
20
20
46
20
20
20
20
20
46
20
20
20
46
20
20
20
20
20
46
20
20
20
20
20
46
20
20
20
46
20
20
20
20
20
46
20
20
20
20
20
46
20
20
20
46
20
46
46
46
46
46
46
46
46
46
46
46
46
46
46
46
46
46
46
46
46
46
46
46
46
46
46
46
46
46
46
46
46
46
46
46
46
46
46
46
46
46
46
46
46
46
46
46
46
46
46
46
46
46
46
46
46
46
46
46
46
46
46
46
46
46
46
46
46
46
46
46
46
46
46
46
46
46
46
46
46
46
46
46
46
46
46
46
46
46
46
46
46
46
46
46
46
46
46
46
46
46
46
46
46
46
46
46
46
46
46
46
46
46
46
46
46
46
46
46
46
46
46
46
46
46
46
46
46
46
46
46
46
46
46
46
46
46
46
46
46
46
46
46
46
46
46
46
46
46
46
46
46
46
46
46
46
46
46
46
46
46
46
46
46
46
46
46
46
46
46
46
46
46
46
46
46
46
46
46
46
46
46
46
46
46
46
46
46
46
46
46
46
20
20
20
20
46
20
20
20
20
20
46
20
20
20
46
20
20
20
20
20
46
20
20
20
20
20
46
20
20
20
46
20
20
20
20
20
46
20
20
20
20
20
46
20
20
20
46
20
20
20
20
20
46
20
20
20
20
20
46
20
20
20
46
20
46
46
46
46
46
46
46
46
46
46
46
46
46
46
46
46
46
46
46
46
46
46
46
46
46
46
46
46
46
46
46
46
46
46
46
46
46
46
46
46
46
46
46
46
46
46
46
46
46
46
46
46
46
46
46
46
46
46
46
46
46
46
46
46
46
46
46
46
46
46
46
46
46
46
46
46
46
46
46
46
46
46
46
46
46
46
46
46
46
46
46
46
46
46
46
46
46
46
46
46
46
46
46
46
46
46
46
46
46
46
46
46
46
46
46
46
46
46
46
46
46
46
46
46
46
46
46
46
46
46
46
46
46
46
46
46
46
46
46
46
46
46
46
46
46
46
46
46
46
46
46
46
46
46
46
46
46
46
46
46
46
46
46
46
46
46
46
46
46
46
46
46
46
46
46
46
46
46
46
46
46
46
46
46
46
46
46
46
46
46
46
46
46
46
46
46
46
46
46
46
46
46
46
46
46
46
46
46
46
46
46
46
46
46
46
46
46
46
46
46
46
46
46
46
27
27
27
27
46
27
27
27
27
27
46
27
27
27
46
27
27
27
27
27
46
27
27
27
27
27
46
27
27
27
46
27
27
27
27
27
46
27
27
27
27
27
46
27
27
27
46
27
27
27
27
27
46
27
27
27
27
27
46
27
27
27
46
27
27
27
27
27
46
27
27
27
27
27
46
27
27
27
46
27
27
27
27
27
46
27
27
27
27
27
46
27
27
27
46
27
27
27
27
27
46
27
27
27
27
27
46
27
27
27
46
27
27
27
27
27
46
27
27
27
27
27
46
27
27
27
46
27
27
27
27
27
46
27
27
27
27
27
46
27
27
27
46
27
27
27
27
27
46
27
27
27
27
27
46
27
27
27
46
27
46
46
46
46
46
46
46
46
46
46
46
46
46
46
46
46
46
46
46
46
46
46
46
46
46
46
46
46
46
46
46
46
46
46
46
46
46
46
46
46
46
46
46
46
46
46
46
46
46
46
46
46
46
46
46
46
46
46
46
46
46
46
46
46
46
46
46
46
46
46
46
46
46
46
46
46
46
46
46
46
46
46
46
46
46
46
46
46
46
46
46
46
46
46
46
46
46
46
46
46
46
46
46
46
46
46
46
46
46
46
46
46
46
46
46
46
46
46
46
46
46
46
46
46
46
46
46
46
46
46
46
46
46
46
46
46
46
46
46
46
46
46
46
46
46
46
46
46
46
46
46
46
46
46
46
46
46
46
46
46
46
46
46
46
46
46
46
46
46
46
46
46
46
46
46
46
46
46
46
46
46
46
46
46
46
46
46
46
46
46
46
46
46
46
46
46
46
46
46
46
46
46
46
46
46
46
46
46
46
46
46
46
46
46
46
46
46
46
46
46
46
46
46
46
46
46
46
46
46
46
46
46
46
46
46
46
46
46
46
46
46
46
46
46
46
46
46
46
46
46
46
46
46
46
46
46
20
20
20
20
46
20
20
20
20
20
46
20
20
20
46
20
20
20
20
20
46
20
20
20
20
20
46
20
20
20
46
20
46
46
46
46
46
46
46
46
46
46
46
46
46
46
46
46
46
46
46
46
46
46
46
46
46
46
46
46
46
46
46
46
46
46
46
46
46
46
46
46
46
46
46
46
46
46
46
46
46
46
46
46
46
46
46
46
46
46
46
46
46
46
46
46
46
46
46
46
46
46
46
46
46
46
46
46
46
46
46
46
46
46
46
46
46
46
46
46
46
46
46
46
46
46
46
46
46
46
46
46
46
46
46
46
46
46
46
46
46
46
46
46
46
46
46
46
46
46
46
46
46
46
46
46
46
46
46
46
46
46
46
46
46
46
46
46
46
46
46
46
46
46
46
46
46
46
46
46
46
46
46
46
46
46
46
46
46
46
46
46
46
46
46
46
46
46
46
46
46
46
46
46
46
46
46
46
46
46
46
46
46
46
46
46
46
46
46
46
46
46
46
46
46
46
46
46
46
46
46
46
46
46
46
46
46
46
46
46
46
46
46
46
46
46
46
46
46
46
46
46
46
46
46
46
46
46
46
46
46
46
46
46
46
46
46
46
46
46
46
46
46
46
46
46
46
46
46
46
46
46
46
46
46
46
46
46
46
46
46
46
46
46
46
46
46
46
46
46
46
46
46
46
46
46
46
46
46
46
46
46
46
46
46
46
46
46
46
46
46
46
46
46
46
46
46
46
46
46
46
46
46
46
46
46
46
46
46
46
46
46
46
46
46
46
46
46
46
46
46
46
46
46
46
46
46
46
46
46
46
46
46
46
46
46
46
46
46
46
46
46
46
46
46
46
46
46
46
46
46
46
46
46
46
46
46
46
46
46
46
46
46
46
46
46
46
46
46
46
46
46
46
46
46
46
46
46
46
46
46
46
46
46
46
46
46
46
46
46
46
46
46
46
46
46
46
46
46
46
46
46
46
46
46
46
46
46
46
46
46
46
46
46
46
46
46
46
46
46
46
46
46
46
46
46
46
46
46
46
46
46
46
46
46
46
46
46
46
46
46
46
46
46
46
46
46
46
46
46
46
46
46
46
46
46
46
46
46
46
46
46
46
46
46
46
46
46
46
46
46
46
46
46
46
46
46
46
46
46
46
46
46
46
46
46
46
46
46
46
46
46
46
46
46
46
46
46
46
46
46
46
46
46
46
46
46
46
46
46
46
46
46
46
46
46
46
46
46
46
46
46
46
46
46
46
46
46
46
46
46
46
46
46
46
46
46
46
46
46
46
46
46
46
46
46
46
46
46
46
46
46
46
46
46
46
46
46
46
46
46
46
46
46
46
46
46
46
46
46
46
46
46
46
46
46
46
46
46
46
46
46
46
46
46
46
46
46
46
46
46
46
46
46
46
46
46
46
46
46
46
46
46
46
46
46
46
46
46
46
46
46
46
46
46
46
46
46
46
46
46
46
46
46
46
46
46
46
46
46
46
46
46
46
46
46
46
46
46
46
46
46
20
20
20
20
46
20
20
20
20
20
46
20
20
20
46
20
20
20
20
20
46
20
20
20
20
20
46
20
20
20
46
20
20
20
20
20
46
20
20
20
20
20
46
20
20
20
46
20
20
20
20
20
46
20
20
20
20
20
46
20
20
20
46
20
46
46
46
46
46
46
46
46
46
46
46
46
46
46
46
46
46
46
46
46
46
46
46
46
46
46
46
46
46
46
46
46
46
46
46
46
46
46
46
46
46
46
46
46
46
46
46
46
46
46
46
46
46
46
46
46
46
46
46
46
46
46
46
46
46
46
46
46
46
46
46
46
46
46
46
46
46
46
46
46
46
46
46
46
46
46
46
46
46
46
46
46
46
46
46
46
46
46
46
46
46
46
46
46
46
46
46
46
46
46
46
46
46
46
46
46
46
46
46
46
46
46
46
46
46
46
46
46
46
46
46
46
46
46
46
46
46
46
46
46
46
46
46
46
46
46
46
46
46
46
46
46
46
46
46
46
46
46
46
46
46
46
46
46
46
46
46
46
46
46
46
46
46
46
46
46
46
46
46
46
46
46
46
46
46
46
46
46
46
46
46
46
46
46
46
46
46
46
46
46
46
46
46
46
46
46
46
46
46
46
46
46
46
46
46
46
46
46
46
46
46
46
46
46
46
46
46
46
46
46
46
46
46
46
46
46
46
46
46
46
46
46
46
46
46
46
46
46
46
46
46
46
46
46
46
46
46
46
46
46
46
46
46
46
46
46
46
46
46
46
46
46
46
46
46
46
46
46
46
46
46
46
46
46
46
46
46
46
0
0
0
0
0
0
0
0
0
0
0
0
0
0
0
0
0
0
0
0
0
0
0
0
0
0
0
0
0
0
0
0
0
0
0
0
0
0
0
0
0
0
0
0
0
0
0
0
0
0
0
0
0
0
0
0
0
0
0
0
0
0
0
0
1
0
1
0
0
0
0
0
1
0
0
0
1
0
0
0
1
0
1
0
0
0
0
0
1
0
0
0
1
0
0
0
0
0
0
0
26
19
0
0
0
0
26
19
0
0
26
19
0
0
0
0
26
19
0
0
0
0
26
19
0
0
26
19
0
0
0
0
-43
0
0
0
0
0
-43
0
0
0
-43
0
0
0
0
0
-43
0
0
0
0
0
-43
0
0
0
-43
0
0
0
0
0
0
0
0
0
0
0
0
0
0
0
0
0
0
0
0
0
0
0
0
0
0
0
0
0
0
0
0
0
0
0
0
0
0
0
0
0
0
0
0
0
0
0
0
0
0
0
0
0
0
0
0
0
0
0
0
0
0
0
0
0
0
0
0
0
0
0
0
0
0
0
0
0
0
0
0
0
0
0
0
0
0
0
0
0
0
0
0
0
0
0
0
0
3
0
3
0
0
0
3
0
3
0
0
0
3
0
0
0
3
0
3
0
0
0
3
0
3
0
0
0
3
0
0
0
0
0
0
0
0
0
0
0
0
0
0
0
0
0
0
0
0
0
0
0
0
0
0
0
0
0
0
0
0
0
0
0
0
0
0
0
0
0
0
0
0
0
0
0
0
0
0
0
0
0
0
0
0
0
0
0
0
0
0
0
0
0
0
0
0
0
0
0
0
0
0
0
0
0
0
0
0
0
0
0
0
0
0
0
0
0
0
0
0
0
0
0
0
0
0
0
0
0
0
0
-1
0
0
0
0
0
-1
0
0
0
-1
0
0
0
0
0
-1
0
0
0
0
0
-1
0
0
0
-1
0
0
0
0
0
-1
0
0
0
0
0
-1
0
0
0
-1
0
0
0
0
0
-1
0
0
0
0
0
-1
0
0
0
-1
0
0
0
0
0
0
0
0
0
0
0
0
0
0
0
0
0
0
0
0
0
0
0
0
0
0
0
0
0
0
0
0
0
0
0
0
0
0
0
0
0
0
0
0
0
0
0
0
0
0
0
0
0
0
0
0
0
0
0
0
0
0
0
0
0
0
0
0
0
0
0
0
0
0
0
0
0
0
0
0
0
0
0
0
0
0
0
0
0
0
0
0
0
0
0
0
0
0
0
0
0
0
0
0
0
0
0
0
0
0
0
0
0
0
0
0
0
0
0
0
0
0
0
0
0
0
0
0
0
0
0
0
0
0
0
0
0
0
0
0
0
0
0
0
0
0
0
0
0
0
0
0
0
0
0
0
0
0
0
0
0
0
0
0
0
0
0
0
0
0
0
0
0
0
0
0
0
0
0
0
0
0
0
0
0
0
0
0
0
0
0
0
0
0
0
0
0
0
0
0
0
0
0
0
0
0
0
0
0
0
0
0
0
0
0
0
0
0
0
0
0
0
0
0
0
0
0
0
0
0
0
0
0
0
0
0
0
0
0
0
0
0
0
0
0
0
0
0
0
0
0
0
0
0
0
0
0
0
0
0
0
0
0
0
0
0
0
0
0
0
0
0
0
0
0
0
0
0
0
0
0
0
0
0
0
0
0
0
0
0
0
0
0
0
0
0
0
0
0
0
0
0
0
0
0
0
0
0
0
0
0
0
0
0
0
0
0
0
0
0
0
0
0
0
0
0
0
0
0
0
0
0
0
0
0
0
0
0
0
0
0
0
0
0
0
0
0
0
0
0
0
0
0
0
0
0
0
0
0
0
0
0
0
0
0
0
0
0
0
0
0
0
0
0
0
0
0
0
0
0
0
0
0
0
0
6
6
6
6
6
6
6
6
6
6
6
6
6
6
6
6
6
6
6
6
6
6
6
6
6
6
6
6
6
6
6
6
0
0
0
0
0
0
0
0
0
0
0
0
0
0
0
0
0
0
0
0
0
0
0
0
0
0
0
0
0
0
0
0
6
6
6
6
6
6
6
6
6
6
6
6
6
6
6
6
6
6
6
6
6
6
6
6
6
6
6
6
6
6
6
6
0
0
0
0
0
0
0
0
0
0
0
0
0
0
0
0
0
0
0
0
0
0
0
0
0
0
0
0
0
0
0
0
6
6
6
6
6
6
6
6
6
6
6
6
6
6
6
6
6
6
6
6
6
6
6
6
6
6
6
6
6
6
6
6
0
0
0
0
0
0
0
0
0
0
0
0
0
0
0
0
0
0
0
0
0
0
0
0
0
0
0
0
0
0
0
0
6
6
6
6
6
6
6
6
6
6
6
6
6
6
6
6
6
6
6
6
6
6
6
6
6
6
6
6
6
6
6
6
0
0
0
0
0
0
0
0
0
0
0
0
0
0
0
0
0
0
0
0
0
0
0
0
0
0
0
0
0
0
0
0
6
6
6
6
6
6
6
6
6
6
6
6
6
6
6
6
6
6
6
6
6
6
6
6
6
6
6
6
6
6
6
6
0
0
0
0
0
0
0
0
0
0
0
0
0
0
0
0
0
0
0
0
0
0
0
0
0
0
0
0
0
0
0
0
6
6
6
6
6
6
6
6
6
6
6
6
6
6
6
6
6
6
6
6
6
6
6
6
6
6
6
6
6
6
6
6
0
0
0
0
0
0
0
0
0
0
0
0
0
0
0
0
0
0
0
0
0
0
0
0
0
0
0
0
0
0
0
0
0
0
0
0
0
0
0
0
0
0
0
0
0
0
0
0
0
0
0
0
0
0
0
0
0
0
0
0
0
0
0
0
11
0
11
0
0
0
11
0
11
0
0
0
11
0
0
0
11
0
11
0
0
0
11
0
11
0
0
0
11
0
0
0
6
6
6
6
6
6
6
6
6
6
6
6
6
6
6
6
6
6
6
6
6
6
6
6
6
6
6
6
6
6
6
6
0
0
0
0
0
0
0
0
0
0
0
0
0
0
0
0
0
0
0
0
0
0
0
0
0
0
0
0
0
0
0
0
6
6
6
6
6
6
6
6
6
6
6
6
6
6
6
6
6
6
6
6
6
6
6
6
6
6
6
6
6
6
6
6
0
0
0
0
0
0
0
0
0
0
0
0
0
0
0
0
0
0
0
0
0
0
0
0
0
0
0
0
0
0
0
0
6
6
6
6
6
6
6
6
6
6
6
6
6
6
6
6
6
6
6
6
6
6
6
6
6
6
6
6
6
6
6
6
0
0
0
0
0
0
0
0
0
0
0
0
0
0
0
0
0
0
0
0
0
0
0
0
0
0
0
0
0
0
0
0
6
6
6
6
6
6
6
6
6
6
6
6
6
6
6
6
6
6
6
6
6
6
6
6
6
6
6
6
6
6
6
6
0
0
0
0
0
0
0
0
0
0
0
0
0
0
0
0
0
0
0
0
0
0
0
0
0
0
0
0
0
0
0
0
6
6
6
6
6
6
6
6
6
6
6
6
6
6
6
6
6
6
6
6
6
6
6
6
6
6
6
6
6
6
6
6
0
0
0
0
0
0
0
0
0
0
0
0
0
0
0
0
0
0
0
0
0
0
0
0
0
0
0
0
0
0
0
0
6
6
6
6
6
6
6
6
6
6
6
6
6
6
6
6
6
6
6
6
6
6
6
6
6
6
6
6
6
6
6
6
0
0
0
0
0
0
0
0
0
0
0
0
0
0
0
0
0
0
0
0
0
0
0
0
0
0
0
0
0
0
0
0
0
0
0
0
0
0
0
0
0
0
0
0
0
0
0
0
0
0
0
0
0
0
0
0
0
0
0
0
0
0
0
0
21
0
21
0
0
0
21
0
21
0
0
0
21
0
0
0
21
0
21
0
0
0
21
0
21
0
0
0
21
0
0
0
0
0
0
0
0
0
0
0
0
0
0
0
0
0
0
0
0
0
0
0
0
0
0
0
0
0
0
0
0
0
0
0
