%pattern_data
3
4
4
0
0
24
-31
0
52
88
0
1
1
0
0
0
10
0
8
0
0
0
0
0
0
0
0
42
-1
-1
0
0
0
10
-25
0
61
87
-20
0
1
0
0
1
0
0
0
0
0
0
0
0
0
9
0
200
9
0
0
0
1
0
1
0
1
0
1
0
1
0
1
0
1
0
1
0
1
0
1
0
1
0
1
0
1
0
1
0
1
0
1
0
1
0
1
0
1
0
1
0
1
0
1
0
1
0
1
0
0
0
0
0
0
0
0
0
0
0
0
0
0
0
0
0
-53
-53
-53
-53
-53
-53
-53
-53
-53
-53
-53
-53
-53
-53
-53
-53
-23
-53
-53
-53
-53
-53
-53
-53
-31
-31
-31
-31
-31
-31
-31
-31
287167
576917
881083
1153854
1439500
1730771
2033042
2307688
2599458
2884625
3181125
3461542
3734042
4038458
4353375
4615375
4898854
5192313
5492625
5769229
6069229
6346146
6644917
6923083
7213979
7500000
7818500
8076917
8376583
8653854
8957188
9230771
9530313
9807688
10109229
10384625
10676271
10961542
11275813
11538458
11848104
12115375
12404438
12692313
13008708
13269229
13589917
13846146
290521
576917
869833
1153854
1466000
1730771
2031958
2307688
2594729
2884625
3180479
3461542
3733021
4038458
4348583
4615375
301354
576917
874708
1153854
1429417
1730771
2028417
2307688
2616750
2884625
3191000
3461542
3768750
4038458
4336313
4615375
4899792
5192313
5513396
5769229
6077792
6346146
6644208
6923083
7240063
7500000
7823313
8076917
8387667
8653854
8971021
9230771
9543229
9807688
10091688
10384625
10678813
10961542
11267625
11538458
11859271
12115375
12428208
12692313
12999042
13269229
13581750
13846146
278167
576917
934688
1153854
1474896
1730771
2049583
2307688
2643833
2884625
3218688
3461542
3789854
4038458
4358125
4615375
279938
576917
875250
1153854
1424771
1730771
2019625
2307688
2588792
2884625
3184479
3461542
3755271
4038458
4318500
4615375
4901563
5192313
5504125
5769229
6072021
6346146
6648146
6923083
7211563
7500000
7801229
8076917
8352083
8653854
8939354
9230771
9534375
9807688
10107438
10384625
10693146
10961542
11268896
11538458
11814354
12115375
12407771
12692313
12984229
13269229
13582083
13846146
290417
576917
894979
1153854
1464375
1730771
2012521
2307688
2598375
2884625
3222604
3461542
3767438
4038458
4351708
4615375
279833
576917
868625
1153854
1422875
1730771
1999250
2307688
2564479
2884625
3159917
3461542
3744063
4038458
4334542
4615375
4887521
5192313
5461667
5769229
6041250
6346146
6644271
6923083
7191563
7500000
7798229
8076917
8390979
8653854
8948729
9230771
9502375
9807688
10089188
10384625
10680479
10961542
11243542
11538458
11829792
12115375
12414021
12692313
12967542
13269229
13553354
13846146
321063
576917
901500
1153854
1460667
1730771
2021063
2307688
2637875
2884625
3201917
3461542
3764000
4038458
4353500
4615375
266089
576917
875167
1153854
1450458
1730771
2050479
2307688
2577042
2884625
3181813
3461542
3762354
4038458
4355563
4615375
4910083
5192313
5495688
5769229
6054917
6346146
6645896
6923083
7202098
7500000
7812292
8076917
8361438
8653854
8965667
9230771
9513063
9807688
10104625
10384625
10693958
10961542
11280896
11538458
11837500
12115375
12412604
12692313
12992042
13269229
13555771
13846146
312792
576917
885271
1153854
1459208
1730771
2004146
2307688
2596208
2884625
3183750
3461542
3764521
4038458
4353146
4615375
299938
576917
887917
1153854
1434333
1730771
2047500
2307688
2593021
2884625
3173813
3461542
3766375
4038458
4345667
4615375
4906563
5192313
5488813
5769229
6045604
6346146
6634771
6923083
7213667
7500000
7798729
8076917
8369000
8653854
8944125
9230771
9526500
9807688
10110771
10384625
10697958
10961542
11246542
11538458
11824771
12115375
12416688
12692313
12981125
13269229
13561417
13846146
304667
576917
923021
1153854
1460604
1730771
2038563
2307688
2615188
2884625
3173500
3461542
3752833
4038458
4342833
4615375
303333
576917
898833
1153854
1441625
1730771
2022833
2307688
2601792
2884625
3173792
3461542
3775042
4038458
4341667
4615375
4912458
5192313
5487208
5769229
6066479
6346146
6655813
6923083
7212042
7500000
7794188
8076917
8359604
8653854
8950875
9230771
9529042
9807688
10128688
10384625
10706438
10961542
11271833
11538458
11827563
12115375
12413500
12692313
12993896
13269229
13578042
13846146
321750
576917
900500
1153854
1477417
1730771
2030479
2307688
2614604
2884625
3208208
3461542
3790313
4038458
4349313
4615375
294104
576917
882333
1153854
1448542
1730771
2020958
2307688
2579125
2884625
3177271
3461542
3755208
4038458
4339688
4615375
4910854
5192313
5486833
5769229
6058333
6346146
6650729
6923083
7229688
7500000
7827083
8076917
8377583
8653854
8952625
9230771
9534979
9807688
10113750
10384625
10686021
10961542
11274833
11538458
11856271
12115375
12434917
12692313
12973021
13269229
13555583
13846146
269271
576917
878458
1153854
1446854
1730771
2045021
2307688
2635000
2884625
3228500
3461542
3782083
4038458
4370208
4615375
299396
576917
874958
1153854
1451771
1730771
2032125
2307688
2617854
2884625
3176083
3461542
3744229
4038458
4330563
4615375
4895833
5192313
5507125
5769229
6059271
6346146
6626896
6923083
7207979
7500000
7818250
8076917
8366917
8653854
8963146
9230771
9505479
9807688
10078229
10384625
10672354
10961542
11275521
11538458
11825604
12115375
12423542
12692313
13004250
13269229
13579375
13846146
276438
576917
851771
1153854
1461875
1730771
2044688
2307688
2619333
2884625
3206583
3461542
3756500
4038458
4333083
4615375
286583
576917
871813
1153854
1453938
1730771
2016604
2307688
2592958
2884625
3176708
3461542
3766354
4038458
4342354
4615375
4925563
5192313
5502188
5769229
6060188
6346146
6619833
6923083
7212375
7500000
7793229
8076917
8360583
8653854
8937229
9230771
9521250
9807688
10088396
10384625
10665875
10961542
11239083
11538458
11811604
12115375
12402146
12692313
12970771
13269229
13531813
13846146
276333
576917
848875
1153854
1464417
1730771
2050146
2307688
2635771
2884625
3181625
3461542
3776854
4038458
4343625
4615375
282750
576917
869167
1153854
1461667
1730771
2015854
2307688
2595854
2884625
3177188
3461542
3769458
4038458
4338854
4615375
4902250
5192313
5476333
5769229
6069625
6346146
6655813
6923083
7203750
7500000
7793542
8076917
8352208
8653854
8953333
9230771
9508500
9807688
10108208
10384625
10686063
10961542
11266271
11538458
11826500
12115375
12398917
12692313
12977521
13269229
13557313
13846146
0
0
0
0
0
0
0
0
0
0
0
0
0
0
0
0
289604
576917
876792
1153854
1441938
1730771
2015083
2307688
2596667
2884625
3177708
3461542
3756042
4038458
4352104
4615375
4918479
5192313
5502563
5769229
6073521
6346146
6649896
6923083
7205292
7500000
7819833
8076917
8400354
8653854
8979708
9230771
9532417
9807688
10120042
10384625
10686188
10961542
11274333
11538458
11853167
12115375
12384292
12692313
12960208
13269229
13549958
13846146
0
0
0
0
0
0
0
0
0
0
0
0
0
0
0
0
290583
576917
898125
1153854
1450667
1730771
2023271
2307688
2602396
2884625
3177917
3461542
3726688
4038458
4325229
4615375
4937604
5192313
5465625
5769229
6059229
6346146
6630979
6923083
7206917
7500000
7824563
8076917
8375833
8653854
8931208
9230771
9509333
9807688
10092625
10384625
10662500
10961542
11289188
11538458
11871875
12115375
12405625
12692313
12978646
13269229
13555750
13846146
0
0
0
0
0
0
0
0
0
0
0
0
0
0
0
0
276438
576917
886146
1153854
1429813
1730771
2002083
2307688
2576604
2884625
3180021
3461542
3729396
4038458
4324292
4615375
4925208
5192313
5461521
5769229
6055354
6346146
6654364
6923083
7212375
7500000
7792375
8076917
8358958
8653854
8946771
9230771
9496688
9807688
10060646
10384625
10644542
10961542
11230854
11538458
11831650
12115375
12387708
12692313
12961792
13269229
13550979
13846146
0
0
0
0
0
0
0
0
0
0
0
0
0
0
0
0
265479
576917
893177
1153854
1433167
1730771
1996292
2307688
2603604
2884625
3178667
3461542
3724625
4038458
4334864
4615375
4903292
5192313
5475229
5769229
6050771
6346146
6619563
6923083
7195000
7500000
7778646
8076917
8339750
8653854
8913500
9230771
9519792
9807688
10107167
10384625
10643542
10961542
11231625
11538458
11807021
12115375
12391354
12692313
12964875
13269229
13545000
13846146
0
0
0
0
0
0
0
0
0
0
0
0
0
0
0
0
284229
576917
865354
1153854
1441938
1730771
2017500
2307688
2595750
2884625
3186229
3461542
3741875
4038458
4314333
4615375
4891458
5192313
5475396
5769229
6065688
6346146
6651563
6923083
7207313
7500000
7799938
8076917
8363563
8653854
8930063
9230771
9503333
9807688
10094875
10384625
10642979
10961542
11252292
11538458
11821521
12115375
12388729
12692313
12977479
13269229
13568167
13846146
0
0
0
0
0
0
0
0
0
0
0
0
0
0
0
0
253938
576917
883646
1153854
1449979
1730771
2024563
2307688
2598479
2884625
3177583
3461542
3734042
4038458
4327771
4615375
4905396
5192313
5473875
5769229
6060146
6346146
6638479
6923083
7194563
7500000
7786083
8076917
8388563
8653854
8952896
9230771
9523500
9807688
10121813
10384625
10669688
10961542
11251750
11538458
11836958
12115375
12418563
12692313
12973979
13269229
13529896
13846146
0
0
0
0
0
0
0
0
0
0
0
0
0
0
0
0
286500
576917
900229
1153854
1469000
1730771
2047563
2307688
2629063
2884625
3195375
3461542
3750208
4038458
4341229
4615375
4935083
5192313
5529646
5769229
6081750
6346146
6632625
6923083
7224167
7500000
7807000
8076917
8366667
8653854
8969833
9230771
9552479
9807688
10108042
10384625
10680854
10961542
11261104
11538458
11847750
12115375
12438208
12692313
12999750
13269229
13579979
13846146
0
0
0
0
0
0
0
0
0
0
0
0
0
0
0
0
303313
576917
894625
1153854
1462688
1730771
2015896
2307688
2591500
2884625
3194146
3461542
3741479
4038458
4350542
4615375
4917625
5192313
5474167
5769229
6075125
6346146
6653479
6923083
7202000
7500000
7800875
8076917
8386042
8653854
8934813
9230771
9505313
9807688
10109354
10384625
10662146
10961542
11234505
11538458
11800667
12115375
12410042
12692313
12978271
13269229
13562875
13846146
0
0
0
0
0
0
0
0
0
0
0
0
0
0
0
0
289146
576917
892709
1153854
1461417
1730771
2027333
2307688
2611896
2884625
3205025
3461542
3754896
4038458
4314893
4615375
4924688
5192313
5493896
5769229
6061542
6346146
6645299
6923083
7200813
7500000
7794896
8076917
8361563
8653854
8936208
9230771
9523563
9807688
10125979
10384625
10688229
10961542
11262333
11538458
11842750
12115375
12405854
12692313
12990083
13269229
13585854
13846146
0
0
0
0
0
0
0
0
0
0
0
0
0
0
0
0
199833
340917
562667
681813
869625
1022729
1221771
1363646
1569167
1704542
1900375
2045458
2215083
2386354
2581146
2727271
2911208
3068188
3279979
3409083
3601833
3750000
3950938
4090917
4286792
4431813
4648542
4772729
4968188
5113646
5303042
5454542
5656604
5795458
5993396
6136354
6318083
6477271
6680167
6818188
7010313
7159083
7361438
7500000
7697396
7840917
8038833
8181813
252521
441167
699771
882354
1140479
1323521
1565271
1764708
2020833
2205875
2455458
2647063
2874125
3088229
3316396
3529417
200354
340917
525896
681813
874083
1022729
1185583
1363646
1541938
1704542
1876938
2045458
2231521
2386354
2582667
2727271
2916208
3068188
3255167
3409083
3591375
3750000
3927354
4090917
4276667
4431813
4622854
4772729
4952875
5113646
5320000
5454542
5629146
5795458
5975542
6136354
6310229
6477271
6679729
6818188
6985688
7159083
7350917
7500000
7666813
7840917
8039729
8181813
248313
441167
704375
882354
1136167
1323521
1553833
1764708
2022708
2205875
2447563
2647063
2896729
3088229
3332896
3529417
183917
340917
522188
681813
862979
1022729
1211042
1363646
1544646
1704542
1882958
2045458
2229063
2386354
2588604
2727271
2893854
3068188
3249625
3409083
3578625
3750000
3923438
4090917
4272771
4431813
4618896
4772729
4943729
5113646
5291021
5454542
5626458
5795458
5971688
6136354
6322917
6477271
6673042
6818188
6991625
7159083
7338646
7500000
7668292
7840917
8017000
8181813
246417
441167
707292
882354
1155625
1323521
1579875
1764708
2043021
2205875
2483833
2647063
2920000
3088229
3356417
3529417
182000
340917
534140
681813
868070
1022729
1219289
1363646
1539163
1704542
1875146
2045458
2210854
2386354
2564875
2727271
2904458
3068188
3256500
3409083
3568729
3750000
3916979
4090917
4260396
4431813
4618542
4772729
4954042
5113646
5288874
5454542
5611104
5795458
5956896
6136354
6319000
6477271
7322792
6818188
7671458
7159083
7322792
7500000
7671458
7840917
8006083
8181813
239313
441167
725708
882354
1169979
1323521
1600875
1764708
2059604
2205875
2488104
2647063
2920896
3088229
3363958
3529417
163000
340917
530188
681813
841500
1022729
1205188
1363646
1522792
1704542
1876063
2045458
2235673
2386354
2571958
2727271
2897854
3068188
3252313
3409083
3576417
3750000
3914000
4090917
4243229
4431813
4610250
4772729
4937833
5113646
5307167
5454542
5632854
5795458
5973833
6136354
6330708
6477271
6660458
6818188
6990542
7159083
7332000
7500000
7656563
7840917
8012792
8181813
231729
441167
715729
882354
1160458
1323521
1588042
1764708
2040417
2205875
2474083
2647063
2898979
3088229
3346167
3529417
167208
340917
523625
681813
859271
1022729
1210417
1363646
1528875
1704542
1880688
2045458
2229646
2386354
2568750
2727271
2900917
3068188
3237292
3409083
3572521
3750000
3922125
4090917
4258353
4431813
4617458
4772729
4938021
5113646
5283271
5454542
5621063
5795458
5966875
6136354
6315292
6477271
6679688
6818188
6987583
7159083
7343813
7500000
7667813
7840917
8029688
8181813
220563
441167
684396
882354
1132167
1323521
1541271
1764708
2018458
2205875
2484042
2647063
2927500
3088229
3340708
3529417
200479
340917
540750
681813
865083
1022729
1213042
1363646
1555688
1704542
1902333
2045458
2225438
2386354
2582063
2727271
2907708
3068188
3266667
3409083
3601167
3750000
3942229
4090917
4271250
4431813
4617833
4772729
4946729
5113646
5303604
5454542
5628792
5795458
5978375
6136354
6317458
6477271
6665458
6818188
6995313
7159083
7345313
7500000
7676563
7840917
8022104
8181813
226396
441167
695438
882354
1127229
1323521
1590646
1764708
2044146
2205875
2467021
2647063
2903688
3088229
3359167
3529417
192271
340917
535500
681813
877979
1022729
1216271
1363646
1538750
1704542
1888521
2045458
2224688
2386354
2569938
2727271
2909938
3068188
3255521
3409083
3590250
3750000
3944083
4090917
4273167
4431813
4620958
4772729
4954021
5113646
5298833
5454542
5625229
5795458
5964667
6136354
6310271
6477271
6659563
6818188
6989125
7159083
7322479
7500000
7669917
7840917
8017854
8181813
245729
441167
717021
882354
1140313
1323521
1549083
1764708
2024896
2205875
2468417
2647063
2900271
3088229
3350958
3529417
172104
340917
524188
681813
843167
1022729
1200458
1363646
1538479
1704542
1880750
2045458
2217271
2386354
2569250
2727271
2906396
3068188
3243250
3409083
3571750
3750000
3920833
4090917
4255500
4431813
4617292
4772729
4936792
5113646
5288729
5454542
5609375
5795458
5965500
6136354
6305521
6477271
6665771
6818188
6986250
7159083
7337813
7500000
7659104
7840917
8010917
8181813
262667
441167
698604
882354
1141563
1323521
1568938
1764708
2006750
2205875
2435292
2647063
2882438
3088229
3344396
3529417
176021
340917
523646
681813
854917
1022729
1199438
1363646
1527938
1704542
1892563
2045458
2220563
2386354
2571313
2727271
2909479
3068188
3252000
3409083
3581271
3750000
3913229
4090917
4255938
4431813
4632563
4772729
4958625
5113646
5295479
5454542
5618583
5795458
5971813
6136354
6313917
6477271
6661875
6818188
7007375
7159083
7333625
7500000
7669042
7840917
8021000
8181813
256458
441167
703229
882354
1130313
1323521
1568729
1764708
2013771
2205875
2438813
2647063
2904688
3088229
3339125
3529417
170625
340917
527917
681813
856417
1022729
1189396
1363646
1531208
1704542
1874583
2045458
2206813
2386354
2565625
2727271
2897104
3068188
3233479
3409083
3575604
3750000
3929271
4090917
4261396
4431813
4612292
4772729
4957167
5113646
5288563
5454542
5623146
5795458
5949146
6136354
6289271
6477271
6637729
6818188
6976646
7159083
7330208
7500000
7663833
7840917
7995063
8181813
0
0
0
0
0
0
0
0
0
0
0
0
0
0
0
0
204021
340917
520625
681813
893750
1022729
1244042
1363646
1576375
1704542
1907813
2045458
2242250
2386354
2579771
2727271
2918368
3068188
3246000
3409083
3575667
3750000
3928063
4090917
4276063
4431813
4638438
4772729
4951271
5113646
5312354
5454542
5649604
5795458
5989813
6136354
6321042
6477271
6670042
6818188
7012521
7159083
7354563
7500000
7686479
7840917
8033042
8181813
0
0
0
0
0
0
0
0
0
0
0
0
0
0
0
0
187021
340917
542833
681813
916188
1022729
1216375
1363646
1560063
1704542
1878229
2045458
2205833
2386354
2575521
2727271
2894229
3068188
3237896
3409083
3572125
3750000
3914729
4090917
4259979
4431813
4609438
4772729
4948750
5113646
5285813
5454542
5648125
5795458
5962792
6136354
6293021
6477271
6661688
6818188
7001604
7159083
7341104
7500000
7698292
7840917
8025563
8181813
0
0
0
0
0
0
0
0
0
0
0
0
0
0
0
0
161896
340917
511125
681813
864438
1022729
1208938
1363646
1568083
1704542
1878354
2045458
2221083
2386354
2561667
2727271
2928938
3068188
3252354
3409083
3605604
3750000
3936750
4090917
4267208
4431813
4626021
4772729
4975292
5113646
5300875
5454542
5634125
5795458
5960229
6136354
6297854
6477271
6653958
6818188
7012438
7159083
7322625
7500000
7682125
7840917
8013958
8181813
0
0
0
0
0
0
0
0
0
0
0
0
0
0
0
0
160896
340917
535563
681813
863021
1022729
1224375
1363646
1524063
1704542
1882583
2045458
2213458
2386354
2561646
2727271
2902229
3068188
3239542
3409083
3568833
3750000
3916875
4090917
4262167
4431813
4633729
4772729
4935083
5113646
5306583
5454542
5621750
5795458
5981375
6136354
6267833
6477271
6650042
6818188
6959250
7159083
7331333
7500000
7648917
7840917
8025542
8181813
0
0
0
0
0
0
0
0
0
0
0
0
0
0
0
0
162271
340917
512729
681813
851042
1022729
1209479
1363646
1531438
1704542
1880646
2045458
2205917
2386354
2566458
2727271
2896917
3068188
3248042
3409083
3585021
3750000
3922542
4090917
4271250
4431813
4633083
4772729
4939104
5113646
5295000
5454542
5618500
5795458
5967792
6136354
6294000
6477271
6646813
6818188
6965208
7159083
7326042
7500000
7655896
7840917
8018042
8181813
0
0
0
0
0
0
0
0
0
0
0
0
0
0
0
0
171646
340917
525104
681813
858146
1022729
1202542
1363646
1522938
1704542
1886396
2045458
2212896
2386354
2559750
2727271
2886042
3068188
3248313
3409083
3571104
3750000
3923771
4090917
4263479
4431813
4615646
4772729
4942292
5113646
5295604
5454542
5624396
5795458
5986000
6136354
6308604
6477271
6648250
6818188
6989896
7159083
7338563
7500000
7665104
7840917
8025875
8181813
0
0
0
0
0
0
0
0
0
0
0
0
0
0
0
0
174979
340917
526958
681813
845188
1022729
1197958
1363646
1544292
1704542
1891000
2045458
2232479
2386354
2568333
2727271
2909063
3068188
3255583
3409083
3607917
3750000
3934250
4090917
4280000
4431813
4608688
4772729
4965333
5113646
5294688
5454542
5638333
5795458
5973104
6136354
6308063
6477271
6630958
6818188
6988188
7159083
7318813
7500000
7665229
7840917
8002979
8181813
0
0
0
0
0
0
0
0
0
0
0
0
0
0
0
0
165104
340917
524896
681813
861000
1022729
1197688
1363646
1555104
1704542
1882458
2045458
2224625
2386354
2570292
2727271
2916667
3068188
3242646
3409083
3582729
3750000
3932813
4090917
4270250
4431813
4630896
4772729
4968750
5113646
5298313
5454542
5634500
5795458
5965521
6136354
6325292
6477271
6653438
6818188
7016646
7159083
7336542
7500000
7681000
7840917
8029292
8181813
0
0
0
0
0
0
0
0
0
0
0
0
0
0
0
0
172083
340917
504625
681813
877083
1022729
1217875
1363646
1521271
1704542
1871479
2045458
2222354
2386354
2551250
2727271
2908729
3068188
3262646
3409083
3585875
3750000
3949104
4090917
4271792
4431813
4637125
4772729
4967104
5113646
5318646
5454542
5635532
5795458
5971908
6136354
6312188
6477271
6685104
6818188
7001188
7159083
7350667
7500000
7671354
7840917
8028750
8181813
0
0
0
0
0
0
0
0
0
0
0
0
0
0
0
0
8869
0
1813
0
1019
0
577
0
1254
0
176
0
5473
0
1197
0
1715
0
528
0
1136
0
1
0
10000
0
813
0
1107
0
770
0
1519
0
244
0
6451
0
1224
0
1347
0
1110
0
2980
0
2196
0
1579
0
958
0
463
0
1368
0
957
0
941
0
1273
0
482
0
9966
0
528
0
1538
0
89
0
2393
0
1
0
6929
0
637
0
1775
0
24
0
2423
0
1002
0
10000
0
1098
0
1495
0
384
0
1029
0
685
0
5507
0
1479
0
1028
0
1232
0
1773
0
53
0
2288
0
148
0
238
0
2387
0
208
0
321
0
294
0
283
0
10000
0
1248
0
1400
0
529
0
2086
0
561
0
3379
0
275
0
1375
0
577
0
1202
0
1
0
8011
0
650
0
1837
0
197
0
1535
0
476
0
3706
0
159
0
1596
0
796
0
1724
0
28
0
2157
0
546
0
468
0
1812
0
633
0
476
0
545
0
1105
0
8760
0
1530
0
3047
0
952
0
1262
0
980
0
5404
0
1
0
2118
0
739
0
1524
0
1487
0
10000
0
2362
0
4024
0
1356
0
3277
0
1960
0
6700
0
2281
0
3557
0
1800
0
2862
0
1211
0
3116
0
317
0
942
0
2444
0
404
0
405
0
477
0
586
0
10000
0
668
0
1918
0
1060
0
952
0
1
0
6139
0
1039
0
2336
0
780
0
2142
0
617
0
9567
0
1582
0
3532
0
508
0
2352
0
15
0
6385
0
545
0
2277
0
526
0
749
0
656
0
2393
0
447
0
459
0
1422
0
451
0
537
0
730
0
489
0
7107
0
370
0
374
0
1369
0
950
0
890
0
4174
0
1135
0
1220
0
1448
0
1122
0
769
0
10000
0
1911
0
1287
0
382
0
924
0
1
0
5303
0
514
0
268
0
1271
0
615
0
1534
0
4061
0
193
0
222
0
4476
0
257
0
313
0
414
0
399
0
10000
0
1
0
1900
0
241
0
2345
0
1131
0
5412
0
896
0
2393
0
745
0
1783
0
669
0
9649
0
998
0
1134
0
319
0
1829
0
755
0
4534
0
904
0
1443
0
213
0
901
0
717
0
3852
0
585
0
534
0
2826
0
599
0
770
0
1096
0
760
0
10000
0
769
0
1494
0
1
0
984
0
245
0
4886
0
847
0
1193
0
487
0
1056
0
441
0
8932
0
761
0
2327
0
1147
0
1435
0
688
0
3029
0
158
0
1840
0
129
0
248
0
243
0
9894
0
634
0
642
0
7265
0
487
0
570
0
706
0
734
0
10000
0
1878
0
2035
0
1300
0
2488
0
734
0
4249
0
1088
0
1931
0
473
0
1852
0
1100
0
7495
0
1334
0
2625
0
838
0
2035
0
1
0
3623
0
1044
0
1426
0
1425
0
1504
0
585
0
7356
0
422
0
970
0
7788
0
653
0
894
0
855
0
1218
0
10000
0
322
0
2666
0
197
0
2069
0
1
0
6202
0
95
0
1743
0
462
0
2573
0
1574
0
8050
0
1022
0
2157
0
1066
0
2450
0
994
0
5697
0
347
0
1542
0
1021
0
2376
0
744
0
10018
0
1168
0
1566
0
9110
0
1058
0
1281
0
1379
0
1252
0
10000
0
2075
0
2314
0
690
0
2324
0
1054
0
4819
0
1
0
2317
0
223
0
1967
0
1524
0
7102
0
1004
0
1468
0
727
0
1854
0
1187
0
4920
0
330
0
1976
0
336
0
2001
0
1133
0
0
0
0
0
0
0
0
0
0
0
0
0
0
0
0
0
10000
0
1078
0
493
0
62
0
1080
0
320
0
4931
0
1881
0
843
0
210
0
519
0
173
0
9513
0
2037
0
1416
0
74
0
374
0
689
0
4813
0
947
0
59
0
1
0
526
0
84
0
0
0
0
0
0
0
0
0
0
0
0
0
0
0
0
0
7802
0
1113
0
326
0
333
0
130
0
473
0
4118
0
1003
0
548
0
307
0
404
0
490
0
10000
0
988
0
423
0
234
0
177
0
322
0
5648
0
678
0
1
0
510
0
1219
0
574
0
0
0
0
0
0
0
0
0
0
0
0
0
0
0
0
0
10000
0
2344
0
259
0
523
0
1
0
1086
0
3866
0
1904
0
151
0
1179
0
656
0
1218
0
7012
0
2002
0
427
0
1047
0
480
0
964
0
4863
0
1761
0
584
0
1176
0
440
0
752
0
0
0
0
0
0
0
0
0
0
0
0
0
0
0
0
0
10000
0
2511
0
215
0
563
0
293
0
385
0
4376
0
2615
0
476
0
1008
0
1
0
1408
0
8038
0
3189
0
237
0
883
0
51
0
230
0
3531
0
2405
0
471
0
1044
0
246
0
577
0
0
0
0
0
0
0
0
0
0
0
0
0
0
0
0
0
9976
0
3316
0
29
0
885
0
1
0
1147
0
4867
0
3001
0
217
0
982
0
331
0
1249
0
10000
0
3955
0
41
0
339
0
108
0
1408
0
5003
0
2567
0
57
0
1562
0
543
0
1438
0
0
0
0
0
0
0
0
0
0
0
0
0
0
0
0
0
10000
0
3301
0
146
0
1006
0
344
0
1045
0
4800
0
5025
0
1
0
1122
0
305
0
1334
0
9772
0
2870
0
692
0
658
0
125
0
1615
0
4564
0
3948
0
360
0
1540
0
259
0
1017
0
0
0
0
0
0
0
0
0
0
0
0
0
0
0
0
0
9572
0
2188
0
368
0
599
0
382
0
650
0
3919
0
1846
0
145
0
820
0
469
0
849
0
10000
0
2818
0
306
0
340
0
1
0
835
0
6242
0
3155
0
730
0
474
0
757
0
1958
0
0
0
0
0
0
0
0
0
0
0
0
0
0
0
0
0
10000
0
2967
0
504
0
1393
0
475
0
1906
0
4623
0
1567
0
284
0
595
0
588
0
1487
0
8929
0
1868
0
577
0
1349
0
32
0
1954
0
3985
0
1965
0
11
0
1651
0
1
0
1907
0
0
0
0
0
0
0
0
0
0
0
0
0
0
0
0
0
8621
0
4296
0
725
0
1446
0
1284
0
436
0
6796
0
3429
0
36
0
1596
0
1
0
796
0
10000
0
3294
0
1405
0
1881
0
1471
0
2074
0
4151
0
3297
0
381
0
1390
0
100
0
1260
0
0
0
0
0
0
0
0
0
0
0
0
0
0
0
0
0
10000
0
2776
0
2317
0
435
0
844
0
50
0
5844
0
677
0
1257
0
543
0
1254
0
587
0
9365
0
1949
0
382
0
1
0
1377
0
277
0
5643
0
378
0
1520
0
505
0
978
0
493
0
1093
0
755
0
624
0
851
0
421
0
376
0
472
0
632
0
9007
0
1402
0
1
0
507
0
589
0
50
0
5586
0
1310
0
1467
0
573
0
669
0
207
0
10000
0
2106
0
2796
0
819
0
1838
0
91
0
5117
0
664
0
925
0
817
0
1456
0
1687
0
1698
0
433
0
720
0
1069
0
336
0
202
0
367
0
421
0
7645
0
1592
0
698
0
646
0
979
0
1
0
3858
0
1126
0
1175
0
540
0
988
0
845
0
10000
0
2097
0
1907
0
642
0
1603
0
199
0
5755
0
626
0
2244
0
1048
0
1834
0
1554
0
4070
0
494
0
809
0
1612
0
416
0
485
0
675
0
599
0
7583
0
1229
0
1561
0
1
0
717
0
762
0
3900
0
631
0
1138
0
623
0
673
0
593
0
10000
0
1131
0
1806
0
952
0
1322
0
639
0
3329
0
844
0
680
0
844
0
680
0
431
0
3229
0
1387
0
919
0
3143
0
1659
0
1387
0
1862
0
417
0
7603
0
1192
0
499
0
813
0
299
0
1006
0
3564
0
1665
0
999
0
1295
0
599
0
818
0
10000
0
2265
0
1
0
1323
0
228
0
1223
0
4507
0
2351
0
1008
0
1726
0
264
0
1722
0
2544
0
319
0
467
0
1433
0
238
0
409
0
586
0
543
0
8581
0
2215
0
970
0
1737
0
173
0
1177
0
4901
0
1
0
1078
0
1440
0
866
0
1324
0
10000
0
2552
0
1451
0
1571
0
103
0
1557
0
5201
0
1653
0
536
0
1035
0
709
0
1011
0
5476
0
175
0
164
0
3868
0
174
0
244
0
178
0
235
0
6043
0
850
0
1007
0
407
0
473
0
1
0
5044
0
484
0
868
0
1047
0
1338
0
460
0
10000
0
1109
0
1361
0
1210
0
820
0
744
0
4919
0
524
0
763
0
1011
0
785
0
781
0
6701
0
400
0
371
0
3983
0
218
0
329
0
496
0
726
0
10000
0
2634
0
3345
0
914
0
1923
0
425
0
4682
0
459
0
1175
0
408
0
1367
0
26
0
9839
0
1059
0
3236
0
344
0
2358
0
439
0
5597
0
358
0
2329
0
1
0
1964
0
457
0
5436
0
393
0
674
0
3939
0
499
0
587
0
625
0
496
0
9567
0
164
0
1142
0
737
0
684
0
314
0
4811
0
424
0
1208
0
852
0
1538
0
1126
0
10000
0
439
0
1258
0
597
0
1572
0
272
0
5344
0
1
0
1322
0
704
0
1378
0
432
0
11180
0
720
0
828
0
9300
0
633
0
381
0
1119
0
817
0
7301
0
1016
0
940
0
519
0
1281
0
214
0
3998
0
700
0
1962
0
1
0
1809
0
745
0
10000
0
1057
0
1706
0
548
0
1728
0
953
0
5420
0
1005
0
1599
0
1122
0
1842
0
1403
0
6818
0
268
0
970
0
4238
0
425
0
784
0
742
0
853
0
10000
0
1
0
979
0
415
0
1308
0
806
0
5061
0
476
0
478
0
536
0
1517
0
1338
0
8115
0
972
0
1797
0
1106
0
1962
0
1331
0
4602
0
523
0
428
0
113
0
983
0
96
0
0
0
0
0
0
0
0
0
0
0
0
0
0
0
0
0
10000
0
2303
0
705
0
773
0
570
0
534
0
5327
0
2282
0
217
0
340
0
1
0
108
0
9834
0
3055
0
1220
0
208
0
93
0
545
0
6802
0
778
0
1003
0
782
0
442
0
115
0
0
0
0
0
0
0
0
0
0
0
0
0
0
0
0
0
9342
0
1609
0
1
0
932
0
553
0
1148
0
5356
0
1814
0
815
0
1002
0
601
0
546
0
10000
0
3197
0
1687
0
1114
0
493
0
891
0
4790
0
1018
0
1078
0
399
0
661
0
854
0
0
0
0
0
0
0
0
0
0
0
0
0
0
0
0
0
7474
0
4636
0
77
0
1004
0
70
0
1077
0
4762
0
1335
0
239
0
1186
0
1
0
704
0
10000
0
3122
0
169
0
1152
0
94
0
488
0
3771
0
2094
0
62
0
1115
0
266
0
1086
0
0
0
0
0
0
0
0
0
0
0
0
0
0
0
0
0
10000
0
2370
0
347
0
1705
0
261
0
1070
0
3949
0
2712
0
912
0
1109
0
226
0
751
0
9781
0
2323
0
491
0
985
0
296
0
1035
0
2660
0
1660
0
619
0
1087
0
1
0
927
0
0
0
0
0
0
0
0
0
0
0
0
0
0
0
0
0
7771
0
2491
0
1
0
1332
0
269
0
1281
0
3090
0
3063
0
519
0
1891
0
126
0
1330
0
10000
0
1995
0
119
0
1675
0
223
0
1426
0
2959
0
2266
0
478
0
1432
0
193
0
1481
0
0
0
0
0
0
0
0
0
0
0
0
0
0
0
0
0
8138
0
2120
0
602
0
813
0
142
0
667
0
3023
0
3091
0
357
0
995
0
348
0
1032
0
10000
0
3383
0
416
0
1273
0
1
0
1321
0
4679
0
3464
0
1103
0
1423
0
540
0
1951
0
0
0
0
0
0
0
0
0
0
0
0
0
0
0
0
0
10000
0
5658
0
407
0
2599
0
1
0
1648
0
7217
0
5288
0
586
0
1431
0
259
0
2496
0
9925
0
5988
0
892
0
681
0
301
0
2349
0
5395
0
4494
0
261
0
2054
0
249
0
2136
0
0
0
0
0
0
0
0
0
0
0
0
0
0
0
0
0
10000
0
6320
0
475
0
2146
0
255
0
1842
0
5771
0
5035
0
920
0
2397
0
1
0
2423
0
8835
0
7510
0
531
0
2701
0
243
0
2299
0
2821
0
5297
0
831
0
2169
0
210
0
2572
0
0
0
0
0
0
0
0
0
0
0
0
0
0
0
0
0
10000
0
4191
0
1150
0
1109
0
89
0
70
0
5697
0
1
0
795
0
1044
0
546
0
225
0
7314
0
5087
0
1034
0
2459
0
447
0
978
0
2838
0
1873
0
641
0
959
0
301
0
918
0
0
0
0
0
0
0
0
0
0
0
0
0
0
0
0
0
20
20
20
20
20
20
20
20
20
20
20
20
20
20
20
20
20
20
20
20
20
20
20
20
20
20
20
20
20
20
20
20
20
20
20
20
20
20
20
20
20
20
20
20
20
20
20
20
20
20
20
20
20
20
20
20
20
20
20
20
20
20
20
20
46
46
46
46
46
46
46
46
46
46
46
46
46
46
46
46
46
46
46
46
46
46
46
46
46
46
46
46
46
46
46
46
46
46
46
46
46
46
46
46
46
46
46
46
46
46
46
46
46
46
46
46
46
46
46
46
46
46
46
46
46
46
46
46
46
46
46
46
46
46
46
46
46
46
46
46
46
46
46
46
46
46
46
46
46
46
46
46
46
46
46
46
46
46
46
46
46
46
46
46
46
46
46
46
46
46
46
46
46
46
46
46
46
46
46
46
46
46
46
46
46
46
46
46
46
46
46
46
46
46
46
46
46
46
46
46
46
46
46
46
46
46
46
46
46
46
46
46
46
46
46
46
46
46
46
46
46
46
46
46
46
46
46
46
46
46
46
46
46
46
46
46
46
46
46
46
46
46
46
46
46
46
46
46
46
46
46
46
46
46
46
46
46
46
46
46
46
46
46
46
46
46
46
46
46
46
46
46
46
46
46
46
46
46
46
46
46
46
46
46
46
46
46
46
46
46
46
46
46
46
46
46
46
46
46
46
46
46
46
46
46
46
46
46
46
46
46
46
46
46
46
46
46
46
46
46
46
46
46
46
46
46
46
46
46
46
46
46
46
46
46
46
46
46
46
46
46
46
46
46
46
46
46
46
46
46
46
46
20
20
20
20
20
20
20
20
20
20
20
20
20
20
20
20
20
20
20
20
20
20
20
20
46
46
46
46
46
46
46
46
20
20
20
20
20
20
20
20
20
20
20
20
20
20
20
20
20
20
20
20
20
20
20
20
46
46
46
46
46
46
46
46
46
46
46
46
46
46
46
46
46
46
46
46
46
46
46
46
46
46
46
46
46
46
46
46
46
46
46
46
46
46
46
46
46
46
46
46
46
46
46
46
46
46
46
46
46
46
46
46
46
46
46
46
46
46
46
46
46
46
46
46
46
46
46
46
46
46
46
46
46
46
46
46
46
46
46
46
46
46
46
46
46
46
46
46
46
46
46
46
46
46
46
46
46
46
46
46
46
46
46
46
46
46
46
46
46
46
46
46
46
46
46
46
46
46
46
46
46
46
46
46
46
46
46
46
46
46
46
46
46
46
46
46
46
46
46
46
46
46
46
46
46
46
46
46
46
46
46
46
46
46
46
46
46
46
46
46
46
46
46
46
46
46
46
46
46
46
46
46
46
46
46
46
46
46
46
46
46
46
46
46
46
46
46
46
46
46
46
46
46
46
46
46
46
46
46
46
46
46
46
46
46
46
46
46
46
46
46
46
46
46
46
46
46
46
46
46
46
46
46
46
46
46
46
46
46
46
46
46
46
46
46
46
46
46
46
46
46
46
46
46
46
46
46
46
46
46
46
46
46
46
46
46
46
46
46
46
46
46
46
46
46
46
46
46
46
46
46
46
46
46
46
46
46
46
46
46
46
46
46
46
46
46
46
46
46
46
46
46
20
20
20
20
20
20
20
20
20
20
20
20
20
20
20
20
20
20
20
20
20
20
20
20
20
20
20
20
20
20
20
20
20
20
20
20
20
20
20
20
20
20
20
20
20
20
20
20
20
20
20
20
20
20
20
20
20
20
20
20
20
20
20
20
46
46
46
46
46
46
46
46
46
46
46
46
46
46
46
46
46
46
46
46
46
46
46
46
46
46
46
46
46
46
46
46
46
46
46
46
46
46
46
46
46
46
46
46
46
46
46
46
46
46
46
46
46
46
46
46
46
46
46
46
46
46
46
46
46
46
46
46
46
46
46
46
46
46
46
46
46
46
46
46
46
46
46
46
46
46
46
46
46
46
46
46
46
46
46
46
46
46
46
46
46
46
46
46
46
46
46
46
46
46
46
46
46
46
46
46
46
46
46
46
46
46
46
46
46
46
46
46
46
46
46
46
46
46
46
46
46
46
46
46
46
46
46
46
46
46
46
46
46
46
46
46
46
46
46
46
46
46
46
46
46
46
46
46
46
46
46
46
46
46
46
46
46
46
46
46
46
46
46
46
46
46
46
46
46
46
46
46
46
46
46
46
46
46
46
46
46
46
46
46
46
46
46
46
46
46
46
46
46
46
46
46
46
46
46
46
46
46
46
46
46
46
46
46
27
27
27
27
27
27
27
27
27
27
27
27
27
27
27
27
27
27
27
27
27
27
27
27
46
46
46
46
46
46
46
46
27
27
27
27
27
27
27
27
27
27
27
27
27
27
27
27
27
27
27
27
27
27
27
27
46
46
46
46
46
46
46
46
20
20
20
20
20
20
20
20
20
20
20
20
20
20
20
20
20
20
20
20
20
20
20
20
46
46
46
46
46
46
46
46
20
20
20
20
20
20
20
20
20
20
20
20
20
20
20
20
20
20
20
20
20
20
20
20
46
46
46
46
46
46
46
46
46
46
46
46
46
46
46
46
46
46
46
46
46
46
46
46
46
46
46
46
46
46
46
46
46
46
46
46
46
46
46
46
46
46
46
46
46
46
46
46
46
46
46
46
46
46
46
46
46
46
46
46
46
46
46
46
46
46
46
46
46
46
46
46
46
46
46
46
46
46
46
46
46
46
46
46
46
46
46
46
46
46
46
46
46
46
46
46
46
46
46
46
46
46
46
46
46
46
46
46
46
46
46
46
46
46
46
46
46
46
46
46
46
46
46
46
46
46
46
46
46
46
46
46
46
46
46
46
46
46
46
46
46
46
46
46
46
46
46
46
46
46
46
46
46
46
46
46
46
46
46
46
46
46
46
46
46
46
46
46
46
46
46
46
46
46
46
46
46
46
46
46
46
46
46
46
46
46
46
46
46
46
46
46
46
46
46
46
46
46
46
46
46
46
46
46
46
46
46
46
46
46
46
46
46
46
46
46
46
46
46
46
46
46
46
46
46
46
46
46
46
46
46
46
46
46
46
46
46
46
46
46
46
46
46
46
46
46
46
46
46
46
46
46
46
46
46
46
46
46
46
46
46
46
46
46
46
46
46
46
46
46
46
46
46
46
46
46
46
46
46
46
46
46
46
46
46
46
46
46
46
46
46
46
46
46
46
46
20
20
20
20
20
20
20
20
20
20
20
20
20
20
20
20
20
20
20
20
20
20
20
20
20
20
20
20
20
20
20
20
20
20
20
20
20
20
20
20
20
20
20
20
20
20
20
20
20
20
20
20
20
20
20
20
46
46
46
46
46
46
46
46
46
46
46
46
46
46
46
46
46
46
46
46
46
46
46
46
46
46
46
46
46
46
46
46
46
46
46
46
46
46
46
46
46
46
46
46
46
46
46
46
46
46
46
46
46
46
46
46
46
46
46
46
46
46
46
46
46
46
46
46
46
46
46
46
46
46
46
46
46
46
46
46
46
46
46
46
46
46
46
46
46
46
46
46
46
46
46
46
46
46
46
46
46
46
46
46
46
46
46
46
46
46
46
46
46
46
46
46
46
46
46
46
46
46
46
46
46
46
46
46
46
46
46
46
46
46
46
46
46
46
46
46
46
46
46
46
46
46
46
46
46
46
46
46
46
46
46
46
46
46
46
46
46
46
46
46
46
46
46
46
46
46
46
46
46
46
46
46
46
46
46
46
46
46
46
46
46
46
46
46
46
46
46
46
46
46
46
46
46
46
46
46
46
46
46
46
46
46
46
46
46
46
46
46
46
46
46
46
46
46
46
46
46
46
46
46
46
46
46
46
46
46
46
46
27
27
27
27
27
27
27
27
27
27
27
27
27
27
27
27
27
27
27
27
27
27
27
27
46
46
46
46
46
46
46
46
27
27
27
27
27
27
27
27
27
27
27
27
27
27
27
27
27
27
27
27
27
27
27
27
46
46
46
46
46
46
46
46
20
20
20
20
20
20
20
20
20
20
20
20
20
20
20
20
20
20
20
20
20
20
20
20
46
46
46
46
46
46
46
46
20
20
20
20
20
20
20
20
20
20
20
20
20
20
20
20
20
20
20
20
20
20
20
20
46
46
46
46
46
46
46
46
46
46
46
46
46
46
46
46
46
46
46
46
46
46
46
46
46
46
46
46
46
46
46
46
46
46
46
46
46
46
46
46
46
46
46
46
46
46
46
46
46
46
46
46
46
46
46
46
46
46
46
46
46
46
46
46
46
46
46
46
46
46
46
46
46
46
46
46
46
46
46
46
46
46
46
46
46
46
46
46
46
46
46
46
46
46
46
46
46
46
46
46
46
46
46
46
46
46
46
46
46
46
46
46
46
46
46
46
46
46
46
46
46
46
46
46
46
46
46
46
46
46
46
46
46
46
46
46
46
46
46
46
46
46
46
46
46
46
46
46
46
46
46
46
46
46
46
46
46
46
46
46
46
46
46
46
46
46
46
46
46
46
46
46
46
46
46
46
46
46
46
46
46
46
46
46
46
46
46
46
46
46
46
46
46
46
46
46
46
46
46
46
46
46
46
46
46
46
46
46
46
46
46
46
46
46
46
46
46
46
46
46
46
46
46
46
46
46
46
46
46
46
46
46
46
46
46
46
46
46
46
46
46
46
46
46
46
46
46
46
46
46
46
46
46
46
46
46
46
46
46
46
46
46
46
46
46
46
46
46
46
46
46
46
46
46
46
46
46
46
46
46
46
46
46
46
46
46
46
46
20
20
20
20
20
20
20
20
20
20
20
20
20
20
20
20
20
20
20
20
20
20
20
20
20
20
20
20
20
20
20
20
46
46
46
46
46
46
46
46
20
20
20
20
20
20
20
20
20
20
20
20
20
20
20
20
20
20
20
20
20
20
20
20
46
46
46
46
46
46
46
46
46
46
46
46
46
46
46
46
46
46
46
46
46
46
46
46
46
46
46
46
46
46
46
46
46
46
46
46
46
46
46
46
46
46
46
46
46
46
46
46
46
46
46
46
46
46
46
46
46
46
46
46
46
46
46
46
46
46
46
46
46
46
46
46
46
46
46
46
46
46
46
46
46
46
46
46
46
46
46
46
46
46
46
46
46
46
46
46
46
46
46
46
46
46
46
46
46
46
46
46
46
46
46
46
46
46
46
46
46
46
46
46
46
46
46
46
46
46
46
46
46
46
46
46
46
46
46
46
46
46
46
46
46
46
46
46
46
46
46
46
46
46
46
46
46
46
46
46
46
46
46
46
46
46
46
46
46
46
46
46
46
46
46
46
46
46
46
46
46
46
46
46
46
46
46
46
46
46
46
46
46
46
46
46
46
46
46
46
46
46
46
46
46
46
46
46
46
46
46
46
46
46
46
46
46
46
46
46
46
46
46
46
46
46
46
46
46
46
46
46
46
46
46
46
27
27
27
27
27
27
27
27
27
27
27
27
27
27
27
27
27
27
27
27
27
27
27
27
46
46
46
46
46
46
46
46
27
27
27
27
27
27
27
27
27
27
27
27
27
27
27
27
27
27
27
27
27
27
27
27
46
46
46
46
46
46
46
46
20
20
20
20
20
20
20
20
20
20
20
20
20
20
20
20
20
20
20
20
20
20
20
20
46
46
46
46
46
46
46
46
20
20
20
20
20
20
20
20
20
20
20
20
20
20
20
20
20
20
20
20
20
20
20
20
46
46
46
46
46
46
46
46
46
46
46
46
46
46
46
46
46
46
46
46
46
46
46
46
46
46
46
46
46
46
46
46
46
46
46
46
46
46
46
46
46
46
46
46
46
46
46
46
46
46
46
46
46
46
46
46
46
46
46
46
46
46
46
46
46
46
46
46
46
46
46
46
46
46
46
46
46
46
46
46
46
46
46
46
46
46
46
46
46
46
46
46
46
46
46
46
46
46
46
46
46
46
46
46
46
46
46
46
46
46
46
46
46
46
46
46
46
46
46
46
46
46
46
46
46
46
46
46
46
46
46
46
46
46
46
46
46
46
46
46
46
46
46
46
46
46
46
46
46
46
46
46
46
46
46
46
46
46
46
46
46
46
46
46
46
46
46
46
46
46
46
46
46
46
46
46
46
46
46
46
46
46
46
46
46
46
46
46
46
46
46
46
46
46
46
46
46
46
46
46
46
46
46
46
46
46
46
46
46
46
46
46
46
46
46
46
46
46
46
46
46
46
46
46
46
46
46
46
46
46
46
46
46
46
46
46
46
46
46
46
46
46
46
46
46
46
46
46
46
46
46
46
46
46
46
46
20
20
20
20
20
20
20
20
46
46
46
46
46
46
46
46
46
46
46
46
46
46
46
46
46
46
46
46
46
46
46
46
20
20
20
20
20
20
20
20
20
20
20
20
20
20
20
20
20
20
20
20
20
20
20
20
20
20
20
20
20
20
20
20
20
20
20
20
20
20
20
20
46
46
46
46
46
46
46
46
46
46
46
46
46
46
46
46
46
46
46
46
46
46
46
46
20
20
20
20
20
20
20
20
46
46
46
46
46
46
46
46
46
46
46
46
46
46
46
46
46
46
46
46
46
46
46
46
20
20
20
20
20
20
20
20
46
46
46
46
46
46
46
46
46
46
46
46
46
46
46
46
46
46
46
46
46
46
46
46
46
46
46
46
46
46
46
46
46
46
46
46
46
46
46
46
46
46
46
46
46
46
46
46
46
46
46
46
46
46
46
46
46
46
46
46
46
46
46
46
46
46
46
46
46
46
46
46
46
46
46
46
46
46
46
46
46
46
46
46
46
46
46
46
46
46
46
46
46
46
46
46
46
46
46
46
46
46
46
46
46
46
46
46
46
46
46
46
46
46
46
46
46
46
46
46
46
46
46
46
46
46
46
46
46
46
46
46
46
46
46
46
46
46
46
46
46
46
46
46
46
46
46
46
46
46
46
46
46
46
46
46
46
46
46
46
46
46
46
46
46
46
46
46
46
46
46
46
46
46
46
46
46
46
46
46
46
46
46
46
46
46
46
46
46
46
46
46
27
27
27
27
27
27
27
27
27
27
27
27
27
27
27
27
27
27
27
27
27
27
27
27
46
46
46
46
46
46
46
46
27
27
27
27
27
27
27
27
27
27
27
27
27
27
27
27
27
27
27
27
27
27
27
27
46
46
46
46
46
46
46
46
20
20
20
20
20
20
20
20
20
20
20
20
20
20
20
20
20
20
20
20
20
20
20
20
46
46
46
46
46
46
46
46
46
46
46
46
46
46
46
46
46
46
46
46
46
46
46
46
46
46
46
46
46
46
46
46
46
46
46
46
46
46
46
46
46
46
46
46
46
46
46
46
46
46
46
46
46
46
46
46
46
46
46
46
46
46
46
46
46
46
46
46
46
46
46
46
46
46
46
46
46
46
46
46
46
46
46
46
46
46
46
46
46
46
46
46
46
46
46
46
46
46
46
46
46
46
46
46
46
46
46
46
46
46
46
46
46
46
46
46
46
46
46
46
46
46
46
46
46
46
46
46
46
46
46
46
46
46
46
46
46
46
46
46
46
46
46
46
46
46
46
46
46
46
46
46
46
46
46
46
46
46
46
46
46
46
46
46
46
46
46
46
46
46
46
46
46
46
46
46
46
46
46
46
46
46
46
46
46
46
46
46
46
46
46
46
46
46
46
46
46
46
46
46
46
46
46
46
46
46
46
46
46
46
46
46
46
46
46
46
46
46
46
46
46
46
46
46
46
46
46
46
46
46
46
46
46
46
46
46
46
46
46
46
46
46
46
46
46
46
46
46
46
46
46
46
46
46
46
46
46
46
46
46
46
46
46
46
46
46
46
46
46
46
46
46
46
46
46
46
46
46
46
46
46
46
46
46
46
46
46
46
46
46
46
46
46
46
46
46
20
20
20
20
20
20
20
20
20
20
20
20
20
20
20
20
20
20
20
20
20
20
20
20
46
46
46
46
46
46
46
46
20
20
20
20
20
20
20
20
20
20
20
20
20
20
20
20
20
20
20
20
20
20
20
20
46
46
46
46
46
46
46
46
46
46
46
46
46
46
46
46
46
46
46
46
46
46
46
46
46
46
46
46
46
46
46
46
46
46
46
46
46
46
46
46
46
46
46
46
46
46
46
46
46
46
46
46
46
46
46
46
46
46
46
46
46
46
46
46
46
46
46
46
46
46
46
46
46
46
46
46
46
46
46
46
46
46
46
46
46
46
46
46
46
46
46
46
46
46
46
46
46
46
46
46
46
46
46
46
46
46
46
46
46
46
46
46
46
46
46
46
46
46
46
46
46
46
46
46
46
46
46
46
46
46
46
46
46
46
46
46
46
46
46
46
46
46
46
46
46
46
46
46
46
46
46
46
46
46
46
46
46
46
46
46
46
46
46
46
46
46
46
46
46
46
46
46
46
46
46
46
46
46
46
46
46
46
46
46
46
46
46
46
46
46
46
46
46
46
46
46
46
46
46
46
46
46
46
46
46
46
46
46
46
46
46
46
46
46
46
46
46
46
46
46
46
46
46
46
46
46
46
46
46
46
46
46
46
46
46
46
46
46
46
46
46
46
46
46
46
46
46
46
46
46
46
46
46
46
46
46
46
46
46
46
46
46
46
46
27
27
27
27
27
27
27
27
27
27
27
27
27
27
27
27
27
27
27
27
27
27
27
27
46
46
46
46
46
46
46
46
0
0
0
0
0
0
0
0
0
0
0
0
0
0
0
0
0
0
0
0
0
0
0
0
0
0
0
0
0
0
0
0
0
0
0
0
0
0
0
0
0
0
0
0
0
0
0
0
0
0
0
0
0
0
0
0
0
0
0
0
0
0
0
0
1
0
0
0
0
0
0
0
0
0
0
0
1
0
0
0
0
0
0
0
0
0
0
0
0
0
0
0
0
0
0
0
0
0
0
0
0
0
0
0
0
0
0
0
0
0
0
0
0
0
0
0
0
0
0
0
0
0
0
0
0
0
0
0
0
0
-9
0
0
0
-9
0
0
0
-9
0
0
0
-9
0
0
0
-9
0
0
0
-9
0
0
0
0
0
0
0
0
0
0
0
0
0
0
0
0
0
0
0
0
0
0
0
0
0
0
0
0
0
0
0
0
0
0
0
0
0
0
0
0
0
0
0
0
0
0
0
0
0
0
0
0
0
0
0
0
0
0
0
0
0
0
0
0
0
0
0
0
0
0
0
0
0
0
0
0
0
0
0
0
0
0
0
0
0
0
0
0
0
0
0
0
0
0
0
0
0
0
0
0
0
0
0
0
0
3
0
-19
0
3
0
-19
0
3
0
-19
0
3
0
-19
0
3
0
-19
0
3
0
-19
0
0
0
0
0
0
0
0
0
0
0
0
0
0
0
0
0
0
0
0
0
0
0
0
0
0
0
0
0
0
0
0
0
0
0
0
0
0
0
0
0
0
0
0
0
0
0
0
0
0
0
0
0
0
0
0
0
0
0
0
0
0
0
0
0
0
0
0
0
0
0
0
0
0
0
0
0
0
0
0
0
0
0
0
0
0
0
0
0
0
0
0
0
0
0
0
0
0
0
0
0
0
0
0
0
0
0
0
0
0
0
0
0
0
0
0
0
0
0
0
0
0
0
0
0
0
0
0
0
0
0
0
0
0
0
0
0
0
0
0
0
0
0
0
0
0
0
0
0
0
0
0
0
0
0
0
0
0
0
0
0
0
0
0
0
0
0
0
0
0
0
0
0
0
0
0
0
0
0
0
0
0
0
0
0
0
0
0
0
0
0
0
0
0
0
0
0
0
0
0
0
0
0
0
0
0
0
0
0
0
0
0
0
0
0
0
0
0
0
0
0
0
0
0
0
0
0
0
0
0
0
0
0
0
0
0
0
0
0
0
0
0
0
0
0
0
0
0
0
0
0
0
0
0
0
0
0
0
0
0
0
0
0
0
0
0
0
0
0
0
0
0
0
0
0
0
0
0
0
0
0
0
0
0
0
0
0
0
0
0
0
0
0
0
0
0
0
0
0
0
0
0
0
0
0
0
0
0
0
0
0
0
0
0
0
0
0
0
0
0
0
0
0
0
0
0
0
0
0
0
0
0
0
0
0
0
0
0
0
0
0
0
0
0
0
0
0
0
0
0
0
0
0
0
0
0
0
0
0
0
0
0
0
0
0
0
0
0
0
0
0
0
0
0
0
0
0
0
0
0
0
0
0
0
0
0
0
0
0
0
0
0
0
0
0
0
0
0
0
0
0
0
0
0
0
0
0
0
0
0
0
0
0
0
0
0
0
0
0
0
0
0
0
0
0
0
0
0
0
0
0
0
0
0
0
0
0
0
0
0
0
0
0
0
0
0
0
0
0
0
0
0
0
0
0
0
0
0
0
0
0
0
0
0
0
0
0
0
0
0
0
0
0
0
0
0
0
0
0
0
0
0
0
0
0
0
0
0
0
0
0
0
0
0
0
0
0
0
0
0
0
0
0
0
0
0
0
0
0
0
0
0
0
0
0
0
0
0
0
0
0
0
0
0
0
0
0
0
0
0
0
0
0
0
0
0
0
0
0
0
0
0
0
0
0
0
0
0
0
0
0
0
0
6
6
6
6
6
6
6
6
6
6
6
6
6
6
6
6
6
6
6
6
6
6
6
6
6
6
6
6
6
6
6
6
0
0
0
0
0
0
0
0
0
0
0
0
0
0
0
0
0
0
0
0
0
0
0
0
0
0
0
0
0
0
0
0
6
6
6
6
6
6
6
6
6
6
6
6
6
6
6
6
6
6
6
6
6
6
6
6
6
6
6
6
6
6
6
6
0
0
0
0
0
0
0
0
0
0
0
0
0
0
0
0
0
0
0
0
0
0
0
0
0
0
0
0
0
0
0
0
6
6
6
6
6
6
6
6
6
6
6
6
6
6
6
6
6
6
6
6
6
6
6
6
6
6
6
6
6
6
6
6
0
0
0
0
0
0
0
0
0
0
0
0
0
0
0
0
0
0
0
0
0
0
0
0
0
0
0
0
0
0
0
0
6
6
6
6
6
6
6
6
6
6
6
6
6
6
6
6
6
6
6
6
6
6
6
6
6
6
6
6
6
6
6
6
0
0
0
0
0
0
0
0
0
0
0
0
0
0
0
0
0
0
0
0
0
0
0
0
0
0
0
0
0
0
0
0
6
6
6
6
6
6
6
6
6
6
6
6
6
6
6
6
6
6
6
6
6
6
6
6
6
6
6
6
6
6
6
6
0
0
0
0
0
0
0
0
0
0
0
0
0
0
0
0
0
0
0
0
0
0
0
0
0
0
0
0
0
0
0
0
6
6
6
6
6
6
6
6
6
6
6
6
6
6
6
6
6
6
6
6
6
6
6
6
6
6
6
6
6
6
6
6
0
0
0
0
0
0
0
0
0
0
0
0
0
0
0
0
0
0
0
0
0
0
0
0
0
0
0
0
0
0
0
0
0
0
0
0
0
0
0
0
0
0
0
0
0
0
0
0
0
0
0
0
0
0
0
0
0
0
0
0
0
0
0
0
17
0
21
0
17
0
21
0
17
0
21
0
17
0
21
0
17
0
21
0
17
0
21
0
0
0
0
0
0
0
0
0
6
6
6
6
6
6
6
6
6
6
6
6
6
6
6
6
6
6
6
6
6
6
6
6
6
6
6
6
6
6
6
6
0
0
0
0
0
0
0
0
0
0
0
0
0
0
0
0
0
0
0
0
0
0
0
0
0
0
0
0
0
0
0
0
6
6
6
6
6
6
6
6
6
6
6
6
6
6
6
6
6
6
6
6
6
6
6
6
6
6
6
6
6
6
6
6
0
0
0
0
0
0
0
0
0
0
0
0
0
0
0
0
0
0
0
0
0
0
0
0
0
0
0
0
0
0
0
0
6
6
6
6
6
6
6
6
6
6
6
6
6
6
6
6
6
6
6
6
6
6
6
6
6
6
6
6
6
6
6
6
0
0
0
0
0
0
0
0
0
0
0
0
0
0
0
0
0
0
0
0
0
0
0
0
0
0
0
0
0
0
0
0
6
6
6
6
6
6
6
6
6
6
6
6
6
6
6
6
6
6
6
6
6
6
6
6
6
6
6
6
6
6
6
6
0
0
0
0
0
0
0
0
0
0
0
0
0
0
0
0
0
0
0
0
0
0
0
0
0
0
0
0
0
0
0
0
6
6
6
6
6
6
6
6
6
6
6
6
6
6
6
6
6
6
6
6
6
6
6
6
6
6
6
6
6
6
6
6
0
0
0
0
0
0
0
0
0
0
0
0
0
0
0
0
0
0
0
0
0
0
0
0
0
0
0
0
0
0
0
0
6
6
6
6
6
6
6
6
6
6
6
6
6
6
6
6
6
6
6
6
6
6
6
6
6
6
6
6
6
6
6
6
0
0
0
0
0
0
0
0
0
0
0
0
0
0
0
0
0
0
0
0
0
0
0
0
0
0
0
0
0
0
0
0
0
0
0
0
0
0
0
0
0
0
0
0
0
0
0
0
0
0
0
0
0
0
0
0
0
0
0
0
0
0
0
0
33
0
11
0
33
0
11
0
33
0
11
0
33
0
11
0
33
0
11
0
33
0
11
0
0
0
0
0
0
0
0
0
0
0
0
0
0
0
0
0
0
0
0
0
0
0
0
0
0
0
0
0
0
0
0
0
0
0
0
0
0
0
0
0
