%pattern_data
4
4
4
0
1
32
-31
0
52
88
0
1
1
0
0
0
10
0
8
0
0
0
0
0
0
0
0
107
-1
-1
0
0
0
0
0
0
86
108
0
0
1
0
0
1
0
0
0
0
0
0
0
0
0
0
0
1
10
19
0
0
1
0
1
0
1
0
1
0
1
0
1
0
1
0
1
0
1
0
1
0
1
0
1
0
1
0
1
0
1
0
1
0
1
0
1
0
1
0
1
0
1
0
1
0
1
0
1
0
1
0
1
0
1
0
1
0
1
0
1
0
1
0
1
0
-47
-47
-47
-47
-47
-47
-47
-47
-47
-47
-47
-47
-47
-47
-47
-47
-47
-47
-47
-47
-47
-47
-47
-47
-47
-47
-47
-47
-47
-47
-47
-47
294521
576917
889188
1153854
1468021
1730771
2047417
2307688
2612146
2884625
3199750
3461542
3761771
4038458
4373896
4615375
4922625
5192313
5510688
5769229
6069229
6346146
6648396
6923083
7211417
7500000
7810625
8076917
8379104
8653854
8999292
9230771
4922625
5192313
5510688
5769229
6069229
6346146
6648396
6923083
7211417
7500000
7810625
8076917
8379104
8653854
8999292
9230771
294521
576917
889188
1153854
1468021
1730771
2047417
2307688
2612146
2884625
3199750
3461542
3761771
4038458
4373896
4615375
312396
576917
917167
1153854
1469479
1730771
2055604
2307688
2617875
2884625
3204188
3461542
3780375
4038458
4347292
4615375
4915438
5192313
5523958
5769229
6102771
6346146
6672771
6923083
7216958
7500000
7827667
8076917
8406417
8653854
8961500
9230771
4915438
5192313
5523958
5769229
6102771
6346146
6672771
6923083
7216958
7500000
7827667
8076917
8406417
8653854
8961500
9230771
312396
576917
917167
1153854
1469479
1730771
2055604
2307688
2617875
2884625
3204188
3461542
3780375
4038458
4347292
4615375
287750
576917
913173
1153854
1462378
1730771
2036896
2307688
2609438
2884625
3198458
3461542
3757479
4038458
4376021
4615375
4940500
5192313
5526167
5769229
6094771
6346146
6676813
6923083
7237063
7500000
7813313
8076917
8410563
8653854
8994875
9230771
4940500
5192313
5526167
5769229
6094771
6346146
6676813
6923083
7237063
7500000
7813313
8076917
8410563
8653854
8994875
9230771
287750
576917
913173
1153854
1462378
1730771
2036896
2307688
2609438
2884625
3198458
3461542
3757479
4038458
4376021
4615375
295021
576917
903167
1153854
1453417
1730771
2054354
2307688
2621188
2884625
3208333
3461542
3776521
4038458
4368438
4615375
4943813
5192313
5515021
5769229
6085958
6346146
6678604
6923083
7221313
7500000
7803583
8076917
8380021
8653854
8982333
9230771
4943813
5192313
5515021
5769229
6085958
6346146
6678604
6923083
7221313
7500000
7803583
8076917
8380021
8653854
8982333
9230771
295021
576917
903167
1153854
1453417
1730771
2054354
2307688
2621188
2884625
3208333
3461542
3776521
4038458
4368438
4615375
304396
576917
874396
1153854
1434833
1730771
2057896
2307688
2604438
2884625
3197896
3461542
3759979
4038458
4363104
4615375
4903875
5192313
5483354
5769229
6070854
6346146
6667063
6923083
7215396
7500000
7813646
8076917
8375125
8653854
8982042
9230771
4903875
5192313
5483354
5769229
6070854
6346146
6667063
6923083
7215396
7500000
7813646
8076917
8375125
8653854
8982042
9230771
304396
576917
874396
1153854
1434833
1730771
2057896
2307688
2604438
2884625
3197896
3461542
3759979
4038458
4363104
4615375
325542
576917
890708
1153854
1502875
1730771
2039500
2307688
2630021
2884625
3209604
3461542
3797500
4038458
4379479
4615375
4951438
5192313
5535375
5769229
6105646
6346146
6683021
6923083
7256458
7500000
7819646
8076917
8411625
8653854
8985604
9230771
4951438
5192313
5535375
5769229
6105646
6346146
6683021
6923083
7256458
7500000
7819646
8076917
8411625
8653854
8985604
9230771
325542
576917
890708
1153854
1502875
1730771
2039500
2307688
2630021
2884625
3209604
3461542
3797500
4038458
4379479
4615375
313083
576917
891458
1153854
1458042
1730771
2055646
2307688
2618729
2884625
3212729
3461542
3780646
4038458
4377854
4615375
4911271
5192313
5528000
5769229
6078854
6346146
6671771
6923083
7233250
7500000
7816854
8076917
8374354
8653854
8960667
9230771
4911271
5192313
5528000
5769229
6078854
6346146
6671771
6923083
7233250
7500000
7816854
8076917
8374354
8653854
8960667
9230771
313083
576917
891458
1153854
1458042
1730771
2055646
2307688
2618729
2884625
3212729
3461542
3780646
4038458
4377854
4615375
297396
576917
882417
1153854
1462813
1730771
2043188
2307688
2631479
2884625
3190083
3461542
3784438
4038458
4338917
4615375
4920021
5192313
5510646
5769229
6096583
6346146
6641708
6923083
7228958
7500000
7823750
8076917
8404833
8653854
8981125
9230771
4920021
5192313
5510646
5769229
6096583
6346146
6641708
6923083
7228958
7500000
7823750
8076917
8404833
8653854
8981125
9230771
297396
576917
882417
1153854
1462813
1730771
2043188
2307688
2631479
2884625
3190083
3461542
3784438
4038458
4338917
4615375
296688
576917
884563
1153854
1468479
1730771
2035604
2307688
2618563
2884625
3217813
3461542
3757542
4038458
4340708
4615375
4926917
5192313
5498313
5769229
6085729
6346146
6655333
6923083
7228333
7500000
7802646
8076917
8386958
8653854
8975208
9230771
4926917
5192313
5498313
5769229
6085729
6346146
6655333
6923083
7228333
7500000
7802646
8076917
8386958
8653854
8975208
9230771
296688
576917
884563
1153854
1468479
1730771
2035604
2307688
2618563
2884625
3217813
3461542
3757542
4038458
4340708
4615375
322667
576917
897396
1153854
1478146
1730771
2020667
2307688
2614083
2884625
3171521
3461542
3768417
4038458
4349021
4615375
4919938
5192313
5500625
5769229
6071646
6346146
6654667
6923083
7233208
7500000
7805521
8076917
8393521
8653854
8977292
9230771
4919938
5192313
5500625
5769229
6071646
6346146
6654667
6923083
7233208
7500000
7805521
8076917
8393521
8653854
8977292
9230771
322667
576917
897396
1153854
1478146
1730771
2020667
2307688
2614083
2884625
3171521
3461542
3768417
4038458
4349021
4615375
311479
576917
892625
1153854
1494000
1730771
2038604
2307688
2624854
2884625
3200854
3461542
3772438
4038458
4360146
4615375
4943583
5192313
5499292
5769229
6090646
6346146
6657833
6923083
7232958
7500000
7808313
8076917
8390771
8653854
8996896
9230771
4943583
5192313
5499292
5769229
6090646
6346146
6657833
6923083
7232958
7500000
7808313
8076917
8390771
8653854
8996896
9230771
311479
576917
892625
1153854
1494000
1730771
2038604
2307688
2624854
2884625
3200854
3461542
3772438
4038458
4360146
4615375
284125
576917
889833
1153854
1444125
1730771
2026729
2307688
2603792
2884625
3206146
3461542
3773938
4038458
4385729
4615375
4921875
5192313
5529250
5769229
6086083
6346146
6679104
6923083
7229542
7500000
7817083
8076917
8380938
8653854
8975438
9230771
4921875
5192313
5529250
5769229
6086083
6346146
6679104
6923083
7229542
7500000
7817083
8076917
8380938
8653854
8975438
9230771
284125
576917
889833
1153854
1444125
1730771
2026729
2307688
2603792
2884625
3206146
3461542
3773938
4038458
4385729
4615375
309042
576917
896854
1153854
1446188
1730771
2032521
2307688
2598854
2884625
3217333
3461542
3770000
4038458
4357042
4615375
4922854
5192313
5514438
5769229
6076917
6346146
6673604
6923083
7225667
7500000
7824521
8076917
8409583
8653854
8977146
9230771
4922854
5192313
5514438
5769229
6076917
6346146
6673604
6923083
7225667
7500000
7824521
8076917
8409583
8653854
8977146
9230771
309042
576917
896854
1153854
1446188
1730771
2032521
2307688
2598854
2884625
3217333
3461542
3770000
4038458
4357042
4615375
292271
576917
907667
1153854
1467750
1730771
2056792
2307688
2606729
2884625
3200958
3461542
3773625
4038458
4349188
4615375
4914396
5192313
5503313
5769229
6057875
6346146
6645708
6923083
7234229
7500000
7830063
8076917
8390438
8653854
8981958
9230771
4914396
5192313
5503313
5769229
6057875
6346146
6645708
6923083
7234229
7500000
7830063
8076917
8390438
8653854
8981958
9230771
292271
576917
907667
1153854
1467750
1730771
2056792
2307688
2606729
2884625
3200958
3461542
3773625
4038458
4349188
4615375
307208
576917
908354
1153854
1454188
1730771
2053896
2307688
2620792
2884625
3204625
3461542
3767417
4038458
4352458
4615375
4927333
5192313
5497208
5769229
6051063
6346146
6662604
6923083
7241021
7500000
7806500
8076917
8398771
8653854
8967229
9230771
4927333
5192313
5497208
5769229
6051063
6346146
6662604
6923083
7241021
7500000
7806500
8076917
8398771
8653854
8967229
9230771
307208
576917
908354
1153854
1454188
1730771
2053896
2307688
2620792
2884625
3204625
3461542
3767417
4038458
4352458
4615375
301354
576917
898188
1153854
1441188
1730771
2051604
2307688
2580917
2884625
3215229
3461542
3754521
4038458
4351438
4615375
4905500
5192313
5519208
5769229
6064146
6346146
6675229
6923083
7222313
7500000
7816771
8076917
8389271
8653854
8976083
9230771
4905500
5192313
5519208
5769229
6064146
6346146
6675229
6923083
7222313
7500000
7816771
8076917
8389271
8653854
8976083
9230771
301354
576917
898188
1153854
1441188
1730771
2051604
2307688
2580917
2884625
3215229
3461542
3754521
4038458
4351438
4615375
309542
576917
864042
1153854
1462104
1730771
2037333
2307688
2612667
2884625
3194521
3461542
3766208
4038458
4358229
4615375
4914375
5192313
5487396
5769229
6066896
6346146
6679708
6923083
7229313
7500000
7813125
8076917
8406833
8653854
8986563
9230771
4914375
5192313
5487396
5769229
6066896
6346146
6679708
6923083
7229313
7500000
7813125
8076917
8406833
8653854
8986563
9230771
309542
576917
864042
1153854
1462104
1730771
2037333
2307688
2612667
2884625
3194521
3461542
3766208
4038458
4358229
4615375
320417
576917
887625
1153854
1472708
1730771
2053896
2307688
2615458
2884625
3184188
3461542
3765542
4038458
4361583
4615375
4919396
5192313
5516000
5769229
6092208
6346146
6677042
6923083
7265646
7500000
7817479
8076917
8375458
8653854
8967396
9230771
4919396
5192313
5516000
5769229
6092208
6346146
6677042
6923083
7265646
7500000
7817479
8076917
8375458
8653854
8967396
9230771
320417
576917
887625
1153854
1472708
1730771
2053896
2307688
2615458
2884625
3184188
3461542
3765542
4038458
4361583
4615375
308782
576917
885458
1153854
1455146
1730771
2061292
2307688
2630931
2884625
3213042
3461542
3796021
4038458
4362208
4615375
4919458
5192313
5501813
5769229
6078479
6346146
6681313
6923083
7237083
7500000
7821875
8076917
8376250
8653854
8988313
9230771
4919458
5192313
5501813
5769229
6078479
6346146
6681313
6923083
7237083
7500000
7821875
8076917
8376250
8653854
8988313
9230771
308782
576917
885458
1153854
1455146
1730771
2061292
2307688
2630931
2884625
3213042
3461542
3796021
4038458
4362208
4615375
308521
576917
894063
1153854
1467875
1730771
2044542
2307688
2626938
2884625
3184500
3461542
3766396
4038458
4362771
4615375
4940500
5192313
5512771
5769229
6095063
6346146
6657375
6923083
7223479
7500000
7815021
8076917
8386250
8653854
8955333
9230771
4940500
5192313
5512771
5769229
6095063
6346146
6657375
6923083
7223479
7500000
7815021
8076917
8386250
8653854
8955333
9230771
308521
576917
894063
1153854
1467875
1730771
2044542
2307688
2626938
2884625
3184500
3461542
3766396
4038458
4362771
4615375
209375
340917
569604
681813
894292
1022729
1246688
1363646
1549750
1704542
1920208
2045458
2246563
2386354
2607771
2727271
2923042
3068188
3285792
3409083
3604646
3750000
3957458
4090917
4297104
4431813
4646417
4772729
4982375
5113646
5320188
5454542
2923042
3068188
3285792
3409083
3604646
3750000
3957458
4090917
4297104
4431813
4646417
4772729
4982375
5113646
5320188
5454542
209375
340917
569604
681813
894292
1022729
1246688
1363646
1549750
1704542
1920208
2045458
2246563
2386354
2607771
2727271
186938
340917
551563
681813
874750
1022729
1242042
1363646
1577604
1704542
1919813
2045458
2241458
2386354
2594146
2727271
2912688
3068188
3271896
3409083
3584688
3750000
3958104
4090917
4270958
4431813
4638708
4772729
4962500
5113646
5320521
5454542
2912688
3068188
3271896
3409083
3584688
3750000
3958104
4090917
4270958
4431813
4638708
4772729
4962500
5113646
5320521
5454542
186938
340917
551563
681813
874750
1022729
1242042
1363646
1577604
1704542
1919813
2045458
2241458
2386354
2594146
2727271
180375
340917
534625
681813
877583
1022729
1217271
1363646
1544250
1704542
1895125
2045458
2244854
2386354
2583938
2727271
2934375
3068188
3255667
3409083
3603396
3750000
3929979
4090917
4293042
4431813
4640500
4772729
4961750
5113646
5309188
5454542
2934375
3068188
3255667
3409083
3603396
3750000
3929979
4090917
4293042
4431813
4640500
4772729
4961750
5113646
5309188
5454542
180375
340917
534625
681813
877583
1022729
1217271
1363646
1544250
1704542
1895125
2045458
2244854
2386354
2583938
2727271
177521
340917
563396
681813
884875
1022729
1256487
1363646
1565938
1704542
1906021
2045458
2248792
2386354
2612188
2727271
2927646
3068188
3290729
3409083
3607729
3750000
3974188
4090917
4275271
4431813
4638000
4772729
4960146
5113646
5313625
5454542
2927646
3068188
3290729
3409083
3607729
3750000
3974188
4090917
4275271
4431813
4638000
4772729
4960146
5113646
5313625
5454542
177521
340917
563396
681813
884875
1022729
1256487
1363646
1565938
1704542
1906021
2045458
2248792
2386354
2612188
2727271
168563
340917
533104
681813
873604
1022729
1226750
1363646
1548250
1704542
1905396
2045458
2249854
2386354
2593938
2727271
2910292
3068188
3268063
3409083
3601771
3750000
3956813
4090917
4265250
4431813
4634479
4772729
4951917
5113646
5311229
5454542
2910292
3068188
3268063
3409083
3601771
3750000
3956813
4090917
4265250
4431813
4634479
4772729
4951917
5113646
5311229
5454542
168563
340917
533104
681813
873604
1022729
1226750
1363646
1548250
1704542
1905396
2045458
2249854
2386354
2593938
2727271
180938
340917
545417
681813
867292
1022729
1228729
1363646
1556063
1704542
1909667
2045458
2257500
2386354
2587313
2727271
2902458
3068188
3259667
3409083
3598104
3750000
3947813
4090917
4293125
4431813
4639479
4772729
4987646
5113646
5328021
5454542
2902458
3068188
3259667
3409083
3598104
3750000
3947813
4090917
4293125
4431813
4639479
4772729
4987646
5113646
5328021
5454542
180938
340917
545417
681813
867292
1022729
1228729
1363646
1556063
1704542
1909667
2045458
2257500
2386354
2587313
2727271
197167
340917
546604
681813
884854
1022729
1225604
1363646
1559729
1704542
1905750
2045458
2251083
2386354
2583875
2727271
2927688
3068188
3276521
3409083
3598958
3750000
3951063
4090917
4281375
4431813
4635125
4772729
4977000
5113646
5335563
5454542
2927688
3068188
3276521
3409083
3598958
3750000
3951063
4090917
4281375
4431813
4635125
4772729
4977000
5113646
5335563
5454542
197167
340917
546604
681813
884854
1022729
1225604
1363646
1559729
1704542
1905750
2045458
2251083
2386354
2583875
2727271
213386
340917
547146
681813
877003
1022729
1221833
1363646
1566229
1704542
1915875
2045458
2244958
2386354
2592875
2727271
2914313
3068188
3268292
3409083
3594792
3750000
3946646
4090917
4284229
4431813
4627708
4772729
4956729
5113646
5305479
5454542
2914313
3068188
3268292
3409083
3594792
3750000
3946646
4090917
4284229
4431813
4627708
4772729
4956729
5113646
5305479
5454542
213386
340917
547146
681813
877003
1022729
1221833
1363646
1566229
1704542
1915875
2045458
2244958
2386354
2592875
2727271
191854
340917
537458
681813
877896
1022729
1233542
1363646
1564604
1704542
1906896
2045458
2245250
2386354
2593333
2727271
2933333
3068188
3295729
3409083
3609479
3750000
3950771
4090917
4270292
4431813
4631188
4772729
4961583
5113646
5312729
5454542
2933333
3068188
3295729
3409083
3609479
3750000
3950771
4090917
4270292
4431813
4631188
4772729
4961583
5113646
5312729
5454542
191854
340917
537458
681813
877896
1022729
1233542
1363646
1564604
1704542
1906896
2045458
2245250
2386354
2593333
2727271
198563
340917
534688
681813
875125
1022729
1227979
1363646
1564979
1704542
1906042
2045458
2237000
2386354
2589063
2727271
2927750
3068188
3285583
3409083
3609292
3750000
3940188
4090917
4284563
4431813
4632250
4772729
4965417
5113646
5305542
5454542
2927750
3068188
3285583
3409083
3609292
3750000
3940188
4090917
4284563
4431813
4632250
4772729
4965417
5113646
5305542
5454542
198563
340917
534688
681813
875125
1022729
1227979
1363646
1564979
1704542
1906042
2045458
2237000
2386354
2589063
2727271
182354
340917
522083
681813
882833
1022729
1196771
1363646
1553125
1704542
1891021
2045458
2242375
2386354
2579146
2727271
2924583
3068188
3254688
3409083
3600771
3750000
3929958
4090917
4284583
4431813
4611771
4772729
4958042
5113646
5289083
5454542
2924583
3068188
3254688
3409083
3600771
3750000
3929958
4090917
4284583
4431813
4611771
4772729
4958042
5113646
5289083
5454542
182354
340917
522083
681813
882833
1022729
1196771
1363646
1553125
1704542
1891021
2045458
2242375
2386354
2579146
2727271
192104
340917
551542
681813
874125
1022729
1216146
1363646
1539146
1704542
1912063
2045458
2224688
2386354
2599396
2727271
2906625
3068188
3268583
3409083
3589417
3750000
3951979
4090917
4278667
4431813
4638750
4772729
4957000
5113646
5332500
5454542
2906625
3068188
3268583
3409083
3589417
3750000
3951979
4090917
4278667
4431813
4638750
4772729
4957000
5113646
5332500
5454542
192104
340917
551542
681813
874125
1022729
1216146
1363646
1539146
1704542
1912063
2045458
2224688
2386354
2599396
2727271
178500
340917
562354
681813
861604
1022729
1224479
1363646
1550083
1704542
1915479
2045458
2227146
2386354
2605563
2727271
2909979
3068188
3279000
3409083
3600021
3750000
3951167
4090917
4281542
4431813
4633271
4772729
4967521
5113646
5323188
5454542
2909979
3068188
3279000
3409083
3600021
3750000
3951167
4090917
4281542
4431813
4633271
4772729
4967521
5113646
5323188
5454542
178500
340917
562354
681813
861604
1022729
1224479
1363646
1550083
1704542
1915479
2045458
2227146
2386354
2605563
2727271
201417
340917
557813
681813
864854
1022729
1244938
1363646
1539125
1704542
1915021
2045458
2219583
2386354
2604958
2727271
2918063
3068188
3281104
3409083
3597958
3750000
3961646
4090917
4275396
4431813
4661792
4772729
4949542
5113646
5318313
5454542
2918063
3068188
3281104
3409083
3597958
3750000
3961646
4090917
4275396
4431813
4661792
4772729
4949542
5113646
5318313
5454542
201417
340917
557813
681813
864854
1022729
1244938
1363646
1539125
1704542
1915021
2045458
2219583
2386354
2604958
2727271
198208
340917
561458
681813
864438
1022729
1237625
1363646
1541542
1704542
1926729
2045458
2235625
2386354
2602208
2727271
2916542
3068188
3285688
3409083
3583021
3750000
3963563
4090917
4272083
4431813
4637021
4772729
4960167
5113646
5322125
5454542
2916542
3068188
3285688
3409083
3583021
3750000
3963563
4090917
4272083
4431813
4637021
4772729
4960167
5113646
5322125
5454542
198208
340917
561458
681813
864438
1022729
1237625
1363646
1541542
1704542
1926729
2045458
2235625
2386354
2602208
2727271
194813
340917
553042
681813
869854
1022729
1214458
1363646
1538521
1704542
1902125
2045458
2224833
2386354
2586188
2727271
2904188
3068188
3277417
3409083
3589438
3750000
3957813
4090917
4278854
4431813
4642479
4772729
4956271
5113646
5334104
5454542
2904188
3068188
3277417
3409083
3589438
3750000
3957813
4090917
4278854
4431813
4642479
4772729
4956271
5113646
5334104
5454542
194813
340917
553042
681813
869854
1022729
1214458
1363646
1538521
1704542
1902125
2045458
2224833
2386354
2586188
2727271
184167
340917
546833
681813
859833
1022729
1219667
1363646
1560729
1704542
1906458
2045458
2243729
2386354
2593042
2727271
2917292
3068188
3282438
3409083
3602646
3750000
3963458
4090917
4280458
4431813
4644688
4772729
4957542
5113646
5311438
5454542
2917292
3068188
3282438
3409083
3602646
3750000
3963458
4090917
4280458
4431813
4644688
4772729
4957542
5113646
5311438
5454542
184167
340917
546833
681813
859833
1022729
1219667
1363646
1560729
1704542
1906458
2045458
2243729
2386354
2593042
2727271
204583
340917
561563
681813
875833
1022729
1228083
1363646
1554000
1704542
1910917
2045458
2237000
2386354
2593354
2727271
2913250
3068188
3253854
3409083
3582854
3750000
3951583
4090917
4285542
4431813
4634813
4772729
4962542
5113646
5345229
5454542
2913250
3068188
3253854
3409083
3582854
3750000
3951583
4090917
4285542
4431813
4634813
4772729
4962542
5113646
5345229
5454542
204583
340917
561563
681813
875833
1022729
1228083
1363646
1554000
1704542
1910917
2045458
2237000
2386354
2593354
2727271
190188
340917
541688
681813
877542
1022729
1209146
1363646
1547229
1704542
1902542
2045458
2255646
2386354
2596750
2727271
2916917
3068188
3279708
3409083
3595542
3750000
3943313
4090917
4271583
4431813
4639646
4772729
4964583
5113646
5322958
5454542
2916917
3068188
3279708
3409083
3595542
3750000
3943313
4090917
4271583
4431813
4639646
4772729
4964583
5113646
5322958
5454542
190188
340917
541688
681813
877542
1022729
1209146
1363646
1547229
1704542
1902542
2045458
2255646
2386354
2596750
2727271
191938
340917
524154
681813
854686
1022729
1222748
1363646
1545396
1704542
1909643
2045458
2219250
2386354
2568233
2727271
2889083
3068188
3262000
3409083
3572813
3750000
3946875
4090917
4258417
4431813
4616104
4772729
4952354
5113646
5322188
5454542
2889083
3068188
3262000
3409083
3572813
3750000
3946875
4090917
4258417
4431813
4616104
4772729
4952354
5113646
5322188
5454542
191938
340917
524154
681813
854686
1022729
1222748
1363646
1545396
1704542
1909643
2045458
2219250
2386354
2568233
2727271
7999
0
4790
0
9405
0
4056
0
6611
0
2685
0
8913
0
3072
0
6019
0
3683
0
7837
0
2017
0
9914
0
1
0
10000
0
6055
0
6019
0
3683
0
7837
0
2017
0
9914
0
1
0
10000
0
6055
0
7999
0
4790
0
9405
0
4056
0
6611
0
2685
0
8913
0
3072
0
7975
0
1628
0
6037
0
937
0
10000
0
602
0
6536
0
1396
0
6922
0
1052
0
7580
0
1
0
6400
0
1858
0
7905
0
2152
0
6922
0
1052
0
7580
0
1
0
6400
0
1858
0
7905
0
2152
0
7975
0
1628
0
6037
0
937
0
10000
0
602
0
6536
0
1396
0
10000
0
782
0
4875
0
425
0
5105
0
1
0
7079
0
965
0
5937
0
298
0
6494
0
718
0
5509
0
1185
0
7492
0
1717
0
5937
0
298
0
6494
0
718
0
5509
0
1185
0
7492
0
1717
0
10000
0
782
0
4875
0
425
0
5105
0
1
0
7079
0
965
0
10000
0
1
0
4285
0
305
0
5115
0
431
0
6215
0
553
0
3786
0
462
0
5400
0
1427
0
4911
0
883
0
3615
0
2005
0
3786
0
462
0
5400
0
1427
0
4911
0
883
0
3615
0
2005
0
10000
0
1
0
4285
0
305
0
5115
0
431
0
6215
0
553
0
8925
0
1232
0
8659
0
1
0
7267
0
521
0
8529
0
660
0
9158
0
212
0
9678
0
2399
0
10000
0
910
0
9158
0
2984
0
9158
0
212
0
9678
0
2399
0
10000
0
910
0
9158
0
2984
0
8925
0
1232
0
8659
0
1
0
7267
0
521
0
8529
0
660
0
9473
0
4172
0
7220
0
2111
0
7619
0
1326
0
8036
0
1513
0
7987
0
1
0
8851
0
2269
0
7760
0
3882
0
10000
0
2680
0
7987
0
1
0
8851
0
2269
0
7760
0
3882
0
10000
0
2680
0
9473
0
4172
0
7220
0
2111
0
7619
0
1326
0
8036
0
1513
0
7145
0
872
0
6953
0
1
0
8847
0
1282
0
4651
0
275
0
6086
0
956
0
5090
0
1639
0
10000
0
1097
0
5854
0
2032
0
6086
0
956
0
5090
0
1639
0
10000
0
1097
0
5854
0
2032
0
7145
0
872
0
6953
0
1
0
8847
0
1282
0
4651
0
275
0
6006
0
1
0
4677
0
1211
0
7343
0
1316
0
5987
0
884
0
6961
0
2077
0
8570
0
1125
0
10000
0
2196
0
9783
0
1754
0
6961
0
2077
0
8570
0
1125
0
10000
0
2196
0
9783
0
1754
0
6006
0
1
0
4677
0
1211
0
7343
0
1316
0
5987
0
884
0
8970
0
1
0
8391
0
1656
0
9059
0
1190
0
6968
0
1639
0
8695
0
2923
0
9562
0
683
0
10000
0
2002
0
8769
0
1556
0
8695
0
2923
0
9562
0
683
0
10000
0
2002
0
8769
0
1556
0
8970
0
1
0
8391
0
1656
0
9059
0
1190
0
6968
0
1639
0
9527
0
1914
0
8535
0
1181
0
9595
0
1890
0
9489
0
1967
0
9252
0
743
0
9689
0
1
0
10000
0
1226
0
9465
0
2944
0
9252
0
743
0
9689
0
1
0
10000
0
1226
0
9465
0
2944
0
9527
0
1914
0
8535
0
1181
0
9595
0
1890
0
9489
0
1967
0
6200
0
1689
0
7358
0
204
0
9425
0
1544
0
10000
0
2633
0
6335
0
1976
0
9352
0
1385
0
9860
0
1
0
9827
0
38
0
6335
0
1976
0
9352
0
1385
0
9860
0
1
0
9827
0
38
0
6200
0
1689
0
7358
0
204
0
9425
0
1544
0
10000
0
2633
0
7084
0
1380
0
8221
0
375
0
8654
0
1098
0
8923
0
1
0
6172
0
1457
0
10000
0
856
0
8296
0
430
0
8703
0
255
0
6172
0
1457
0
10000
0
856
0
8296
0
430
0
8703
0
255
0
7084
0
1380
0
8221
0
375
0
8654
0
1098
0
8923
0
1
0
7254
0
1052
0
6844
0
323
0
9705
0
7
0
7954
0
494
0
8223
0
1
0
10000
0
1097
0
4751
0
1610
0
8705
0
1560
0
8223
0
1
0
10000
0
1097
0
4751
0
1610
0
8705
0
1560
0
7254
0
1052
0
6844
0
323
0
9705
0
7
0
7954
0
494
0
4838
0
1
0
6658
0
861
0
7600
0
1857
0
8594
0
1656
0
7106
0
311
0
7372
0
1381
0
9467
0
2139
0
10000
0
95
0
7106
0
311
0
7372
0
1381
0
9467
0
2139
0
10000
0
95
0
4838
0
1
0
6658
0
861
0
7600
0
1857
0
8594
0
1656
0
8937
0
165
0
7172
0
497
0
7383
0
1052
0
10000
0
1371
0
6368
0
1
0
6806
0
754
0
7780
0
1515
0
7766
0
84
0
6368
0
1
0
6806
0
754
0
7780
0
1515
0
7766
0
84
0
8937
0
165
0
7172
0
497
0
7383
0
1052
0
10000
0
1371
0
6497
0
1055
0
6149
0
1
0
5320
0
2434
0
10000
0
1355
0
6106
0
897
0
7256
0
709
0
8544
0
2938
0
6227
0
2511
0
6106
0
897
0
7256
0
709
0
8544
0
2938
0
6227
0
2511
0
6497
0
1055
0
6149
0
1
0
5320
0
2434
0
10000
0
1355
0
7922
0
533
0
10000
0
1
0
7579
0
882
0
8934
0
1764
0
8394
0
429
0
9437
0
1258
0
6755
0
2850
0
8302
0
3126
0
8394
0
429
0
9437
0
1258
0
6755
0
2850
0
8302
0
3126
0
7922
0
533
0
10000
0
1
0
7579
0
882
0
8934
0
1764
0
9836
0
1445
0
9891
0
2874
0
9005
0
1418
0
7865
0
667
0
8290
0
1
0
9285
0
2141
0
10000
0
38
0
8747
0
927
0
8290
0
1
0
9285
0
2141
0
10000
0
38
0
8747
0
927
0
9836
0
1445
0
9891
0
2874
0
9005
0
1418
0
7865
0
667
0
7409
0
1
0
8823
0
2147
0
5683
0
2082
0
10000
0
1715
0
7249
0
2928
0
8115
0
1731
0
8952
0
1991
0
6805
0
2426
0
7249
0
2928
0
8115
0
1731
0
8952
0
1991
0
6805
0
2426
0
7409
0
1
0
8823
0
2147
0
5683
0
2082
0
10000
0
1715
0
7234
0
1
0
8658
0
5426
0
8478
0
3438
0
9013
0
1720
0
7783
0
3727
0
2807
0
2621
0
10000
0
4448
0
6195
0
2840
0
7783
0
3727
0
2807
0
2621
0
10000
0
4448
0
6195
0
2840
0
7234
0
1
0
8658
0
5426
0
8478
0
3438
0
9013
0
1720
0
8451
0
2521
0
7802
0
1
0
10000
0
2561
0
8470
0
2409
0
9565
0
780
0
9152
0
3989
0
6664
0
2778
0
8051
0
2969
0
9565
0
780
0
9152
0
3989
0
6664
0
2778
0
8051
0
2969
0
8451
0
2521
0
7802
0
1
0
10000
0
2561
0
8470
0
2409
0
8755
0
878
0
6655
0
1482
0
7706
0
1327
0
8186
0
2586
0
9513
0
1
0
9481
0
2004
0
10000
0
2839
0
8717
0
1664
0
9513
0
1
0
9481
0
2004
0
10000
0
2839
0
8717
0
1664
0
8755
0
878
0
6655
0
1482
0
7706
0
1327
0
8186
0
2586
0
10000
0
896
0
4604
0
796
0
5606
0
1072
0
4893
0
1387
0
7223
0
1
0
5712
0
913
0
5470
0
1543
0
5476
0
1581
0
7223
0
1
0
5712
0
913
0
5470
0
1543
0
5476
0
1581
0
10000
0
896
0
4604
0
796
0
5606
0
1072
0
4893
0
1387
0
10000
0
225
0
9842
0
817
0
9102
0
590
0
8283
0
1585
0
6065
0
1
0
7912
0
932
0
6899
0
632
0
6361
0
1675
0
6065
0
1
0
7912
0
932
0
6899
0
632
0
6361
0
1675
0
10000
0
225
0
9842
0
817
0
9102
0
590
0
8283
0
1585
0
10000
0
54
0
7632
0
871
0
5743
0
2067
0
6532
0
1
0
6156
0
1743
0
9215
0
1288
0
7671
0
1029
0
6501
0
1517
0
6156
0
1743
0
9215
0
1288
0
7671
0
1029
0
6501
0
1517
0
10000
0
54
0
7632
0
871
0
5743
0
2067
0
6532
0
1
0
7626
0
62
0
9462
0
1
0
8918
0
1557
0
7340
0
1944
0
9338
0
5601
0
8884
0
3841
0
10000
0
2416
0
7398
0
5929
0
9338
0
5601
0
8884
0
3841
0
10000
0
2416
0
7398
0
5929
0
7626
0
62
0
9462
0
1
0
8918
0
1557
0
7340
0
1944
0
10000
0
437
0
6548
0
852
0
4084
0
1238
0
5790
0
550
0
5623
0
949
0
6786
0
821
0
6179
0
1
0
6245
0
574
0
5623
0
949
0
6786
0
821
0
6179
0
1
0
6245
0
574
0
10000
0
437
0
6548
0
852
0
4084
0
1238
0
5790
0
550
0
8342
0
401
0
8552
0
1
0
8078
0
5007
0
7721
0
3489
0
10000
0
5752
0
9304
0
5745
0
4122
0
5451
0
8945
0
4308
0
10000
0
5752
0
9304
0
5745
0
4122
0
5451
0
8945
0
4308
0
8342
0
401
0
8552
0
1
0
8078
0
5007
0
7721
0
3489
0
9308
0
3393
0
10000
0
1494
0
8602
0
1760
0
8544
0
1674
0
8541
0
736
0
8810
0
1
0
9075
0
1877
0
8225
0
1004
0
8541
0
736
0
8810
0
1
0
9075
0
1877
0
8225
0
1004
0
9308
0
3393
0
10000
0
1494
0
8602
0
1760
0
8544
0
1674
0
8183
0
2028
0
9662
0
747
0
8519
0
457
0
9575
0
855
0
10000
0
331
0
9640
0
1
0
9632
0
1242
0
9772
0
939
0
10000
0
331
0
9640
0
1
0
9632
0
1242
0
9772
0
939
0
8183
0
2028
0
9662
0
747
0
8519
0
457
0
9575
0
855
0
7671
0
520
0
10000
0
1
0
9988
0
1071
0
9597
0
1925
0
7517
0
1522
0
9988
0
439
0
8426
0
753
0
8280
0
3513
0
7517
0
1522
0
9988
0
439
0
8426
0
753
0
8280
0
3513
0
7671
0
520
0
10000
0
1
0
9988
0
1071
0
9597
0
1925
0
8302
0
667
0
6947
0
499
0
10000
0
112
0
6125
0
41
0
9874
0
683
0
7549
0
1
0
7934
0
95
0
9085
0
187
0
9874
0
683
0
7549
0
1
0
7934
0
95
0
9085
0
187
0
8302
0
667
0
6947
0
499
0
10000
0
112
0
6125
0
41
0
9799
0
1
0
9977
0
267
0
7526
0
808
0
10000
0
1552
0
8072
0
1002
0
9914
0
667
0
9261
0
955
0
8677
0
1010
0
8072
0
1002
0
9914
0
667
0
9261
0
955
0
8677
0
1010
0
9799
0
1
0
9977
0
267
0
7526
0
808
0
10000
0
1552
0
9641
0
2062
0
6227
0
1
0
8189
0
644
0
6863
0
380
0
8915
0
1381
0
8461
0
433
0
7321
0
2695
0
10000
0
1159
0
8915
0
1381
0
8461
0
433
0
7321
0
2695
0
10000
0
1159
0
9641
0
2062
0
6227
0
1
0
8189
0
644
0
6863
0
380
0
6803
0
647
0
10000
0
612
0
9353
0
559
0
8073
0
866
0
8874
0
320
0
7467
0
1
0
6762
0
1506
0
7217
0
1429
0
8874
0
320
0
7467
0
1
0
6762
0
1506
0
7217
0
1429
0
6803
0
647
0
10000
0
612
0
9353
0
559
0
8073
0
866
0
9550
0
548
0
7045
0
914
0
7703
0
1
0
6850
0
172
0
7616
0
199
0
10000
0
786
0
8377
0
1578
0
5858
0
1553
0
7616
0
199
0
10000
0
786
0
8377
0
1578
0
5858
0
1553
0
9550
0
548
0
7045
0
914
0
7703
0
1
0
6850
0
172
0
10000
0
1
0
8713
0
1524
0
5614
0
1467
0
5126
0
1200
0
8250
0
1970
0
8126
0
1833
0
8632
0
1549
0
4248
0
2063
0
8250
0
1970
0
8126
0
1833
0
8632
0
1549
0
4248
0
2063
0
10000
0
1
0
8713
0
1524
0
5614
0
1467
0
5126
0
1200
0
9957
0
2098
0
10000
0
1386
0
9363
0
1272
0
9974
0
1976
0
9745
0
1
0
7966
0
2290
0
8071
0
1793
0
6818
0
1462
0
9745
0
1
0
7966
0
2290
0
8071
0
1793
0
6818
0
1462
0
9957
0
2098
0
10000
0
1386
0
9363
0
1272
0
9974
0
1976
0
9209
0
1248
0
7777
0
2123
0
10000
0
3536
0
9168
0
1055
0
7673
0
468
0
7452
0
464
0
9520
0
1
0
6767
0
1652
0
7673
0
468
0
7452
0
464
0
9520
0
1
0
6767
0
1652
0
9209
0
1248
0
7777
0
2123
0
10000
0
3536
0
9168
0
1055
0
10000
0
793
0
9748
0
923
0
5648
0
977
0
5092
0
822
0
5700
0
1
0
5824
0
3069
0
7795
0
810
0
8182
0
56
0
5700
0
1
0
5824
0
3069
0
7795
0
810
0
8182
0
56
0
10000
0
793
0
9748
0
923
0
5648
0
977
0
5092
0
822
0
20
20
20
20
20
20
20
20
20
20
20
20
20
20
20
20
20
20
20
20
20
20
20
20
20
20
20
20
20
20
20
20
20
20
20
20
20
20
20
20
20
20
20
20
20
20
20
20
20
20
20
20
20
20
20
20
20
20
20
20
20
20
20
20
46
46
46
46
46
46
46
46
46
46
46
46
46
46
46
46
46
46
46
46
46
46
46
46
46
46
46
46
46
46
46
46
46
46
46
46
46
46
46
46
46
46
46
46
46
46
46
46
46
46
46
46
46
46
46
46
46
46
46
46
46
46
46
46
46
46
46
46
46
46
46
46
46
46
46
46
46
46
46
46
46
46
46
46
46
46
46
46
46
46
46
46
46
46
46
46
46
46
46
46
46
46
46
46
46
46
46
46
46
46
46
46
46
46
46
46
46
46
46
46
46
46
46
46
46
46
46
46
46
46
46
46
46
46
46
46
46
46
46
46
46
46
46
46
46
46
46
46
46
46
46
46
46
46
46
46
46
46
46
46
46
46
46
46
46
46
46
46
46
46
46
46
46
46
46
46
46
46
46
46
46
46
46
46
46
46
46
46
46
46
46
46
46
46
46
46
46
46
46
46
46
46
46
46
46
46
46
46
46
46
46
46
46
46
46
46
46
46
46
46
46
46
46
46
46
46
46
46
46
46
46
46
46
46
46
46
46
46
46
46
46
46
46
46
46
46
46
46
46
46
46
46
46
46
46
46
46
46
46
46
46
46
46
46
46
46
46
46
46
46
46
46
46
46
46
46
46
46
46
46
46
46
46
46
46
46
46
46
20
20
20
20
20
20
20
20
20
20
20
20
20
20
20
20
20
20
20
20
20
20
20
20
20
20
20
20
20
20
20
20
20
20
20
20
20
20
20
20
20
20
20
20
20
20
20
20
20
20
20
20
20
20
20
20
20
20
20
20
20
20
20
20
46
46
46
46
46
46
46
46
46
46
46
46
46
46
46
46
46
46
46
46
46
46
46
46
46
46
46
46
46
46
46
46
46
46
46
46
46
46
46
46
46
46
46
46
46
46
46
46
46
46
46
46
46
46
46
46
46
46
46
46
46
46
46
46
46
46
46
46
46
46
46
46
46
46
46
46
46
46
46
46
46
46
46
46
46
46
46
46
46
46
46
46
46
46
46
46
46
46
46
46
46
46
46
46
46
46
46
46
46
46
46
46
46
46
46
46
46
46
46
46
46
46
46
46
46
46
46
46
46
46
46
46
46
46
46
46
46
46
46
46
46
46
46
46
46
46
46
46
46
46
46
46
46
46
46
46
46
46
46
46
46
46
46
46
46
46
46
46
46
46
46
46
46
46
46
46
46
46
46
46
46
46
46
46
46
46
46
46
46
46
46
46
46
46
46
46
46
46
46
46
46
46
46
46
46
46
46
46
46
46
46
46
46
46
46
46
46
46
46
46
46
46
46
46
46
46
46
46
46
46
46
46
46
46
46
46
46
46
46
46
46
46
46
46
46
46
46
46
46
46
46
46
46
46
46
46
46
46
46
46
46
46
46
46
46
46
46
46
46
46
46
46
46
46
46
46
46
46
46
46
46
46
46
46
46
46
46
46
20
20
20
20
20
20
20
20
20
20
20
20
20
20
20
20
20
20
20
20
20
20
20
20
20
20
20
20
20
20
20
20
20
20
20
20
20
20
20
20
20
20
20
20
20
20
20
20
20
20
20
20
20
20
20
20
20
20
20
20
20
20
20
20
46
46
46
46
46
46
46
46
46
46
46
46
46
46
46
46
46
46
46
46
46
46
46
46
46
46
46
46
46
46
46
46
46
46
46
46
46
46
46
46
46
46
46
46
46
46
46
46
46
46
46
46
46
46
46
46
46
46
46
46
46
46
46
46
46
46
46
46
46
46
46
46
46
46
46
46
46
46
46
46
46
46
46
46
46
46
46
46
46
46
46
46
46
46
46
46
46
46
46
46
46
46
46
46
46
46
46
46
46
46
46
46
46
46
46
46
46
46
46
46
46
46
46
46
46
46
46
46
46
46
46
46
46
46
46
46
46
46
46
46
46
46
46
46
46
46
46
46
46
46
46
46
46
46
46
46
46
46
46
46
46
46
46
46
46
46
46
46
46
46
46
46
46
46
46
46
46
46
46
46
46
46
46
46
46
46
46
46
46
46
46
46
46
46
46
46
46
46
46
46
46
46
46
46
46
46
46
46
46
46
46
46
46
46
46
46
46
46
46
46
46
46
46
46
27
27
27
27
27
27
27
27
27
27
27
27
27
27
27
27
27
27
27
27
27
27
27
27
27
27
27
27
27
27
27
27
27
27
27
27
27
27
27
27
27
27
27
27
27
27
27
27
27
27
27
27
27
27
27
27
27
27
27
27
27
27
27
27
20
20
20
20
20
20
20
20
20
20
20
20
20
20
20
20
20
20
20
20
20
20
20
20
20
20
20
20
20
20
20
20
20
20
20
20
20
20
20
20
20
20
20
20
20
20
20
20
20
20
20
20
20
20
20
20
20
20
20
20
20
20
20
20
46
46
46
46
46
46
46
46
46
46
46
46
46
46
46
46
46
46
46
46
46
46
46
46
46
46
46
46
46
46
46
46
46
46
46
46
46
46
46
46
46
46
46
46
46
46
46
46
46
46
46
46
46
46
46
46
46
46
46
46
46
46
46
46
46
46
46
46
46
46
46
46
46
46
46
46
46
46
46
46
46
46
46
46
46
46
46
46
46
46
46
46
46
46
46
46
46
46
46
46
46
46
46
46
46
46
46
46
46
46
46
46
46
46
46
46
46
46
46
46
46
46
46
46
46
46
46
46
46
46
46
46
46
46
46
46
46
46
46
46
46
46
46
46
46
46
46
46
46
46
46
46
46
46
46
46
46
46
46
46
46
46
46
46
46
46
46
46
46
46
46
46
46
46
46
46
46
46
46
46
46
46
46
46
46
46
46
46
46
46
46
46
46
46
46
46
46
46
46
46
46
46
46
46
46
46
46
46
46
46
46
46
46
46
46
46
46
46
46
46
46
46
46
46
46
46
46
46
46
46
46
46
46
46
46
46
46
46
46
46
46
46
46
46
46
46
46
46
46
46
46
46
46
46
46
46
46
46
46
46
46
46
46
46
46
46
46
46
46
46
46
46
46
46
46
46
46
46
46
46
46
46
46
46
46
46
46
46
20
20
20
20
20
20
20
20
20
20
20
20
20
20
20
20
20
20
20
20
20
20
20
20
20
20
20
20
20
20
20
20
46
46
46
46
46
46
46
46
46
46
46
46
46
46
46
46
46
46
46
46
46
46
46
46
46
46
46
46
46
46
46
46
46
46
46
46
46
46
46
46
46
46
46
46
46
46
46
46
46
46
46
46
46
46
46
46
46
46
46
46
46
46
46
46
46
46
46
46
46
46
46
46
46
46
46
46
46
46
46
46
46
46
46
46
46
46
46
46
46
46
46
46
46
46
46
46
46
46
46
46
46
46
46
46
46
46
46
46
46
46
46
46
46
46
46
46
46
46
46
46
46
46
46
46
46
46
46
46
46
46
46
46
46
46
46
46
46
46
46
46
46
46
46
46
46
46
46
46
46
46
46
46
46
46
46
46
46
46
46
46
46
46
46
46
46
46
46
46
46
46
46
46
46
46
46
46
46
46
46
46
46
46
46
46
46
46
46
46
46
46
46
46
46
46
46
46
46
46
46
46
46
46
46
46
46
46
46
46
46
46
46
46
46
46
46
46
46
46
46
46
46
46
46
46
46
46
46
46
46
46
46
46
46
46
46
46
46
46
46
46
46
46
46
46
46
46
46
46
46
46
46
46
46
46
46
46
27
27
27
27
27
27
27
27
27
27
27
27
27
27
27
27
27
27
27
27
27
27
27
27
27
27
27
27
27
27
27
27
27
27
27
27
27
27
27
27
27
27
27
27
27
27
27
27
27
27
27
27
27
27
27
27
27
27
27
27
27
27
27
27
20
20
20
20
20
20
20
20
20
20
20
20
20
20
20
20
20
20
20
20
20
20
20
20
20
20
20
20
20
20
20
20
46
46
46
46
46
46
46
46
46
46
46
46
46
46
46
46
46
46
46
46
46
46
46
46
46
46
46
46
46
46
46
46
46
46
46
46
46
46
46
46
46
46
46
46
46
46
46
46
46
46
46
46
46
46
46
46
46
46
46
46
46
46
46
46
46
46
46
46
46
46
46
46
46
46
46
46
46
46
46
46
46
46
46
46
46
46
46
46
46
46
46
46
46
46
46
46
46
46
46
46
46
46
46
46
46
46
46
46
46
46
46
46
46
46
46
46
46
46
46
46
46
46
46
46
46
46
46
46
46
46
46
46
46
46
46
46
46
46
46
46
46
46
46
46
46
46
46
46
46
46
46
46
46
46
46
46
46
46
46
46
46
46
46
46
46
46
46
46
46
46
46
46
46
46
46
46
46
46
46
46
46
46
46
46
46
46
46
46
46
46
46
46
46
46
46
46
46
46
46
46
46
46
46
46
46
46
46
46
46
46
46
46
46
46
46
46
46
46
46
46
46
46
46
46
46
46
46
46
46
46
46
46
46
46
46
46
46
46
46
46
46
46
46
46
46
46
46
46
46
46
46
46
46
46
46
46
46
46
46
46
46
46
46
46
46
46
46
46
46
46
46
46
46
46
46
46
46
46
46
46
46
46
46
46
46
46
46
46
20
20
20
20
20
20
20
20
20
20
20
20
20
20
20
20
20
20
20
20
20
20
20
20
20
20
20
20
20
20
20
20
20
20
20
20
20
20
20
20
20
20
20
20
20
20
20
20
20
20
20
20
20
20
20
20
20
20
20
20
20
20
20
20
46
46
46
46
46
46
46
46
46
46
46
46
46
46
46
46
46
46
46
46
46
46
46
46
46
46
46
46
46
46
46
46
46
46
46
46
46
46
46
46
46
46
46
46
46
46
46
46
46
46
46
46
46
46
46
46
46
46
46
46
46
46
46
46
46
46
46
46
46
46
46
46
46
46
46
46
46
46
46
46
46
46
46
46
46
46
46
46
46
46
46
46
46
46
46
46
46
46
46
46
46
46
46
46
46
46
46
46
46
46
46
46
46
46
46
46
46
46
46
46
46
46
46
46
46
46
46
46
46
46
46
46
46
46
46
46
46
46
46
46
46
46
46
46
46
46
46
46
46
46
46
46
46
46
46
46
46
46
46
46
46
46
46
46
46
46
46
46
46
46
46
46
46
46
46
46
46
46
46
46
46
46
46
46
46
46
46
46
46
46
46
46
46
46
46
46
46
46
46
46
46
46
46
46
46
46
46
46
46
46
46
46
46
46
46
46
46
46
46
46
46
46
46
46
46
46
46
46
46
46
46
46
46
46
46
46
46
46
46
46
46
46
46
46
46
46
46
46
46
46
46
46
46
46
46
46
27
27
27
27
27
27
27
27
27
27
27
27
27
27
27
27
27
27
27
27
27
27
27
27
27
27
27
27
27
27
27
27
20
20
20
20
20
20
20
20
20
20
20
20
20
20
20
20
20
20
20
20
20
20
20
20
20
20
20
20
20
20
20
20
20
20
20
20
20
20
20
20
20
20
20
20
20
20
20
20
20
20
20
20
20
20
20
20
20
20
20
20
20
20
20
20
46
46
46
46
46
46
46
46
46
46
46
46
46
46
46
46
46
46
46
46
46
46
46
46
46
46
46
46
46
46
46
46
46
46
46
46
46
46
46
46
46
46
46
46
46
46
46
46
46
46
46
46
46
46
46
46
46
46
46
46
46
46
46
46
46
46
46
46
46
46
46
46
46
46
46
46
46
46
46
46
46
46
46
46
46
46
46
46
46
46
46
46
46
46
46
46
46
46
46
46
46
46
46
46
46
46
46
46
46
46
46
46
46
46
46
46
46
46
46
46
46
46
46
46
46
46
46
46
46
46
46
46
46
46
46
46
46
46
46
46
46
46
46
46
46
46
46
46
46
46
46
46
46
46
46
46
46
46
46
46
46
46
46
46
46
46
46
46
46
46
46
46
46
46
46
46
46
46
46
46
46
46
46
46
46
46
46
46
46
46
46
46
46
46
46
46
46
46
46
46
46
46
46
46
46
46
46
46
46
46
46
46
46
46
46
46
46
46
46
46
46
46
46
46
46
46
46
46
46
46
46
46
46
46
46
46
46
46
46
46
46
46
46
46
46
46
46
46
46
46
46
46
46
46
46
46
46
46
46
46
46
46
46
46
46
46
46
46
46
46
46
46
46
46
46
46
46
46
46
46
46
46
46
46
46
46
46
46
20
20
20
20
20
20
20
20
20
20
20
20
20
20
20
20
20
20
20
20
20
20
20
20
20
20
20
20
20
20
20
20
46
46
46
46
46
46
46
46
46
46
46
46
46
46
46
46
46
46
46
46
46
46
46
46
46
46
46
46
46
46
46
46
46
46
46
46
46
46
46
46
46
46
46
46
46
46
46
46
46
46
46
46
46
46
46
46
46
46
46
46
46
46
46
46
46
46
46
46
46
46
46
46
46
46
46
46
46
46
46
46
46
46
46
46
46
46
46
46
46
46
46
46
46
46
46
46
46
46
46
46
46
46
46
46
46
46
46
46
46
46
46
46
46
46
46
46
46
46
46
46
46
46
46
46
46
46
46
46
46
46
46
46
46
46
46
46
46
46
46
46
46
46
46
46
46
46
46
46
46
46
46
46
46
46
46
46
46
46
46
46
46
46
46
46
46
46
46
46
46
46
46
46
46
46
46
46
46
46
46
46
46
46
46
46
46
46
46
46
46
46
46
46
46
46
46
46
46
46
46
46
46
46
46
46
46
46
46
46
46
46
46
46
46
46
46
46
46
46
46
46
46
46
46
46
46
46
46
46
46
46
46
46
46
46
46
46
46
46
46
46
46
46
46
46
46
46
46
46
46
46
46
46
46
46
46
46
27
27
27
27
27
27
27
27
27
27
27
27
27
27
27
27
27
27
27
27
27
27
27
27
27
27
27
27
27
27
27
27
27
27
27
27
27
27
27
27
27
27
27
27
27
27
27
27
27
27
27
27
27
27
27
27
27
27
27
27
27
27
27
27
20
20
20
20
20
20
20
20
20
20
20
20
20
20
20
20
20
20
20
20
20
20
20
20
20
20
20
20
20
20
20
20
20
20
20
20
20
20
20
20
20
20
20
20
20
20
20
20
20
20
20
20
20
20
20
20
20
20
20
20
20
20
20
20
46
46
46
46
46
46
46
46
46
46
46
46
46
46
46
46
46
46
46
46
46
46
46
46
46
46
46
46
46
46
46
46
46
46
46
46
46
46
46
46
46
46
46
46
46
46
46
46
46
46
46
46
46
46
46
46
46
46
46
46
46
46
46
46
46
46
46
46
46
46
46
46
46
46
46
46
46
46
46
46
46
46
46
46
46
46
46
46
46
46
46
46
46
46
46
46
46
46
46
46
46
46
46
46
46
46
46
46
46
46
46
46
46
46
46
46
46
46
46
46
46
46
46
46
46
46
46
46
46
46
46
46
46
46
46
46
46
46
46
46
46
46
46
46
46
46
46
46
46
46
46
46
46
46
46
46
46
46
46
46
46
46
46
46
46
46
46
46
46
46
46
46
46
46
46
46
46
46
46
46
46
46
46
46
46
46
46
46
46
46
46
46
46
46
46
46
46
46
46
46
46
46
46
46
46
46
46
46
46
46
46
46
46
46
46
46
46
46
46
46
46
46
46
46
46
46
46
46
46
46
46
46
46
46
46
46
46
46
46
46
46
46
46
46
46
46
46
46
46
46
46
46
46
46
46
46
20
20
20
20
20
20
20
20
20
20
20
20
20
20
20
20
20
20
20
20
20
20
20
20
20
20
20
20
20
20
20
20
20
20
20
20
20
20
20
20
20
20
20
20
20
20
20
20
20
20
20
20
20
20
20
20
20
20
20
20
20
20
20
20
20
20
20
20
20
20
20
20
20
20
20
20
20
20
20
20
20
20
20
20
20
20
20
20
20
20
20
20
20
20
20
20
46
46
46
46
46
46
46
46
46
46
46
46
46
46
46
46
46
46
46
46
46
46
46
46
46
46
46
46
46
46
46
46
46
46
46
46
46
46
46
46
46
46
46
46
46
46
46
46
46
46
46
46
46
46
46
46
46
46
46
46
46
46
46
46
46
46
46
46
46
46
46
46
46
46
46
46
46
46
46
46
46
46
46
46
46
46
46
46
46
46
46
46
46
46
46
46
46
46
46
46
46
46
46
46
46
46
46
46
46
46
46
46
46
46
46
46
46
46
46
46
46
46
46
46
46
46
46
46
46
46
46
46
46
46
46
46
46
46
46
46
46
46
46
46
46
46
46
46
46
46
46
46
46
46
46
46
46
46
46
46
46
46
46
46
46
46
46
46
46
46
46
46
46
46
46
46
46
46
46
46
46
46
46
46
46
46
46
46
46
46
46
46
46
46
46
46
46
46
46
46
46
46
46
46
46
46
46
46
46
46
46
46
46
46
46
46
46
46
46
46
46
46
46
46
27
27
27
27
27
27
27
27
27
27
27
27
27
27
27
27
27
27
27
27
27
27
27
27
27
27
27
27
27
27
27
27
27
27
27
27
27
27
27
27
27
27
27
27
27
27
27
27
27
27
27
27
27
27
27
27
27
27
27
27
27
27
27
27
0
0
0
0
0
0
0
0
0
0
0
0
0
0
0
0
0
0
0
0
0
0
0
0
0
0
0
0
0
0
0
0
0
0
0
0
0
0
0
0
0
0
0
0
0
0
0
0
0
0
0
0
0
0
0
0
0
0
0
0
0
0
0
0
1
0
0
0
1
0
0
0
1
0
0
0
1
0
0
0
1
0
0
0
1
0
0
0
1
0
0
0
1
0
0
0
0
0
-1
0
0
0
-1
0
0
0
-1
0
0
0
-1
0
0
0
-1
0
0
0
-1
0
0
0
-1
0
0
0
-1
0
0
0
0
0
0
0
0
0
0
0
0
0
0
0
0
0
0
0
0
0
0
0
0
0
0
0
0
0
0
0
0
0
0
0
0
0
0
0
0
0
0
0
0
0
0
0
0
0
0
0
0
0
0
0
0
0
0
0
0
0
0
0
0
0
0
0
0
0
0
0
0
0
0
0
0
0
0
0
0
0
0
0
0
0
0
0
0
0
0
0
0
0
0
0
0
0
0
0
0
0
0
0
0
0
0
0
0
0
0
0
0
0
0
0
0
0
0
0
0
0
0
0
0
0
0
0
0
0
3
0
0
0
3
0
0
0
3
0
0
0
3
0
0
0
3
0
0
0
3
0
0
0
3
0
0
0
3
0
0
0
0
0
0
0
0
0
0
0
0
0
0
0
0
0
0
0
0
0
0
0
0
0
0
0
0
0
0
0
0
0
0
0
0
0
0
0
0
0
0
0
0
0
0
0
0
0
0
0
0
0
0
0
0
0
0
0
0
0
0
0
0
0
0
0
0
0
0
0
0
0
0
0
0
0
0
0
0
0
0
0
0
0
0
0
0
0
0
0
0
0
0
0
0
0
0
0
0
0
0
0
0
0
0
0
0
0
0
0
0
0
0
0
0
0
0
0
0
0
0
0
0
0
0
0
0
0
0
0
0
0
0
0
0
0
0
0
0
0
0
0
0
0
0
0
0
0
0
0
0
0
0
0
0
0
0
0
0
0
0
0
0
0
0
0
0
0
0
0
0
0
0
0
0
0
0
0
0
0
0
0
0
0
0
0
0
0
0
0
0
0
0
0
0
0
0
0
0
0
0
0
0
0
0
0
0
0
0
0
0
0
0
0
0
0
0
0
0
0
0
0
0
0
0
0
0
0
0
0
0
0
0
0
0
0
0
0
0
0
0
0
0
0
0
0
0
0
0
0
0
0
0
0
0
0
0
0
0
0
0
0
0
0
0
0
0
0
0
0
0
0
0
0
0
0
0
0
0
0
0
0
0
0
0
0
0
0
0
0
0
0
0
0
0
0
0
0
0
0
0
0
0
0
0
0
0
0
0
0
0
0
0
0
0
0
0
0
0
0
0
0
0
0
0
0
0
0
0
0
0
0
0
0
0
0
0
0
0
0
0
0
0
0
0
0
0
0
0
0
0
0
0
0
0
0
0
0
0
0
0
0
0
0
0
0
0
0
0
0
0
0
0
0
0
0
0
0
0
0
0
0
0
0
0
0
0
0
0
0
0
0
0
0
0
0
0
0
0
0
0
0
0
0
0
0
0
0
0
0
0
0
0
0
0
0
0
0
0
0
0
0
0
0
0
0
0
0
0
0
0
0
0
0
0
0
0
0
0
0
0
0
0
0
0
0
0
0
0
0
0
0
0
0
0
0
0
0
0
0
0
0
0
0
0
0
0
0
0
0
0
0
0
0
0
0
0
0
0
0
0
0
0
0
0
0
0
0
0
0
0
0
0
0
0
0
0
0
0
0
0
0
0
0
0
0
0
0
0
0
0
0
0
0
0
0
0
0
0
0
0
0
0
0
0
0
0
0
0
0
0
0
0
0
0
0
0
0
0
0
0
0
0
0
0
0
6
6
6
6
6
6
6
6
6
6
6
6
6
6
6
6
6
6
6
6
6
6
6
6
6
6
6
6
6
6
6
6
0
0
0
0
0
0
0
0
0
0
0
0
0
0
0
0
0
0
0
0
0
0
0
0
0
0
0
0
0
0
0
0
6
6
6
6
6
6
6
6
6
6
6
6
6
6
6
6
6
6
6
6
6
6
6
6
6
6
6
6
6
6
6
6
0
0
0
0
0
0
0
0
0
0
0
0
0
0
0
0
0
0
0
0
0
0
0
0
0
0
0
0
0
0
0
0
6
6
6
6
6
6
6
6
6
6
6
6
6
6
6
6
6
6
6
6
6
6
6
6
6
6
6
6
6
6
6
6
0
0
0
0
0
0
0
0
0
0
0
0
0
0
0
0
0
0
0
0
0
0
0
0
0
0
0
0
0
0
0
0
6
6
6
6
6
6
6
6
6
6
6
6
6
6
6
6
6
6
6
6
6
6
6
6
6
6
6
6
6
6
6
6
0
0
0
0
0
0
0
0
0
0
0
0
0
0
0
0
0
0
0
0
0
0
0
0
0
0
0
0
0
0
0
0
6
6
6
6
6
6
6
6
6
6
6
6
6
6
6
6
6
6
6
6
6
6
6
6
6
6
6
6
6
6
6
6
0
0
0
0
0
0
0
0
0
0
0
0
0
0
0
0
0
0
0
0
0
0
0
0
0
0
0
0
0
0
0
0
6
6
6
6
6
6
6
6
6
6
6
6
6
6
6
6
6
6
6
6
6
6
6
6
6
6
6
6
6
6
6
6
0
0
0
0
0
0
0
0
0
0
0
0
0
0
0
0
0
0
0
0
0
0
0
0
0
0
0
0
0
0
0
0
0
0
0
0
0
0
0
0
0
0
0
0
0
0
0
0
0
0
0
0
0
0
0
0
0
0
0
0
0
0
0
0
11
0
0
0
11
0
0
0
11
0
0
0
11
0
0
0
11
0
0
0
11
0
0
0
11
0
0
0
11
0
0
0
6
6
6
6
6
6
6
6
6
6
6
6
6
6
6
6
6
6
6
6
6
6
6
6
6
6
6
6
6
6
6
6
0
0
0
0
0
0
0
0
0
0
0
0
0
0
0
0
0
0
0
0
0
0
0
0
0
0
0
0
0
0
0
0
6
6
6
6
6
6
6
6
6
6
6
6
6
6
6
6
6
6
6
6
6
6
6
6
6
6
6
6
6
6
6
6
0
0
0
0
0
0
0
0
0
0
0
0
0
0
0
0
0
0
0
0
0
0
0
0
0
0
0
0
0
0
0
0
6
6
6
6
6
6
6
6
6
6
6
6
6
6
6
6
6
6
6
6
6
6
6
6
6
6
6
6
6
6
6
6
0
0
0
0
0
0
0
0
0
0
0
0
0
0
0
0
0
0
0
0
0
0
0
0
0
0
0
0
0
0
0
0
6
6
6
6
6
6
6
6
6
6
6
6
6
6
6
6
6
6
6
6
6
6
6
6
6
6
6
6
6
6
6
6
0
0
0
0
0
0
0
0
0
0
0
0
0
0
0
0
0
0
0
0
0
0
0
0
0
0
0
0
0
0
0
0
6
6
6
6
6
6
6
6
6
6
6
6
6
6
6
6
6
6
6
6
6
6
6
6
6
6
6
6
6
6
6
6
0
0
0
0
0
0
0
0
0
0
0
0
0
0
0
0
0
0
0
0
0
0
0
0
0
0
0
0
0
0
0
0
6
6
6
6
6
6
6
6
6
6
6
6
6
6
6
6
6
6
6
6
6
6
6
6
6
6
6
6
6
6
6
6
0
0
0
0
0
0
0
0
0
0
0
0
0
0
0
0
0
0
0
0
0
0
0
0
0
0
0
0
0
0
0
0
0
0
0
0
0
0
0
0
0
0
0
0
0
0
0
0
0
0
0
0
0
0
0
0
0
0
0
0
0
0
0
0
21
0
0
0
21
0
0
0
21
0
0
0
21
0
0
0
21
0
0
0
21
0
0
0
21
0
0
0
21
0
0
0
0
0
0
0
0
0
0
0
0
0
0
0
0
0
0
0
0
0
0
0
0
0
0
0
0
0
0
0
0
0
0
0
