%pattern_data
4
4
4
0
0
32
-31
0
52
88
0
1
1
0
0
0
10
0
8
0
0
0
0
0
0
0
0
112
-1
-1
0
0
0
10
0
0
101
110
5
0
0
1
0
1
0
0
0
0
0
0
0
0
0
5
0
1
10
0
0
0
65
0
0
0
0
0
65
0
0
0
0
0
65
0
0
0
0
0
65
0
0
0
0
0
65
0
0
0
0
0
65
0
65
0
0
0
0
0
65
0
0
0
0
0
65
0
0
0
0
0
65
0
0
0
0
0
65
0
0
0
0
0
65
0
-31
-31
-31
-31
-31
-31
-31
-31
-31
-31
-31
-31
-31
-31
-31
-31
-31
-31
-31
-31
-31
-31
-31
-31
-31
-31
-31
-31
-31
-31
-31
-31
310083
576917
865375
1153854
1442313
1730771
2053708
2307688
2596146
2884625
3173083
3461542
3778938
4038458
4326917
4615375
4903854
5192313
5514146
5769229
6057688
6346146
6634625
6923083
7226521
7500000
7788458
8076917
8365375
8653854
8967021
9230771
9567938
9807688
10096146
10384625
10673083
10961542
11304146
11538458
11826917
12115375
12403854
12692313
12995667
13269229
13557688
13846146
14134625
14423083
14753563
15000000
15288458
15576917
15865375
16153854
16491604
16730771
17019229
17307688
17596146
17884625
18225979
18461542
298542
576917
865375
1153854
1442313
1730771
2055979
2307688
2596146
2884625
3173083
3461542
3781021
4038458
4326917
4615375
4903854
5192313
5550938
5769229
6057688
6346146
6634625
6923083
7205896
7500000
7788458
8076917
8365375
8653854
8974563
9230771
9557208
9807688
10096146
10384625
10673083
10961542
11279563
11538458
11826917
12115375
12403854
12692313
13004875
13269229
13557688
13846146
14134625
14423083
14740292
15000000
15288458
15576917
15865375
16153854
16451250
16730771
17019229
17307688
17596146
17884625
18215958
18461542
329438
576917
865375
1153854
1442313
1730771
2062813
2307688
2596146
2884625
3173083
3461542
3771479
4038458
4326917
4615375
4903854
5192313
5493792
5769229
6057688
6346146
6634625
6923083
7214229
7500000
7788458
8076917
8365375
8653854
8969146
9230771
9562292
9807688
10096146
10384625
10673083
10961542
11285896
11538458
11826917
12115375
12403854
12692313
12984917
13269229
13557688
13846146
14134625
14423083
14750917
15000000
15288458
15576917
15865375
16153854
16459667
16730771
17019229
17307688
17596146
17884625
18193188
18461542
305417
576917
865375
1153854
1442313
1730771
2040833
2307688
2596146
2884625
3173083
3461542
3747646
4038458
4326917
4615375
4903854
5192313
5493958
5769229
6057688
6346146
6634625
6923083
7226250
7500000
7788458
8076917
8365375
8653854
8979708
9230771
9549667
9807688
10096146
10384625
10673083
10961542
11291167
11538458
11826917
12115375
12403854
12692313
12990438
13269229
13557688
13846146
14134625
14423083
14716813
15000000
15288458
15576917
15865375
16153854
16439479
16730771
17019229
17307688
17596146
17884625
18225167
18461542
291063
576917
865375
1153854
1442313
1730771
2035688
2307688
2596146
2884625
3173083
3461542
3764417
4038458
4326917
4615375
4903854
5192313
5503125
5769229
6057688
6346146
6634625
6923083
7228833
7500000
7788458
8076917
8365375
8653854
8956271
9230771
9540313
9807688
10096146
10384625
10673083
10961542
11267833
11538458
11826917
12115375
12403854
12692313
12997667
13269229
13557688
13846146
14134625
14423083
14726563
15000000
15288458
15576917
15865375
16153854
16454292
16730771
17019229
17307688
17596146
17884625
18197750
18461542
321979
576917
865375
1153854
1442313
1730771
2043854
2307688
2596146
2884625
3173083
3461542
3777333
4038458
4326917
4615375
4903854
5192313
5501333
5769229
6057688
6346146
6634625
6923083
7230521
7500000
7788458
8076917
8365375
8653854
8979896
9230771
9544938
9807688
10096146
10384625
10673083
10961542
11266792
11538458
11826917
12115375
12403854
12692313
13000938
13269229
13557688
13846146
14134625
14423083
14729438
15000000
15288458
15576917
15865375
16153854
16472771
16730771
17019229
17307688
17596146
17884625
18198521
18461542
308396
576917
865375
1153854
1442313
1730771
2050875
2307688
2596146
2884625
3173083
3461542
3762188
4038458
4326917
4615375
4903854
5192313
5499583
5769229
6057688
6346146
6634625
6923083
7239729
7500000
7788458
8076917
8365375
8653854
8962042
9230771
9533625
9807688
10096146
10384625
10673083
10961542
11278125
11538458
11826917
12115375
12403854
12692313
13011813
13269229
13557688
13846146
14134625
14423083
14746479
15000000
15288458
15576917
15865375
16153854
16458792
16730771
17019229
17307688
17596146
17884625
18222042
18461542
328229
576917
865375
1153854
1442313
1730771
2037063
2307688
2596146
2884625
3173083
3461542
3761375
4038458
4326917
4615375
4903854
5192313
5513792
5769229
6057688
6346146
6634625
6923083
7227792
7500000
7788458
8076917
8365375
8653854
8961104
9230771
9546458
9807688
10096146
10384625
10673083
10961542
11268521
11538458
11826917
12115375
12403854
12692313
13002938
13269229
13557688
13846146
14134625
14423083
14724729
15000000
15288458
15576917
15865375
16153854
16448125
16730771
17019229
17307688
17596146
17884625
18195583
18461542
331792
576917
865375
1153854
1442313
1730771
2038495
2307688
2596146
2884625
3173083
3461542
3757816
4038458
4326917
4615375
4903854
5192313
5512458
5769229
6057688
6346146
6634625
6923083
7230521
7500000
7788458
8076917
8365375
8653854
8992167
9230771
9547479
9807688
10096146
10384625
10673083
10961542
11267271
11538458
11826917
12115375
12403854
12692313
13000333
13269229
13557688
13846146
14134625
14423083
14746021
15000000
15288458
15576917
15865375
16153854
16458396
16730771
17019229
17307688
17596146
17884625
18196854
18461542
300792
576917
865375
1153854
1442313
1730771
2020458
2307688
2596146
2884625
3173083
3461542
3769854
4038458
4326917
4615375
4903854
5192313
5489083
5769229
6057688
6346146
6634625
6923083
7220042
7500000
7788458
8076917
8365375
8653854
8969521
9230771
9543729
9807688
10096146
10384625
10673083
10961542
11278708
11538458
11826917
12115375
12403854
12692313
13002708
13269229
13557688
13846146
14134625
14423083
14729458
15000000
15288458
15576917
15865375
16153854
16472313
16730771
17019229
17307688
17596146
17884625
18188854
18461542
283188
576917
865375
1153854
1442313
1730771
2003188
2307688
2596146
2884625
3173083
3461542
3776167
4038458
4326917
4615375
4903854
5192313
5507979
5769229
6057688
6346146
6634625
6923083
7232542
7500000
7788458
8076917
8365375
8653854
8955854
9230771
9540167
9807688
10096146
10384625
10673083
10961542
11278104
11538458
11826917
12115375
12403854
12692313
12980563
13269229
13557688
13846146
14134625
14423083
14747583
15000000
15288458
15576917
15865375
16153854
16448917
16730771
17019229
17307688
17596146
17884625
18201542
18461542
315958
576917
865375
1153854
1442313
1730771
2050063
2307688
2596146
2884625
3173083
3461542
3776146
4038458
4326917
4615375
4903854
5192313
5532167
5769229
6057688
6346146
6634625
6923083
7239979
7500000
7788458
8076917
8365375
8653854
8981688
9230771
9534333
9807688
10096146
10384625
10673083
10961542
11310813
11538458
11826917
12115375
12403854
12692313
13026813
13269229
13557688
13846146
14134625
14423083
14766375
15000000
15288458
15576917
15865375
16153854
16463875
16730771
17019229
17307688
17596146
17884625
18213688
18461542
313000
576917
865375
1153854
1442313
1730771
2035917
2307688
2596146
2884625
3173083
3461542
3782667
4038458
4326917
4615375
4903854
5192313
5509792
5769229
6057688
6346146
6634625
6923083
7238938
7500000
7788458
8076917
8365375
8653854
8979083
9230771
9545479
9807688
10096146
10384625
10673083
10961542
11279667
11538458
11826917
12115375
12403854
12692313
13015750
13269229
13557688
13846146
14134625
14423083
14755521
15000000
15288458
15576917
15865375
16153854
16481063
16730771
17019229
17307688
17596146
17884625
18212667
18461542
325896
576917
865375
1153854
1442313
1730771
2060896
2307688
2596146
2884625
3173083
3461542
3792208
4038458
4326917
4615375
4903854
5192313
5499979
5769229
6057688
6346146
6634625
6923083
7244667
7500000
7788458
8076917
8365375
8653854
8963521
9230771
9557583
9807688
10096146
10384625
10673083
10961542
11269938
11538458
11826917
12115375
12403854
12692313
12989542
13269229
13557688
13846146
14134625
14423083
14745354
15000000
15288458
15576917
15865375
16153854
16459375
16730771
17019229
17307688
17596146
17884625
18196938
18461542
332104
576917
865375
1153854
1442313
1730771
2047750
2307688
2596146
2884625
3173083
3461542
3767792
4038458
4326917
4615375
4903854
5192313
5508375
5769229
6057688
6346146
6634625
6923083
7244667
7500000
7788458
8076917
8365375
8653854
8980667
9230771
9553188
9807688
10096146
10384625
10673083
10961542
11277500
11538458
11826917
12115375
12403854
12692313
13010229
13269229
13557688
13846146
14134625
14423083
14744833
15000000
15288458
15576917
15865375
16153854
16473958
16730771
17019229
17307688
17596146
17884625
18219271
18461542
299833
576917
865375
1153854
1442313
1730771
2029125
2307688
2596146
2884625
3173083
3461542
3762479
4038458
4326917
4615375
4903854
5192313
5503354
5769229
6057688
6346146
6634625
6923083
7240188
7500000
7788458
8076917
8365375
8653854
8959813
9230771
9554708
9807688
10096146
10384625
10673083
10961542
11270333
11538458
11826917
12115375
12403854
12692313
12973229
13269229
13557688
13846146
14134625
14423083
14719875
15000000
15288458
15576917
15865375
16153854
16465000
16730771
17019229
17307688
17596146
17884625
18178833
18461542
305500
576917
865375
1153854
1442313
1730771
2028313
2307688
2596146
2884625
3173083
3461542
3785542
4038458
4326917
4615375
4903854
5192313
5507313
5769229
6057688
6346146
6634625
6923083
7233250
7500000
7788458
8076917
8365375
8653854
8960000
9230771
9546875
9807688
10096146
10384625
10673083
10961542
11287250
11538458
11826917
12115375
12403854
12692313
13001979
13269229
13557688
13846146
14134625
14423083
14721542
15000000
15288458
15576917
15865375
16153854
16459479
16730771
17019229
17307688
17596146
17884625
18217063
18461542
323208
576917
865375
1153854
1442313
1730771
2043521
2307688
2596146
2884625
3173083
3461542
3774458
4038458
4326917
4615375
4903854
5192313
5494979
5769229
6057688
6346146
6634625
6923083
7232458
7500000
7788458
8076917
8365375
8653854
8965083
9230771
9548292
9807688
10096146
10384625
10673083
10961542
11275958
11538458
11826917
12115375
12403854
12692313
12999792
13269229
13557688
13846146
14134625
14423083
14732271
15000000
15288458
15576917
15865375
16153854
16454813
16730771
17019229
17307688
17596146
17884625
18187292
18461542
301896
576917
865375
1153854
1442313
1730771
2026875
2307688
2596146
2884625
3173083
3461542
3766813
4038458
4326917
4615375
4903854
5192313
5522396
5769229
6057688
6346146
6634625
6923083
7234625
7500000
7788458
8076917
8365375
8653854
8961271
9230771
9555833
9807688
10096146
10384625
10673083
10961542
11271979
11538458
11826917
12115375
12403854
12692313
12982708
13269229
13557688
13846146
14134625
14423083
14719521
15000000
15288458
15576917
15865375
16153854
16454417
16730771
17019229
17307688
17596146
17884625
18181729
18461542
306271
576917
865375
1153854
1442313
1730771
2034917
2307688
2596146
2884625
3173083
3461542
3771438
4038458
4326917
4615375
4903854
5192313
5501458
5769229
6057688
6346146
6634625
6923083
7242833
7500000
7788458
8076917
8365375
8653854
8975625
9230771
9548458
9807688
10096146
10384625
10673083
10961542
11276583
11538458
11826917
12115375
12403854
12692313
12989521
13269229
13557688
13846146
14134625
14423083
14738646
15000000
15288458
15576917
15865375
16153854
16465625
16730771
17019229
17307688
17596146
17884625
18216979
18461542
186083
340917
511354
681813
852271
1022729
1205458
1363646
1534083
1704542
1875000
2045458
2253229
2386354
2556813
2727271
2897729
3068188
3281479
3409083
3579542
3750000
3920458
4090917
4286625
4431813
4602271
4772729
4943188
5113646
5315354
5454542
5657042
5795458
5965917
6136354
6306813
6477271
6673750
6818188
6988646
7159083
7329542
7500000
7705333
7840917
8011354
8181813
8352271
8522729
8731146
8863646
9034083
9204542
9375000
9545458
9745750
9886354
10056813
10227271
10397729
10568188
10772625
10909083
197542
340917
511354
681813
852271
1022729
1212500
1363646
1534083
1704542
1875000
2045458
2231563
2386354
2556813
2727271
2897729
3068188
3269646
3409083
3579542
3750000
3920458
4090917
4291813
4431813
4602271
4772729
4943188
5113646
5309292
5454542
5659375
5795458
5965917
6136354
6306813
6477271
6677521
6818188
6988646
7159083
7329542
7500000
7696667
7840917
8011354
8181813
8352271
8522729
8728104
8863646
9034083
9204542
9375000
9545458
9736854
9886354
10056813
10227271
10397729
10568188
10778042
10909083
203292
340917
511354
681813
852271
1022729
1204875
1363646
1534083
1704542
1875000
2045458
2242813
2386354
2556813
2727271
2897729
3068188
3270729
3409083
3579542
3750000
3920458
4090917
4282938
4431813
4602271
4772729
4943188
5113646
5294188
5454542
5664000
5795458
5965917
6136354
6306813
6477271
6687188
6818188
6988646
7159083
7329542
7500000
7700250
7840917
8011354
8181813
8352271
8522729
8722292
8863646
9034083
9204542
9375000
9545458
9731479
9886354
10056813
10227271
10397729
10568188
10752229
10909083
195479
340917
511354
681813
852271
1022729
1235208
1363646
1534083
1704542
1875000
2045458
2221208
2386354
2556813
2727271
2897729
3068188
3265417
3409083
3579542
3750000
3920458
4090917
4276833
4431813
4602271
4772729
4943188
5113646
5299417
5454542
5666625
5795458
5965917
6136354
6306813
6477271
6682500
6818188
6988646
7159083
7329542
7500000
7685188
7840917
8011354
8181813
8352271
8522729
8730417
8863646
9034083
9204542
9375000
9545458
9733438
9886354
10056813
10227271
10397729
10568188
10766500
10909083
209188
340917
511354
681813
852271
1022729
1202375
1363646
1534083
1704542
1875000
2045458
2233292
2386354
2556813
2727271
2897729
3068188
3282458
3409083
3579542
3750000
3920458
4090917
4273479
4431813
4602271
4772729
4943188
5113646
5304229
5454542
5662313
5795458
5965917
6136354
6306813
6477271
6674167
6818188
6988646
7159083
7329542
7500000
7696438
7840917
8011354
8181813
8352271
8522729
8718875
8863646
9034083
9204542
9375000
9545458
9747188
9886354
10056813
10227271
10397729
10568188
10750938
10909083
173500
340917
511354
681813
852271
1022729
1213542
1363646
1534083
1704542
1875000
2045458
2262521
2386354
2556813
2727271
2897729
3068188
3259167
3409083
3579542
3750000
3920458
4090917
4277042
4431813
4602271
4772729
4943188
5113646
5285521
5454542
5659167
5795458
5965917
6136354
6306813
6477271
6677313
6818188
6988646
7159083
7329542
7500000
7703813
7840917
8011354
8181813
8352271
8522729
8730813
8863646
9034083
9204542
9375000
9545458
9743792
9886354
10056813
10227271
10397729
10568188
10745021
10909083
203104
340917
511354
681813
852271
1022729
1215813
1363646
1534083
1704542
1875000
2045458
2240458
2386354
2556813
2727271
2897729
3068188
3255604
3409083
3579542
3750000
3920458
4090917
4282521
4431813
4602271
4772729
4943188
5113646
5299000
5454542
5660458
5795458
5965917
6136354
6306813
6477271
6653750
6818188
6988646
7159083
7329542
7500000
7694750
7840917
8011354
8181813
8352271
8522729
8714771
8863646
9034083
9204542
9375000
9545458
9725375
9886354
10056813
10227271
10397729
10568188
10756708
10909083
194021
340917
511354
681813
852271
1022729
1216583
1363646
1534083
1704542
1875000
2045458
2236417
2386354
2556813
2727271
2897729
3068188
3270792
3409083
3579542
3750000
3920458
4090917
4288063
4431813
4602271
4772729
4943188
5113646
5306396
5454542
5646542
5795458
5965917
6136354
6306813
6477271
6680542
6818188
6988646
7159083
7329542
7500000
7687688
7840917
8011354
8181813
8352271
8522729
8701396
8863646
9034083
9204542
9375000
9545458
9737563
9886354
10056813
10227271
10397729
10568188
10755646
10909083
174625
340917
511354
681813
852271
1022729
1208729
1363646
1534083
1704542
1875000
2045458
2230333
2386354
2556813
2727271
2897729
3068188
3269458
3409083
3579542
3750000
3920458
4090917
4268688
4431813
4602271
4772729
4943188
5113646
5317271
5454542
5660229
5795458
5965917
6136354
6306813
6477271
6668188
6818188
6988646
7159083
7329542
7500000
7700521
7840917
8011354
8181813
8352271
8522729
8701208
8863646
9034083
9204542
9375000
9545458
9738292
9886354
10056813
10227271
10397729
10568188
10754292
10909083
198167
340917
511354
681813
852271
1022729
1214833
1363646
1534083
1704542
1875000
2045458
2244000
2386354
2556813
2727271
2897729
3068188
3259500
3409083
3579542
3750000
3920458
4090917
4269646
4431813
4602271
4772729
4943188
5113646
5284771
5454542
5658417
5795458
5965917
6136354
6306813
6477271
6678583
6818188
6988646
7159083
7329542
7500000
7698417
7840917
8011354
8181813
8352271
8522729
8719708
8863646
9034083
9204542
9375000
9545458
9732979
9886354
10056813
10227271
10397729
10568188
10740167
10909083
200875
340917
511354
681813
852271
1022729
1226167
1363646
1534083
1704542
1875000
2045458
2242604
2386354
2556813
2727271
2897729
3068188
3270979
3409083
3579542
3750000
3920458
4090917
4287500
4431813
4602271
4772729
4943188
5113646
5300313
5454542
5665771
5795458
5965917
6136354
6306813
6477271
6663563
6818188
6988646
7159083
7329542
7500000
7682917
7840917
8011354
8181813
8352271
8522729
8726000
8863646
9034083
9204542
9375000
9545458
9745417
9886354
10056813
10227271
10397729
10568188
10778229
10909083
227854
340917
511354
681813
852271
1022729
1229729
1363646
1534083
1704542
1875000
2045458
2270917
2386354
2556813
2727271
2897729
3068188
3272417
3409083
3579542
3750000
3920458
4090917
4295625
4431813
4602271
4772729
4943188
5113646
5319625
5454542
5669833
5795458
5965917
6136354
6306813
6477271
6696333
6818188
6988646
7159083
7329542
7500000
7718833
7840917
8011354
8181813
8352271
8522729
8740979
8863646
9034083
9204542
9375000
9545458
9743146
9886354
10056813
10227271
10397729
10568188
10762042
10909083
193896
340917
511354
681813
852271
1022729
1217104
1363646
1534083
1704542
1875000
2045458
2260250
2386354
2556813
2727271
2897729
3068188
3276875
3409083
3579542
3750000
3920458
4090917
4300333
4431813
4602271
4772729
4943188
5113646
5319250
5454542
5675958
5795458
5965917
6136354
6306813
6477271
6686167
6818188
6988646
7159083
7329542
7500000
7719333
7840917
8011354
8181813
8352271
8522729
8718708
8863646
9034083
9204542
9375000
9545458
9739229
9886354
10056813
10227271
10397729
10568188
10764688
10909083
208979
340917
511354
681813
852271
1022729
1211979
1363646
1534083
1704542
1875000
2045458
2267521
2386354
2556813
2727271
2897729
3068188
3280625
3409083
3579542
3750000
3920458
4090917
4281271
4431813
4602271
4772729
4943188
5113646
5319667
5454542
5673333
5795458
5965917
6136354
6306813
6477271
6673854
6818188
6988646
7159083
7329542
7500000
7729167
7840917
8011354
8181813
8352271
8522729
8726313
8863646
9034083
9204542
9375000
9545458
9741167
9886354
10056813
10227271
10397729
10568188
10758396
10909083
187875
340917
511354
681813
852271
1022729
1200042
1363646
1534083
1704542
1875000
2045458
2249000
2386354
2556813
2727271
2897729
3068188
3247979
3409083
3579542
3750000
3920458
4090917
4278125
4431813
4602271
4772729
4943188
5113646
5309958
5454542
5676104
5795458
5965917
6136354
6306813
6477271
6673667
6818188
6988646
7159083
7329542
7500000
7695958
7840917
8011354
8181813
8352271
8522729
8725813
8863646
9034083
9204542
9375000
9545458
9739125
9886354
10056813
10227271
10397729
10568188
10747979
10909083
204042
340917
511354
681813
852271
1022729
1209729
1363646
1534083
1704542
1875000
2045458
2232063
2386354
2556813
2727271
2897729
3068188
3259042
3409083
3579542
3750000
3920458
4090917
4274104
4431813
4602271
4772729
4943188
5113646
5303104
5454542
5667083
5795458
5965917
6136354
6306813
6477271
6679375
6818188
6988646
7159083
7329542
7500000
7699896
7840917
8011354
8181813
8352271
8522729
8714375
8863646
9034083
9204542
9375000
9545458
9729771
9886354
10056813
10227271
10397729
10568188
10751854
10909083
189854
340917
511354
681813
852271
1022729
1209583
1363646
1534083
1704542
1875000
2045458
2243750
2386354
2556813
2727271
2897729
3068188
3264375
3409083
3579542
3750000
3920458
4090917
4300063
4431813
4602271
4772729
4943188
5113646
5308729
5454542
5666667
5795458
5965917
6136354
6306813
6477271
6674333
6818188
6988646
7159083
7329542
7500000
7697271
7840917
8011354
8181813
8352271
8522729
8726479
8863646
9034083
9204542
9375000
9545458
9735458
9886354
10056813
10227271
10397729
10568188
10759354
10909083
176875
340917
511354
681813
852271
1022729
1235063
1363646
1534083
1704542
1875000
2045458
2248438
2386354
2556813
2727271
2897729
3068188
3268292
3409083
3579542
3750000
3920458
4090917
4270625
4431813
4602271
4772729
4943188
5113646
5298688
5454542
5663479
5795458
5965917
6136354
6306813
6477271
6657896
6818188
6988646
7159083
7329542
7500000
7708833
7840917
8011354
8181813
8352271
8522729
8717500
8863646
9034083
9204542
9375000
9545458
9710396
9886354
10056813
10227271
10397729
10568188
10746438
10909083
195625
340917
511354
681813
852271
1022729
1222250
1363646
1534083
1704542
1875000
2045458
2250063
2386354
2556813
2727271
2897729
3068188
3265375
3409083
3579542
3750000
3920458
4090917
4282604
4431813
4602271
4772729
4943188
5113646
5310375
5454542
5647896
5795458
5965917
6136354
6306813
6477271
6659688
6818188
6988646
7159083
7329542
7500000
7716917
7840917
8011354
8181813
8352271
8522729
8723396
8863646
9034083
9204542
9375000
9545458
9724792
9886354
10056813
10227271
10397729
10568188
10757563
10909083
182479
340917
511354
681813
852271
1022729
1201604
1363646
1534083
1704542
1875000
2045458
2228813
2386354
2556813
2727271
2897729
3068188
3244542
3409083
3579542
3750000
3920458
4090917
4264896
4431813
4602271
4772729
4943188
5113646
5309354
5454542
5657521
5795458
5965917
6136354
6306813
6477271
6665125
6818188
6988646
7159083
7329542
7500000
7676146
7840917
8011354
8181813
8352271
8522729
8720792
8863646
9034083
9204542
9375000
9545458
9735604
9886354
10056813
10227271
10397729
10568188
10762542
10909083
310
0
0
0
0
0
3155
0
0
0
0
0
10000
0
0
0
0
0
8157
0
0
0
0
0
9418
0
0
0
0
0
6689
0
4884
0
0
0
0
0
9103
0
0
0
0
0
1839
0
0
0
0
0
5396
0
0
0
0
0
1
0
0
0
0
0
3290
0
3135
0
0
0
0
0
6788
0
0
0
0
0
8916
0
0
0
0
0
1180
0
0
0
0
0
1996
0
0
0
0
0
1825
0
4432
0
0
0
0
0
7256
0
0
0
0
0
1746
0
0
0
0
0
10000
0
0
0
0
0
4296
0
0
0
0
0
1
0
3342
0
0
0
0
0
1
0
0
0
0
0
5718
0
0
0
0
0
5065
0
0
0
0
0
10000
0
0
0
0
0
2529
0
2613
0
0
0
0
0
3260
0
0
0
0
0
3046
0
0
0
0
0
5521
0
0
0
0
0
3621
0
0
0
0
0
2186
0
6337
0
0
0
0
0
3651
0
0
0
0
0
2263
0
0
0
0
0
3723
0
0
0
0
0
5238
0
0
0
0
0
97
0
7257
0
0
0
0
0
1
0
0
0
0
0
10000
0
0
0
0
0
9212
0
0
0
0
0
6028
0
0
0
0
0
1602
0
6621
0
0
0
0
0
9745
0
0
0
0
0
7334
0
0
0
0
0
2146
0
0
0
0
0
3060
0
0
0
0
0
26
0
8063
0
0
0
0
0
9269
0
0
0
0
0
10000
0
0
0
0
0
6213
0
0
0
0
0
4720
0
0
0
0
0
1
0
6661
0
0
0
0
0
7430
0
0
0
0
0
7522
0
0
0
0
0
8256
0
0
0
0
0
7932
0
0
0
0
0
5148
0
10000
0
0
0
0
0
6657
0
0
0
0
0
6090
0
0
0
0
0
5004
0
0
0
0
0
6386
0
0
0
0
0
1
0
1240
0
0
0
0
0
4398
0
0
0
0
0
5329
0
0
0
0
0
5789
0
0
0
0
0
5421
0
0
0
0
0
206
0
7030
0
0
0
0
0
4303
0
0
0
0
0
5272
0
0
0
0
0
10000
0
0
0
0
0
3617
0
0
0
0
0
1
0
4400
0
0
0
0
0
3203
0
0
0
0
0
4350
0
0
0
0
0
3540
0
0
0
0
0
4146
0
0
0
0
0
1
0
5132
0
0
0
0
0
3203
0
0
0
0
0
3313
0
0
0
0
0
3441
0
0
0
0
0
10000
0
0
0
0
0
3647
0
5551
0
0
0
0
0
5578
0
0
0
0
0
6665
0
0
0
0
0
10000
0
0
0
0
0
6562
0
0
0
0
0
1
0
5709
0
0
0
0
0
4057
0
0
0
0
0
4685
0
0
0
0
0
9874
0
0
0
0
0
7550
0
0
0
0
0
4297
0
2697
0
0
0
0
0
3175
0
0
0
0
0
1
0
0
0
0
0
5326
0
0
0
0
0
2721
0
0
0
0
0
3197
0
9043
0
0
0
0
0
4261
0
0
0
0
0
10000
0
0
0
0
0
7178
0
0
0
0
0
3499
0
0
0
0
0
5473
0
9362
0
0
0
0
0
8636
0
0
0
0
0
10000
0
0
0
0
0
1
0
0
0
0
0
6022
0
0
0
0
0
6879
0
7775
0
0
0
0
0
8533
0
0
0
0
0
8198
0
0
0
0
0
6087
0
0
0
0
0
7347
0
0
0
0
0
5293
0
142
0
0
0
0
0
3648
0
0
0
0
0
10000
0
0
0
0
0
2617
0
0
0
0
0
7875
0
0
0
0
0
3575
0
3421
0
0
0
0
0
3226
0
0
0
0
0
6486
0
0
0
0
0
882
0
0
0
0
0
8674
0
0
0
0
0
1
0
924
0
0
0
0
0
1
0
0
0
0
0
46
0
0
0
0
0
1869
0
0
0
0
0
3920
0
0
0
0
0
682
0
10000
0
0
0
0
0
4193
0
0
0
0
0
5599
0
0
0
0
0
5607
0
0
0
0
0
944
0
0
0
0
0
6005
0
9135
0
0
0
0
0
6452
0
0
0
0
0
3238
0
0
0
0
0
3426
0
0
0
0
0
3909
0
0
0
0
0
1907
0
4574
0
0
0
0
0
1241
0
0
0
0
0
10000
0
0
0
0
0
6914
0
0
0
0
0
269
0
0
0
0
0
1
0
8633
0
0
0
0
0
10000
0
0
0
0
0
7383
0
0
0
0
0
5272
0
0
0
0
0
8932
0
0
0
0
0
1
0
8457
0
0
0
0
0
7196
0
0
0
0
0
8079
0
0
0
0
0
7267
0
0
0
0
0
4769
0
0
0
0
0
8148
0
10000
0
0
0
0
0
1
0
0
0
0
0
3927
0
0
0
0
0
3658
0
0
0
0
0
3411
0
0
0
0
0
3409
0
9952
0
0
0
0
0
4741
0
0
0
0
0
3362
0
0
0
0
0
3310
0
0
0
0
0
1754
0
0
0
0
0
2641
0
2405
0
0
0
0
0
2365
0
0
0
0
0
10000
0
0
0
0
0
7817
0
0
0
0
0
3015
0
0
0
0
0
4311
0
8025
0
0
0
0
0
1
0
0
0
0
0
5212
0
0
0
0
0
5822
0
0
0
0
0
6789
0
0
0
0
0
3450
0
2797
0
0
0
0
0
2695
0
0
0
0
0
4171
0
0
0
0
0
2105
0
0
0
0
0
5991
0
0
0
0
0
4359
0
10000
0
0
0
0
0
4283
0
0
0
0
0
5799
0
0
0
0
0
7627
0
0
0
0
0
5694
0
0
0
0
0
1
0
2226
0
0
0
0
0
9769
0
0
0
0
0
9505
0
0
0
0
0
1119
0
0
0
0
0
10000
0
0
0
0
0
4766
0
7860
0
0
0
0
0
5144
0
0
0
0
0
7364
0
0
0
0
0
6543
0
0
0
0
0
6726
0
0
0
0
0
1
0
9391
0
0
0
0
0
4854
0
0
0
0
0
3757
0
0
0
0
0
9447
0
0
0
0
0
6146
0
0
0
0
0
1
0
1603
0
0
0
0
0
10000
0
0
0
0
0
2275
0
0
0
0
0
2089
0
0
0
0
0
5830
0
0
0
0
0
1263
0
5285
0
0
0
0
0
4669
0
0
0
0
0
7111
0
0
0
0
0
9125
0
0
0
0
0
10000
0
0
0
0
0
5003
0
3226
0
0
0
0
0
9734
0
0
0
0
0
1
0
0
0
0
0
4588
0
0
0
0
0
6254
0
0
0
0
0
1105
0
1863
0
0
0
0
0
1301
0
0
0
0
0
10000
0
0
0
0
0
3628
0
0
0
0
0
2444
0
0
0
0
0
3881
0
1047
0
0
0
0
0
4536
0
0
0
0
0
5927
0
0
0
0
0
7384
0
0
0
0
0
2905
0
0
0
0
0
1
0
4376
0
0
0
0
0
3342
0
0
0
0
0
9589
0
0
0
0
0
9150
0
0
0
0
0
4976
0
0
0
0
0
2704
0
4965
0
0
0
0
0
10000
0
0
0
0
0
5897
0
0
0
0
0
3884
0
0
0
0
0
1
0
0
0
0
0
4413
0
6992
0
0
0
0
0
3614
0
0
0
0
0
7809
0
0
0
0
0
6392
0
0
0
0
0
6159
0
0
0
0
0
1
0
9105
0
0
0
0
0
4084
0
0
0
0
0
10000
0
0
0
0
0
6549
0
0
0
0
0
5124
0
0
0
0
0
3802
0
4856
0
0
0
0
0
2641
0
0
0
0
0
8692
0
0
0
0
0
5270
0
0
0
0
0
10000
0
0
0
0
0
5340
0
5867
0
0
0
0
0
6968
0
0
0
0
0
7943
0
0
0
0
0
1
0
0
0
0
0
5673
0
0
0
0
0
5515
0
10000
0
0
0
0
0
6642
0
0
0
0
0
7065
0
0
0
0
0
2464
0
0
0
0
0
3599
0
0
0
0
0
4925
0
3884
0
0
0
0
0
1537
0
0
0
0
0
3991
0
0
0
0
0
6441
0
0
0
0
0
4012
0
0
0
0
0
1
0
1
0
0
0
0
0
5107
0
0
0
0
0
1440
0
0
0
0
0
5968
0
0
0
0
0
10000
0
0
0
0
0
5572
0
6685
0
0
0
0
0
2922
0
0
0
0
0
2456
0
0
0
0
0
5091
0
0
0
0
0
7238
0
0
0
0
0
2230
0
2482
0
0
0
0
0
9905
0
0
0
0
0
7475
0
0
0
0
0
7327
0
0
0
0
0
9896
0
0
0
0
0
5726
0
10000
0
0
0
0
0
1484
0
0
0
0
0
1243
0
0
0
0
0
2409
0
0
0
0
0
3854
0
0
0
0
0
1
0
10000
0
0
0
0
0
1609
0
0
0
0
0
8081
0
0
0
0
0
6895
0
0
0
0
0
6275
0
0
0
0
0
2712
0
2588
0
0
0
0
0
5664
0
0
0
0
0
3147
0
0
0
0
0
2733
0
0
0
0
0
4325
0
0
0
0
0
1
0
4822
0
0
0
0
0
3387
0
0
0
0
0
5946
0
0
0
0
0
4729
0
0
0
0
0
10000
0
0
0
0
0
3065
0
8426
0
0
0
0
0
2251
0
0
0
0
0
6511
0
0
0
0
0
1
0
0
0
0
0
4005
0
0
0
0
0
3736
0
10000
0
0
0
0
0
4367
0
0
0
0
0
7906
0
0
0
0
0
3395
0
0
0
0
0
8400
0
0
0
0
0
2988
0
6797
0
0
0
0
0
4409
0
0
0
0
0
1
0
0
0
0
0
8852
0
0
0
0
0
8283
0
0
0
0
0
1452
0
10000
0
0
0
0
0
9813
0
0
0
0
0
5388
0
0
0
0
0
3874
0
0
0
0
0
5088
0
0
0
0
0
3524
0
5528
0
0
0
0
0
5082
0
0
0
0
0
5881
0
0
0
0
0
1
0
0
0
0
0
2775
0
0
0
0
0
3075
0
5645
0
0
0
0
0
2762
0
0
0
0
0
3419
0
0
0
0
0
3656
0
0
0
0
0
4237
0
0
0
0
0
2690
0
6147
0
0
0
0
0
3929
0
0
0
0
0
10000
0
0
0
0
0
2971
0
0
0
0
0
1
0
0
0
0
0
3405
0
10000
0
0
0
0
0
2556
0
0
0
0
0
1805
0
0
0
0
0
4411
0
0
0
0
0
4182
0
0
0
0
0
4728
0
6009
0
0
0
0
0
4670
0
0
0
0
0
9250
0
0
0
0
0
2757
0
0
0
0
0
1
0
0
0
0
0
5726
0
2276
0
0
0
0
0
9306
0
0
0
0
0
3801
0
0
0
0
0
5194
0
0
0
0
0
10000
0
0
0
0
0
2604
0
1
0
0
0
0
0
1789
0
0
0
0
0
6769
0
0
0
0
0
2294
0
0
0
0
0
5872
0
0
0
0
0
121
0
7860
0
0
0
0
0
7721
0
0
0
0
0
2181
0
0
0
0
0
1987
0
0
0
0
0
9541
0
0
0
0
0
1
0
7860
0
0
0
0
0
2801
0
0
0
0
0
10000
0
0
0
0
0
8214
0
0
0
0
0
6079
0
0
0
0
0
3413
0
3244
0
0
0
0
0
1
0
0
0
0
0
5365
0
0
0
0
0
3593
0
0
0
0
0
2500
0
0
0
0
0
2413
0
3735
0
0
0
0
0
4709
0
0
0
0
0
4175
0
0
0
0
0
933
0
0
0
0
0
2353
0
0
0
0
0
10000
0
8898
0
0
0
0
0
5446
0
0
0
0
0
1961
0
0
0
0
0
1
0
0
0
0
0
5109
0
0
0
0
0
4247
0
6349
0
0
0
0
0
8290
0
0
0
0
0
10000
0
0
0
0
0
2581
0
0
0
0
0
6172
0
0
0
0
0
5473
0
4646
0
0
0
0
0
4497
0
0
0
0
0
1
0
0
0
0
0
4132
0
0
0
0
0
6371
0
0
0
0
0
2924
0
7953
0
0
0
0
0
3835
0
0
0
0
0
10000
0
0
0
0
0
5755
0
0
0
0
0
4477
0
0
0
0
0
5362
0
10000
0
0
0
0
0
1
0
0
0
0
0
4877
0
0
0
0
0
3806
0
0
0
0
0
8167
0
0
0
0
0
3875
0
5953
0
0
0
0
0
6458
0
0
0
0
0
5855
0
0
0
0
0
2574
0
0
0
0
0
3521
0
0
0
0
0
5833
0
20
20
20
20
20
20
20
20
20
20
20
20
20
20
20
20
20
20
20
20
20
20
20
20
20
20
20
20
20
20
20
20
20
20
20
20
20
20
20
20
20
20
20
20
20
20
20
20
20
20
20
20
20
20
20
20
20
20
20
20
20
20
20
20
46
46
46
46
46
46
46
46
46
46
46
46
46
46
46
46
46
46
46
46
46
46
46
46
46
46
46
46
46
46
46
46
46
46
46
46
46
46
46
46
46
46
46
46
46
46
46
46
46
46
46
46
46
46
46
46
46
46
46
46
46
46
46
46
46
46
46
46
46
46
46
46
46
46
46
46
46
46
46
46
46
46
46
46
46
46
46
46
46
46
46
46
46
46
46
46
46
46
46
46
46
46
46
46
46
46
46
46
46
46
46
46
46
46
46
46
46
46
46
46
46
46
46
46
46
46
46
46
46
46
46
46
46
46
46
46
46
46
46
46
46
46
46
46
46
46
46
46
46
46
46
46
46
46
46
46
46
46
46
46
46
46
46
46
46
46
46
46
46
46
46
46
46
46
46
46
46
46
46
46
46
46
46
46
46
46
46
46
46
46
46
46
46
46
46
46
46
46
46
46
46
46
46
46
46
46
46
46
46
46
46
46
46
46
46
46
46
46
46
46
46
46
46
46
46
46
46
46
46
46
46
46
46
46
46
46
46
46
46
46
46
46
46
46
46
46
46
46
46
46
46
46
46
46
46
46
46
46
46
46
46
46
46
46
46
46
46
46
46
46
46
46
46
46
46
46
46
46
46
46
46
46
46
46
46
46
46
46
20
20
20
20
20
20
20
20
20
20
20
20
20
20
20
20
20
20
20
20
20
20
20
20
20
20
20
20
20
20
20
20
20
20
20
20
20
20
20
20
20
20
20
20
20
20
20
20
20
20
20
20
20
20
20
20
20
20
20
20
20
20
20
20
46
46
46
46
46
46
46
46
46
46
46
46
46
46
46
46
46
46
46
46
46
46
46
46
46
46
46
46
46
46
46
46
46
46
46
46
46
46
46
46
46
46
46
46
46
46
46
46
46
46
46
46
46
46
46
46
46
46
46
46
46
46
46
46
46
46
46
46
46
46
46
46
46
46
46
46
46
46
46
46
46
46
46
46
46
46
46
46
46
46
46
46
46
46
46
46
46
46
46
46
46
46
46
46
46
46
46
46
46
46
46
46
46
46
46
46
46
46
46
46
46
46
46
46
46
46
46
46
46
46
46
46
46
46
46
46
46
46
46
46
46
46
46
46
46
46
46
46
46
46
46
46
46
46
46
46
46
46
46
46
46
46
46
46
46
46
46
46
46
46
46
46
46
46
46
46
46
46
46
46
46
46
46
46
46
46
46
46
46
46
46
46
46
46
46
46
46
46
46
46
46
46
46
46
46
46
46
46
46
46
46
46
46
46
46
46
46
46
46
46
46
46
46
46
46
46
46
46
46
46
46
46
46
46
46
46
46
46
46
46
46
46
46
46
46
46
46
46
46
46
46
46
46
46
46
46
46
46
46
46
46
46
46
46
46
46
46
46
46
46
46
46
46
46
46
46
46
46
46
46
46
46
46
46
46
46
46
46
20
20
20
20
20
20
20
20
20
20
20
20
20
20
20
20
20
20
20
20
20
20
20
20
20
20
20
20
20
20
20
20
20
20
20
20
20
20
20
20
20
20
20
20
20
20
20
20
20
20
20
20
20
20
20
20
20
20
20
20
20
20
20
20
46
46
46
46
46
46
46
46
46
46
46
46
46
46
46
46
46
46
46
46
46
46
46
46
46
46
46
46
46
46
46
46
46
46
46
46
46
46
46
46
46
46
46
46
46
46
46
46
46
46
46
46
46
46
46
46
46
46
46
46
46
46
46
46
46
46
46
46
46
46
46
46
46
46
46
46
46
46
46
46
46
46
46
46
46
46
46
46
46
46
46
46
46
46
46
46
46
46
46
46
46
46
46
46
46
46
46
46
46
46
46
46
46
46
46
46
46
46
46
46
46
46
46
46
46
46
46
46
46
46
46
46
46
46
46
46
46
46
46
46
46
46
46
46
46
46
46
46
46
46
46
46
46
46
46
46
46
46
46
46
46
46
46
46
46
46
46
46
46
46
46
46
46
46
46
46
46
46
46
46
46
46
46
46
46
46
46
46
46
46
46
46
46
46
46
46
46
46
46
46
46
46
46
46
46
46
46
46
46
46
46
46
46
46
46
46
46
46
46
46
46
46
46
46
27
27
27
27
27
27
27
27
27
27
27
27
27
27
27
27
27
27
27
27
27
27
27
27
27
27
27
27
27
27
27
27
27
27
27
27
27
27
27
27
27
27
27
27
27
27
27
27
27
27
27
27
27
27
27
27
27
27
27
27
27
27
27
27
20
20
20
20
20
20
20
20
20
20
20
20
20
20
20
20
20
20
20
20
20
20
20
20
20
20
20
20
20
20
20
20
20
20
20
20
20
20
20
20
20
20
20
20
20
20
20
20
20
20
20
20
20
20
20
20
20
20
20
20
20
20
20
20
46
46
46
46
46
46
46
46
46
46
46
46
46
46
46
46
46
46
46
46
46
46
46
46
46
46
46
46
46
46
46
46
46
46
46
46
46
46
46
46
46
46
46
46
46
46
46
46
46
46
46
46
46
46
46
46
46
46
46
46
46
46
46
46
46
46
46
46
46
46
46
46
46
46
46
46
46
46
46
46
46
46
46
46
46
46
46
46
46
46
46
46
46
46
46
46
46
46
46
46
46
46
46
46
46
46
46
46
46
46
46
46
46
46
46
46
46
46
46
46
46
46
46
46
46
46
46
46
46
46
46
46
46
46
46
46
46
46
46
46
46
46
46
46
46
46
46
46
46
46
46
46
46
46
46
46
46
46
46
46
46
46
46
46
46
46
46
46
46
46
46
46
46
46
46
46
46
46
46
46
46
46
46
46
46
46
46
46
46
46
46
46
46
46
46
46
46
46
46
46
46
46
46
46
46
46
46
46
46
46
46
46
46
46
46
46
46
46
46
46
46
46
46
46
46
46
46
46
46
46
46
46
46
46
46
46
46
46
46
46
46
46
46
46
46
46
46
46
46
46
46
46
46
46
46
46
46
46
46
46
46
46
46
46
46
46
46
46
46
46
46
46
46
46
46
46
46
46
46
46
46
46
46
46
46
46
46
46
20
20
20
20
20
20
20
20
20
20
20
20
20
20
20
20
20
20
20
20
20
20
20
20
20
20
20
20
20
20
20
20
46
46
46
46
46
46
46
46
46
46
46
46
46
46
46
46
46
46
46
46
46
46
46
46
46
46
46
46
46
46
46
46
46
46
46
46
46
46
46
46
46
46
46
46
46
46
46
46
46
46
46
46
46
46
46
46
46
46
46
46
46
46
46
46
46
46
46
46
46
46
46
46
46
46
46
46
46
46
46
46
46
46
46
46
46
46
46
46
46
46
46
46
46
46
46
46
46
46
46
46
46
46
46
46
46
46
46
46
46
46
46
46
46
46
46
46
46
46
46
46
46
46
46
46
46
46
46
46
46
46
46
46
46
46
46
46
46
46
46
46
46
46
46
46
46
46
46
46
46
46
46
46
46
46
46
46
46
46
46
46
46
46
46
46
46
46
46
46
46
46
46
46
46
46
46
46
46
46
46
46
46
46
46
46
46
46
46
46
46
46
46
46
46
46
46
46
46
46
46
46
46
46
46
46
46
46
46
46
46
46
46
46
46
46
46
46
46
46
46
46
46
46
46
46
46
46
46
46
46
46
46
46
46
46
46
46
46
46
46
46
46
46
46
46
46
46
46
46
46
46
46
46
46
46
46
46
27
27
27
27
27
27
27
27
27
27
27
27
27
27
27
27
27
27
27
27
27
27
27
27
27
27
27
27
27
27
27
27
27
27
27
27
27
27
27
27
27
27
27
27
27
27
27
27
27
27
27
27
27
27
27
27
27
27
27
27
27
27
27
27
20
20
20
20
20
20
20
20
20
20
20
20
20
20
20
20
20
20
20
20
20
20
20
20
20
20
20
20
20
20
20
20
46
46
46
46
46
46
46
46
46
46
46
46
46
46
46
46
46
46
46
46
46
46
46
46
46
46
46
46
46
46
46
46
46
46
46
46
46
46
46
46
46
46
46
46
46
46
46
46
46
46
46
46
46
46
46
46
46
46
46
46
46
46
46
46
46
46
46
46
46
46
46
46
46
46
46
46
46
46
46
46
46
46
46
46
46
46
46
46
46
46
46
46
46
46
46
46
46
46
46
46
46
46
46
46
46
46
46
46
46
46
46
46
46
46
46
46
46
46
46
46
46
46
46
46
46
46
46
46
46
46
46
46
46
46
46
46
46
46
46
46
46
46
46
46
46
46
46
46
46
46
46
46
46
46
46
46
46
46
46
46
46
46
46
46
46
46
46
46
46
46
46
46
46
46
46
46
46
46
46
46
46
46
46
46
46
46
46
46
46
46
46
46
46
46
46
46
46
46
46
46
46
46
46
46
46
46
46
46
46
46
46
46
46
46
46
46
46
46
46
46
46
46
46
46
46
46
46
46
46
46
46
46
46
46
46
46
46
46
46
46
46
46
46
46
46
46
46
46
46
46
46
46
46
46
46
46
46
46
46
46
46
46
46
46
46
46
46
46
46
46
46
46
46
46
46
46
46
46
46
46
46
46
46
46
46
46
46
46
20
20
20
20
20
20
20
20
20
20
20
20
20
20
20
20
20
20
20
20
20
20
20
20
20
20
20
20
20
20
20
20
20
20
20
20
20
20
20
20
20
20
20
20
20
20
20
20
20
20
20
20
20
20
20
20
20
20
20
20
20
20
20
20
46
46
46
46
46
46
46
46
46
46
46
46
46
46
46
46
46
46
46
46
46
46
46
46
46
46
46
46
46
46
46
46
46
46
46
46
46
46
46
46
46
46
46
46
46
46
46
46
46
46
46
46
46
46
46
46
46
46
46
46
46
46
46
46
46
46
46
46
46
46
46
46
46
46
46
46
46
46
46
46
46
46
46
46
46
46
46
46
46
46
46
46
46
46
46
46
46
46
46
46
46
46
46
46
46
46
46
46
46
46
46
46
46
46
46
46
46
46
46
46
46
46
46
46
46
46
46
46
46
46
46
46
46
46
46
46
46
46
46
46
46
46
46
46
46
46
46
46
46
46
46
46
46
46
46
46
46
46
46
46
46
46
46
46
46
46
46
46
46
46
46
46
46
46
46
46
46
46
46
46
46
46
46
46
46
46
46
46
46
46
46
46
46
46
46
46
46
46
46
46
46
46
46
46
46
46
46
46
46
46
46
46
46
46
46
46
46
46
46
46
46
46
46
46
46
46
46
46
46
46
46
46
46
46
46
46
46
46
46
46
46
46
46
46
46
46
46
46
46
46
46
46
46
46
46
46
27
27
27
27
27
27
27
27
27
27
27
27
27
27
27
27
27
27
27
27
27
27
27
27
27
27
27
27
27
27
27
27
20
20
20
20
20
20
20
20
20
20
20
20
20
20
20
20
20
20
20
20
20
20
20
20
20
20
20
20
20
20
20
20
20
20
20
20
20
20
20
20
20
20
20
20
20
20
20
20
20
20
20
20
20
20
20
20
20
20
20
20
20
20
20
20
46
46
46
46
46
46
46
46
46
46
46
46
46
46
46
46
46
46
46
46
46
46
46
46
46
46
46
46
46
46
46
46
46
46
46
46
46
46
46
46
46
46
46
46
46
46
46
46
46
46
46
46
46
46
46
46
46
46
46
46
46
46
46
46
46
46
46
46
46
46
46
46
46
46
46
46
46
46
46
46
46
46
46
46
46
46
46
46
46
46
46
46
46
46
46
46
46
46
46
46
46
46
46
46
46
46
46
46
46
46
46
46
46
46
46
46
46
46
46
46
46
46
46
46
46
46
46
46
46
46
46
46
46
46
46
46
46
46
46
46
46
46
46
46
46
46
46
46
46
46
46
46
46
46
46
46
46
46
46
46
46
46
46
46
46
46
46
46
46
46
46
46
46
46
46
46
46
46
46
46
46
46
46
46
46
46
46
46
46
46
46
46
46
46
46
46
46
46
46
46
46
46
46
46
46
46
46
46
46
46
46
46
46
46
46
46
46
46
46
46
46
46
46
46
46
46
46
46
46
46
46
46
46
46
46
46
46
46
46
46
46
46
46
46
46
46
46
46
46
46
46
46
46
46
46
46
46
46
46
46
46
46
46
46
46
46
46
46
46
46
46
46
46
46
46
46
46
46
46
46
46
46
46
46
46
46
46
46
20
20
20
20
20
20
20
20
20
20
20
20
20
20
20
20
20
20
20
20
20
20
20
20
20
20
20
20
20
20
20
20
46
46
46
46
46
46
46
46
46
46
46
46
46
46
46
46
46
46
46
46
46
46
46
46
46
46
46
46
46
46
46
46
46
46
46
46
46
46
46
46
46
46
46
46
46
46
46
46
46
46
46
46
46
46
46
46
46
46
46
46
46
46
46
46
46
46
46
46
46
46
46
46
46
46
46
46
46
46
46
46
46
46
46
46
46
46
46
46
46
46
46
46
46
46
46
46
46
46
46
46
46
46
46
46
46
46
46
46
46
46
46
46
46
46
46
46
46
46
46
46
46
46
46
46
46
46
46
46
46
46
46
46
46
46
46
46
46
46
46
46
46
46
46
46
46
46
46
46
46
46
46
46
46
46
46
46
46
46
46
46
46
46
46
46
46
46
46
46
46
46
46
46
46
46
46
46
46
46
46
46
46
46
46
46
46
46
46
46
46
46
46
46
46
46
46
46
46
46
46
46
46
46
46
46
46
46
46
46
46
46
46
46
46
46
46
46
46
46
46
46
46
46
46
46
46
46
46
46
46
46
46
46
46
46
46
46
46
46
46
46
46
46
46
46
46
46
46
46
46
46
46
46
46
46
46
46
27
27
27
27
27
27
27
27
27
27
27
27
27
27
27
27
27
27
27
27
27
27
27
27
27
27
27
27
27
27
27
27
27
27
27
27
27
27
27
27
27
27
27
27
27
27
27
27
27
27
27
27
27
27
27
27
27
27
27
27
27
27
27
27
20
20
20
20
20
20
20
20
20
20
20
20
20
20
20
20
20
20
20
20
20
20
20
20
20
20
20
20
20
20
20
20
20
20
20
20
20
20
20
20
20
20
20
20
20
20
20
20
20
20
20
20
20
20
20
20
20
20
20
20
20
20
20
20
46
46
46
46
46
46
46
46
46
46
46
46
46
46
46
46
46
46
46
46
46
46
46
46
46
46
46
46
46
46
46
46
46
46
46
46
46
46
46
46
46
46
46
46
46
46
46
46
46
46
46
46
46
46
46
46
46
46
46
46
46
46
46
46
46
46
46
46
46
46
46
46
46
46
46
46
46
46
46
46
46
46
46
46
46
46
46
46
46
46
46
46
46
46
46
46
46
46
46
46
46
46
46
46
46
46
46
46
46
46
46
46
46
46
46
46
46
46
46
46
46
46
46
46
46
46
46
46
46
46
46
46
46
46
46
46
46
46
46
46
46
46
46
46
46
46
46
46
46
46
46
46
46
46
46
46
46
46
46
46
46
46
46
46
46
46
46
46
46
46
46
46
46
46
46
46
46
46
46
46
46
46
46
46
46
46
46
46
46
46
46
46
46
46
46
46
46
46
46
46
46
46
46
46
46
46
46
46
46
46
46
46
46
46
46
46
46
46
46
46
46
46
46
46
46
46
46
46
46
46
46
46
46
46
46
46
46
46
46
46
46
46
46
46
46
46
46
46
46
46
46
46
46
46
46
46
20
20
20
20
20
20
20
20
20
20
20
20
20
20
20
20
20
20
20
20
20
20
20
20
20
20
20
20
20
20
20
20
20
20
20
20
20
20
20
20
20
20
20
20
20
20
20
20
20
20
20
20
20
20
20
20
20
20
20
20
20
20
20
20
20
20
20
20
20
20
20
20
20
20
20
20
20
20
20
20
20
20
20
20
20
20
20
20
20
20
20
20
20
20
20
20
46
46
46
46
46
46
46
46
46
46
46
46
46
46
46
46
46
46
46
46
46
46
46
46
46
46
46
46
46
46
46
46
46
46
46
46
46
46
46
46
46
46
46
46
46
46
46
46
46
46
46
46
46
46
46
46
46
46
46
46
46
46
46
46
46
46
46
46
46
46
46
46
46
46
46
46
46
46
46
46
46
46
46
46
46
46
46
46
46
46
46
46
46
46
46
46
46
46
46
46
46
46
46
46
46
46
46
46
46
46
46
46
46
46
46
46
46
46
46
46
46
46
46
46
46
46
46
46
46
46
46
46
46
46
46
46
46
46
46
46
46
46
46
46
46
46
46
46
46
46
46
46
46
46
46
46
46
46
46
46
46
46
46
46
46
46
46
46
46
46
46
46
46
46
46
46
46
46
46
46
46
46
46
46
46
46
46
46
46
46
46
46
46
46
46
46
46
46
46
46
46
46
46
46
46
46
46
46
46
46
46
46
46
46
46
46
46
46
46
46
46
46
46
46
27
27
27
27
27
27
27
27
27
27
27
27
27
27
27
27
27
27
27
27
27
27
27
27
27
27
27
27
27
27
27
27
27
27
27
27
27
27
27
27
27
27
27
27
27
27
27
27
27
27
27
27
27
27
27
27
27
27
27
27
27
27
27
27
0
0
0
0
0
0
0
0
0
0
0
0
0
0
0
0
0
0
0
0
0
0
0
0
0
0
0
0
0
0
0
0
0
0
0
0
0
0
0
0
0
0
0
0
0
0
0
0
0
0
0
0
0
0
0
0
0
0
0
0
0
0
0
0
0
0
0
0
0
0
0
0
0
0
0
0
0
0
0
0
0
0
0
0
0
0
0
0
0
0
0
0
0
0
0
0
2
2
2
2
2
2
2
2
2
2
2
2
2
2
2
2
2
2
2
2
2
2
2
2
2
2
2
2
2
2
2
2
0
0
0
0
0
0
0
0
0
0
0
0
0
0
0
0
0
0
0
0
0
0
0
0
0
0
0
0
0
0
0
0
0
0
0
0
0
0
0
0
0
0
0
0
0
0
0
0
0
0
0
0
0
0
0
0
0
0
0
0
0
0
0
0
0
0
0
0
0
0
0
0
0
0
0
0
0
0
0
0
0
0
0
0
0
0
0
0
0
0
0
0
0
0
0
0
0
0
0
0
0
0
0
0
0
0
0
0
0
0
0
0
0
0
0
0
0
0
0
0
0
0
0
0
0
0
0
0
0
0
0
0
0
0
0
0
0
0
0
0
0
0
0
0
0
0
0
0
0
0
0
0
0
0
0
0
0
0
0
0
0
0
0
0
0
0
0
0
0
0
0
0
0
0
0
0
0
0
0
0
0
0
0
0
0
0
0
0
0
0
0
0
0
0
0
0
0
0
0
0
0
0
0
0
0
0
0
0
0
0
0
0
0
0
0
0
0
0
0
0
0
0
0
0
0
0
0
0
0
0
0
0
0
0
0
0
0
0
0
0
0
0
0
0
0
0
0
0
0
0
0
0
0
0
0
0
0
0
0
0
0
0
0
0
0
0
0
0
0
0
0
0
0
0
0
0
0
0
0
0
0
0
0
0
0
0
0
0
0
0
0
0
0
0
0
0
0
0
0
0
0
0
0
0
0
0
0
0
0
0
0
0
0
0
0
0
0
0
0
0
0
0
0
0
0
0
0
0
0
0
0
0
0
0
0
0
0
0
0
0
0
0
0
0
0
0
0
0
0
0
0
0
0
0
0
0
0
0
0
0
0
0
0
0
0
0
0
0
0
0
0
0
0
0
0
0
0
0
0
0
0
0
0
0
0
0
0
0
0
0
0
0
0
0
0
0
0
0
0
0
0
0
0
0
0
0
0
0
0
0
0
0
0
0
0
0
0
0
0
0
0
0
0
0
0
0
0
0
0
0
0
0
0
0
0
0
0
0
0
0
0
0
0
0
0
0
0
0
0
0
0
0
0
0
0
0
0
0
0
0
0
0
0
0
0
0
0
0
0
0
0
0
0
0
0
0
0
0
0
0
0
0
0
0
0
0
0
0
0
0
0
0
0
0
0
0
0
0
0
0
0
0
0
0
0
0
0
0
0
0
0
0
0
0
0
0
0
0
0
0
0
0
0
0
0
0
0
0
0
0
0
0
0
0
0
0
0
0
0
0
0
0
0
0
0
0
0
0
0
0
0
0
0
0
0
0
0
0
0
0
0
0
0
0
0
0
0
0
0
0
0
0
0
0
0
0
0
0
0
0
0
0
0
0
0
0
0
0
0
0
0
0
0
0
0
0
0
0
0
0
0
0
0
0
0
0
0
0
0
0
0
0
0
0
0
0
0
0
0
0
0
0
0
0
0
0
0
0
0
0
0
0
0
0
0
0
0
0
0
0
0
0
0
0
0
0
0
0
0
0
0
0
0
0
0
0
0
0
0
0
0
0
0
0
0
0
0
0
0
0
0
0
0
0
0
0
0
0
0
0
0
0
0
0
0
0
0
0
0
0
0
0
0
0
0
0
0
0
0
0
0
0
0
0
6
6
6
6
6
6
6
6
6
6
6
6
6
6
6
6
6
6
6
6
6
6
6
6
6
6
6
6
6
6
6
6
0
0
0
0
0
0
0
0
0
0
0
0
0
0
0
0
0
0
0
0
0
0
0
0
0
0
0
0
0
0
0
0
6
6
6
6
6
6
6
6
6
6
6
6
6
6
6
6
6
6
6
6
6
6
6
6
6
6
6
6
6
6
6
6
0
0
0
0
0
0
0
0
0
0
0
0
0
0
0
0
0
0
0
0
0
0
0
0
0
0
0
0
0
0
0
0
6
6
6
6
6
6
6
6
6
6
6
6
6
6
6
6
6
6
6
6
6
6
6
6
6
6
6
6
6
6
6
6
0
0
0
0
0
0
0
0
0
0
0
0
0
0
0
0
0
0
0
0
0
0
0
0
0
0
0
0
0
0
0
0
6
6
6
6
6
6
6
6
6
6
6
6
6
6
6
6
6
6
6
6
6
6
6
6
6
6
6
6
6
6
6
6
0
0
0
0
0
0
0
0
0
0
0
0
0
0
0
0
0
0
0
0
0
0
0
0
0
0
0
0
0
0
0
0
6
6
6
6
6
6
6
6
6
6
6
6
6
6
6
6
6
6
6
6
6
6
6
6
6
6
6
6
6
6
6
6
0
0
0
0
0
0
0
0
0
0
0
0
0
0
0
0
0
0
0
0
0
0
0
0
0
0
0
0
0
0
0
0
6
6
6
6
6
6
6
6
6
6
6
6
6
6
6
6
6
6
6
6
6
6
6
6
6
6
6
6
6
6
6
6
0
0
0
0
0
0
0
0
0
0
0
0
0
0
0
0
0
0
0
0
0
0
0
0
0
0
0
0
0
0
0
0
0
0
0
0
0
0
0
0
0
0
0
0
0
0
0
0
0
0
0
0
0
0
0
0
0
0
0
0
0
0
0
0
0
0
0
0
0
0
0
0
0
0
0
0
0
0
0
0
0
0
0
0
0
0
0
0
0
0
0
0
0
0
0
0
6
6
6
6
6
6
6
6
6
6
6
6
6
6
6
6
6
6
6
6
6
6
6
6
6
6
6
6
6
6
6
6
0
0
0
0
0
0
0
0
0
0
0
0
0
0
0
0
0
0
0
0
0
0
0
0
0
0
0
0
0
0
0
0
6
6
6
6
6
6
6
6
6
6
6
6
6
6
6
6
6
6
6
6
6
6
6
6
6
6
6
6
6
6
6
6
0
0
0
0
0
0
0
0
0
0
0
0
0
0
0
0
0
0
0
0
0
0
0
0
0
0
0
0
0
0
0
0
6
6
6
6
6
6
6
6
6
6
6
6
6
6
6
6
6
6
6
6
6
6
6
6
6
6
6
6
6
6
6
6
0
0
0
0
0
0
0
0
0
0
0
0
0
0
0
0
0
0
0
0
0
0
0
0
0
0
0
0
0
0
0
0
6
6
6
6
6
6
6
6
6
6
6
6
6
6
6
6
6
6
6
6
6
6
6
6
6
6
6
6
6
6
6
6
0
0
0
0
0
0
0
0
0
0
0
0
0
0
0
0
0
0
0
0
0
0
0
0
0
0
0
0
0
0
0
0
6
6
6
6
6
6
6
6
6
6
6
6
6
6
6
6
6
6
6
6
6
6
6
6
6
6
6
6
6
6
6
6
0
0
0
0
0
0
0
0
0
0
0
0
0
0
0
0
0
0
0
0
0
0
0
0
0
0
0
0
0
0
0
0
6
6
6
6
6
6
6
6
6
6
6
6
6
6
6
6
6
6
6
6
6
6
6
6
6
6
6
6
6
6
6
6
0
0
0
0
0
0
0
0
0
0
0
0
0
0
0
0
0
0
0
0
0
0
0
0
0
0
0
0
0
0
0
0
0
0
0
0
0
0
0
0
0
0
0
0
0
0
0
0
0
0
0
0
0
0
0
0
0
0
0
0
0
0
0
0
0
0
0
0
0
0
0
0
0
0
0
0
0
0
0
0
0
0
0
0
0
0
0
0
0
0
0
0
0
0
0
0
0
0
0
0
0
0
0
0
0
0
0
0
0
0
0
0
0
0
0
0
0
0
0
0
0
0
0
0
0
0
0
0
