%pattern_data
3
4
4
0
1
24
-31
0
52
88
0
1
1
0
0
0
10
0
8
0
0
0
0
0
0
0
0
44
-1
-1
0
0
0
20
-25
0
103
119
-15
-30
1
0
0
1
0
0
0
0
0
0
0
0
0
7
0
200
9
0
0
0
1
0
0
0
1
0
1
0
1
0
1
0
1
0
0
0
1
0
1
0
1
0
1
0
1
0
0
0
1
0
1
0
1
0
1
0
1
0
0
0
1
0
1
0
1
0
1
0
0
0
0
0
0
0
0
0
0
0
0
0
0
0
0
0
-51
-51
-51
-51
-51
-51
-51
-51
-51
-51
-51
-51
-51
-51
-51
-51
-51
-51
-51
-51
-51
-51
-51
-51
-31
-31
-31
-31
-31
-31
-31
-31
270417
576917
865375
1153854
1454354
1730771
2020896
2307688
2578208
2884625
3173271
3461542
3746708
4038458
4326917
4615375
4886646
5192313
5487104
5769229
6047646
6346146
6646500
6923083
3746708
4038458
4326917
4615375
4886646
5192313
5487104
5769229
6047646
6346146
6646500
6923083
270417
576917
865375
1153854
1454354
1730771
2020896
2307688
2578208
2884625
3173271
3461542
290521
576917
869833
1153854
1466000
1730771
2031958
2307688
2594729
2884625
3180479
3461542
3733021
4038458
4348583
4615375
286604
576917
865375
1153854
1460063
1730771
2043313
2307688
2621396
2884625
3198438
3461542
3740646
4038458
4326917
4615375
4876604
5192313
5492183
5769229
6053479
6346146
6686542
6923083
3740646
4038458
4326917
4615375
4876604
5192313
5492183
5769229
6053479
6346146
6686542
6923083
286604
576917
865375
1153854
1460063
1730771
2043313
2307688
2621396
2884625
3198438
3461542
278167
576917
934688
1153854
1474896
1730771
2049583
2307688
2643833
2884625
3218688
3461542
3789854
4038458
4358125
4615375
292021
576917
865375
1153854
1462042
1730771
2030521
2307688
2597646
2884625
3180479
3461542
3756955
4038458
4326917
4615375
4905039
5192313
5484333
5769229
6066479
6346146
6652896
6923083
3756955
4038458
4326917
4615375
4905039
5192313
5484333
5769229
6066479
6346146
6652896
6923083
292021
576917
865375
1153854
1462042
1730771
2030521
2307688
2597646
2884625
3180479
3461542
290417
576917
894979
1153854
1464375
1730771
2012521
2307688
2598375
2884625
3222604
3461542
3767438
4038458
4351708
4615375
303271
576917
865375
1153854
1432667
1730771
2019208
2307688
2601104
2884625
3174104
3461542
3738125
4038458
4326917
4615375
4922729
5192313
5494667
5769229
6070208
6346146
6631813
6923083
3738125
4038458
4326917
4615375
4922729
5192313
5494667
5769229
6070208
6346146
6631813
6923083
303271
576917
865375
1153854
1432667
1730771
2019208
2307688
2601104
2884625
3174104
3461542
321063
576917
901500
1153854
1460667
1730771
2021063
2307688
2637875
2884625
3201917
3461542
3764000
4038458
4353500
4615375
284042
576917
865375
1153854
1447854
1730771
2015021
2307688
2581438
2884625
3175375
3461542
3783875
4038458
4326917
4615375
4910083
5192313
5488500
5769229
6060938
6346146
6645563
6923083
3783875
4038458
4326917
4615375
4910083
5192313
5488500
5769229
6060938
6346146
6645563
6923083
284042
576917
865375
1153854
1447854
1730771
2015021
2307688
2581438
2884625
3175375
3461542
312792
576917
885271
1153854
1459208
1730771
2004146
2307688
2596208
2884625
3183750
3461542
3764521
4038458
4353146
4615375
301354
576917
865375
1153854
1444354
1730771
2018271
2307688
2601146
2884625
3202813
3461542
3782646
4038458
4326917
4615375
4906896
5192313
5494604
5769229
6079583
6346146
6636833
6923083
3782646
4038458
4326917
4615375
4906896
5192313
5494604
5769229
6079583
6346146
6636833
6923083
301354
576917
865375
1153854
1444354
1730771
2018271
2307688
2601146
2884625
3202813
3461542
304667
576917
923021
1153854
1460604
1730771
2038563
2307688
2615188
2884625
3173500
3461542
3752833
4038458
4342833
4615375
272417
576917
865375
1153854
1457042
1730771
2018375
2307688
2579771
2884625
3163167
3461542
3740534
4038458
4326917
4615375
4890104
5192313
5453021
5769229
6030027
6346146
6634646
6923083
3740534
4038458
4326917
4615375
4890104
5192313
5453021
5769229
6030027
6346146
6634646
6923083
272417
576917
865375
1153854
1457042
1730771
2018375
2307688
2579771
2884625
3163167
3461542
321750
576917
900500
1153854
1477417
1730771
2030479
2307688
2614604
2884625
3208208
3461542
3790313
4038458
4349313
4615375
292521
576917
865375
1153854
1428083
1730771
2010375
2307688
2584750
2884625
3164292
3461542
3756146
4038458
4326917
4615375
4916458
5192313
5484375
5769229
6039542
6346146
6637396
6923083
3756146
4038458
4326917
4615375
4916458
5192313
5484375
5769229
6039542
6346146
6637396
6923083
292521
576917
865375
1153854
1428083
1730771
2010375
2307688
2584750
2884625
3164292
3461542
269271
576917
878458
1153854
1446854
1730771
2045021
2307688
2635000
2884625
3228500
3461542
3782083
4038458
4370208
4615375
283875
576917
865375
1153854
1449354
1730771
2002875
2307688
2573000
2884625
3165542
3461542
3757500
4038458
4326917
4615375
4943250
5192313
2002875
5769229
6026688
6346146
6618583
6923083
3757500
4038458
4326917
4615375
4943250
5192313
2002875
5769229
6026688
6346146
6618583
6923083
283875
576917
865375
1153854
1449354
1730771
2002875
2307688
2573000
2884625
3165542
3461542
276438
576917
851771
1153854
1461875
1730771
2044688
2307688
2619333
2884625
3206583
3461542
3756500
4038458
4333083
4615375
269167
576917
865375
1153854
1423917
1730771
2020021
2307688
2592688
2884625
3188792
3461542
3763667
4038458
4326917
4615375
4886271
5192313
5472146
5769229
6040479
6346146
6635417
6923083
3763667
4038458
4326917
4615375
4886271
5192313
5472146
5769229
6040479
6346146
6635417
6923083
269167
576917
865375
1153854
1423917
1730771
2020021
2307688
2592688
2884625
3188792
3461542
276333
576917
848875
1153854
1464417
1730771
2050146
2307688
2635771
2884625
3181625
3461542
3776854
4038458
4343625
4615375
264917
576917
865375
1153854
1452188
1730771
2047000
2307688
2602813
2884625
3194229
3461542
3726583
4038458
4326917
4615375
4914813
5192313
5494833
5769229
6060458
6346146
6637583
6923083
3726583
4038458
4326917
4615375
4914813
5192313
5494833
5769229
6060458
6346146
6637583
6923083
264917
576917
865375
1153854
1452188
1730771
2047000
2307688
2602813
2884625
3194229
3461542
0
0
0
0
0
0
0
0
0
0
0
0
0
0
0
0
294583
576917
865375
1153854
1474208
1730771
2071604
2307688
2631896
2884625
3182417
3461542
3767313
4038458
4326917
4615375
4936792
5192313
5540229
5769229
6071292
6346146
6660000
6923083
3767313
4038458
4326917
4615375
4936792
5192313
5540229
5769229
6071292
6346146
6660000
6923083
294583
576917
865375
1153854
1474208
1730771
2071604
2307688
2631896
2884625
3182417
3461542
0
0
0
0
0
0
0
0
0
0
0
0
0
0
0
0
273583
576917
865375
1153854
1473500
1730771
2038250
2307688
2603688
2884625
3207021
3461542
3779125
4038458
4326917
4615375
4897000
5192313
5490354
5769229
6041688
6346146
6652625
6923083
3779125
4038458
4326917
4615375
4897000
5192313
5490354
5769229
6041688
6346146
6652625
6923083
273583
576917
865375
1153854
1473500
1730771
2038250
2307688
2603688
2884625
3207021
3461542
0
0
0
0
0
0
0
0
0
0
0
0
0
0
0
0
281167
576917
865375
1153854
1434813
1730771
2044563
2307688
2589542
2884625
3172250
3461542
3746833
4038458
4326917
4615375
4928000
5192313
5489708
5769229
6054146
6346146
6649271
6923083
3746833
4038458
4326917
4615375
4928000
5192313
5489708
5769229
6054146
6346146
6649271
6923083
281167
576917
865375
1153854
1434813
1730771
2044563
2307688
2589542
2884625
3172250
3461542
0
0
0
0
0
0
0
0
0
0
0
0
0
0
0
0
305875
576917
865375
1153854
1436729
1730771
1994500
2307688
2556458
2884625
3158375
3461542
3712542
4038458
4326917
4615375
4885896
5192313
5472375
5769229
6043146
6346146
6643938
6923083
3712542
4038458
4326917
4615375
4885896
5192313
5472375
5769229
6043146
6346146
6643938
6923083
305875
576917
865375
1153854
1436729
1730771
1994500
2307688
2556458
2884625
3158375
3461542
0
0
0
0
0
0
0
0
0
0
0
0
0
0
0
0
264417
576917
865375
1153854
1430979
1730771
2019604
2307688
2578583
2884625
3148167
3461542
3728146
4038458
4326917
4615375
4910903
5192313
5509975
5769229
6046083
6346146
6617958
6923083
3728146
4038458
4326917
4615375
4910903
5192313
5509975
5769229
6046083
6346146
6617958
6923083
264417
576917
865375
1153854
1430979
1730771
2019604
2307688
2578583
2884625
3148167
3461542
0
0
0
0
0
0
0
0
0
0
0
0
0
0
0
0
279104
576917
865375
1153854
1463500
1730771
2025313
2307688
2584583
2884625
3156938
3461542
3753313
4038458
4326917
4615375
4919688
5192313
5460000
5769229
6052354
6346146
6608146
6923083
3753313
4038458
4326917
4615375
4919688
5192313
5460000
5769229
6052354
6346146
6608146
6923083
279104
576917
865375
1153854
1463500
1730771
2025313
2307688
2584583
2884625
3156938
3461542
0
0
0
0
0
0
0
0
0
0
0
0
0
0
0
0
294771
576917
865375
1153854
1442125
1730771
2008688
2307688
2574667
2884625
3185188
3461542
3763917
4038458
4326917
4615375
4903500
5192313
5516813
5769229
6070688
6346146
6649083
6923083
3763917
4038458
4326917
4615375
4903500
5192313
5516813
5769229
6070688
6346146
6649083
6923083
294771
576917
865375
1153854
1442125
1730771
2008688
2307688
2574667
2884625
3185188
3461542
0
0
0
0
0
0
0
0
0
0
0
0
0
0
0
0
308875
576917
865375
1153854
1466500
1730771
2035979
2307688
2604833
2884625
3186333
3461542
3797688
4038458
4326917
4615375
4937063
5192313
5496063
5769229
6061125
6346146
6634667
6923083
3797688
4038458
4326917
4615375
4937063
5192313
5496063
5769229
6061125
6346146
6634667
6923083
308875
576917
865375
1153854
1466500
1730771
2035979
2307688
2604833
2884625
3186333
3461542
0
0
0
0
0
0
0
0
0
0
0
0
0
0
0
0
296521
576917
865375
1153854
1459146
1730771
2057917
2307688
2613583
2884625
3199271
3461542
3764396
4038458
4326917
4615375
4880375
5192313
5521604
5769229
6064250
6346146
6628542
6923083
3764396
4038458
4326917
4615375
4880375
5192313
5521604
5769229
6064250
6346146
6628542
6923083
296521
576917
865375
1153854
1459146
1730771
2057917
2307688
2613583
2884625
3199271
3461542
0
0
0
0
0
0
0
0
0
0
0
0
0
0
0
0
189958
340917
511354
681813
865417
1022729
1223375
1363646
1546167
1704542
1896563
2045458
2229021
2386354
2556813
2727271
2909688
3068188
3257104
3409083
3593938
3750000
3941896
4090917
2229021
2386354
2556813
2727271
2909688
3068188
3257104
3409083
3593938
3750000
3941896
4090917
189958
340917
511354
681813
865417
1022729
1223375
1363646
1546167
1704542
1896563
2045458
252521
441167
699771
882354
1140479
1323521
1565271
1764708
2020833
2205875
2455458
2647063
2874125
3088229
3316396
3529417
205146
340917
511354
681813
875875
1022729
1228250
1363646
1560646
1704542
1886667
2045458
2222354
2386354
2556813
2727271
2908167
3068188
3263063
3409083
3605875
3750000
3935333
4090917
2222354
2386354
2556813
2727271
2908167
3068188
3263063
3409083
3605875
3750000
3935333
4090917
205146
340917
511354
681813
875875
1022729
1228250
1363646
1560646
1704542
1886667
2045458
248313
441167
704375
882354
1136167
1323521
1553833
1764708
2022708
2205875
2447563
2647063
2896729
3088229
3332896
3529417
186333
340917
511354
681813
848354
1022729
1187646
1363646
1525979
1704542
1880479
2045458
2216396
2386354
2556813
2727271
2915688
3068188
3256208
3409083
3578104
3750000
3929438
4090917
2216396
2386354
2556813
2727271
2915688
3068188
3256208
3409083
3578104
3750000
3929438
4090917
186333
340917
511354
681813
848354
1022729
1187646
1363646
1525979
1704542
1880479
2045458
246417
441167
707292
882354
1155625
1323521
1579875
1764708
2043021
2205875
2483833
2647063
2920000
3088229
3356417
3529417
164625
340917
511354
681813
851833
1022729
1202292
1363646
1543229
1704542
1885938
2045458
2225979
2386354
2556813
2727271
2902354
3068188
3266708
3409083
3585167
3750000
3927521
4090917
2225979
2386354
2556813
2727271
2902354
3068188
3266708
3409083
3585167
3750000
3927521
4090917
164625
340917
511354
681813
851833
1022729
1202292
1363646
1543229
1704542
1885938
2045458
239313
441167
725708
882354
1169979
1323521
1600875
1764708
2059604
2205875
2488104
2647063
2920896
3088229
3363958
3529417
183938
340917
511354
681813
865646
1022729
1202813
1363646
1542833
1704542
1881563
2045458
2230438
2386354
2556813
2727271
2899125
3068188
3255500
3409083
3569729
3750000
3917563
4090917
2230438
2386354
2556813
2727271
2899125
3068188
3255500
3409083
3569729
3750000
3917563
4090917
183938
340917
511354
681813
865646
1022729
1202813
1363646
1542833
1704542
1881563
2045458
231729
441167
715729
882354
1160458
1323521
1588042
1764708
2040417
2205875
2474083
2647063
2898979
3088229
3346167
3529417
174438
340917
511354
681813
861583
1022729
1222396
1363646
1540875
1704542
1867313
2045458
2220000
2386354
2556813
2727271
2896792
3068188
3267708
3409083
3580313
3750000
3955375
4090917
2220000
2386354
2556813
2727271
2896792
3068188
3267708
3409083
3580313
3750000
3955375
4090917
174438
340917
511354
681813
861583
1022729
1222396
1363646
1540875
1704542
1867313
2045458
220563
441167
684396
882354
1132167
1323521
1541271
1764708
2018458
2205875
2484042
2647063
2927500
3088229
3340708
3529417
189125
340917
511354
681813
851208
1022729
1193792
1363646
1540979
1704542
1882875
2045458
2238479
2386354
2556813
2727271
2911729
3068188
3253750
3409083
3587375
3750000
3930667
4090917
2238479
2386354
2556813
2727271
2911729
3068188
3253750
3409083
3587375
3750000
3930667
4090917
189125
340917
511354
681813
851208
1022729
1193792
1363646
1540979
1704542
1882875
2045458
226396
441167
695438
882354
1127229
1323521
1590646
1764708
2044146
2205875
2467021
2647063
2903688
3088229
3359167
3529417
187167
340917
511354
681813
862563
1022729
1220500
1363646
1553354
1704542
1899458
2045458
2225688
2386354
2556813
2727271
2901458
3068188
3245250
3409083
3590354
3750000
3921042
4090917
2225688
2386354
2556813
2727271
2901458
3068188
3245250
3409083
3590354
3750000
3921042
4090917
187167
340917
511354
681813
862563
1022729
1220500
1363646
1553354
1704542
1899458
2045458
245729
441167
717021
882354
1140313
1323521
1549083
1764708
2024896
2205875
2468417
2647063
2900271
3088229
3350958
3529417
181104
340917
511354
681813
866250
1022729
1197167
1363646
1534938
1704542
1867958
2045458
2219271
2386354
2556813
2727271
2907563
3068188
3249854
3409083
3590958
3750000
3932229
4090917
2219271
2386354
2556813
2727271
2907563
3068188
3249854
3409083
3590958
3750000
3932229
4090917
181104
340917
511354
681813
866250
1022729
1197167
1363646
1534938
1704542
1867958
2045458
262667
441167
698604
882354
1141563
1323521
1568938
1764708
2006750
2205875
2435292
2647063
2882438
3088229
3344396
3529417
190188
340917
511354
681813
865271
1022729
1190417
1363646
1542417
1704542
1879021
2045458
2227208
2386354
2556813
2727271
2902354
3068188
3234229
3409083
3575688
3750000
3929021
4090917
2227208
2386354
2556813
2727271
2902354
3068188
3234229
3409083
3575688
3750000
3929021
4090917
190188
340917
511354
681813
865271
1022729
1190417
1363646
1542417
1704542
1879021
2045458
256458
441167
703229
882354
1130313
1323521
1568729
1764708
2013771
2205875
2438813
2647063
2904688
3088229
3339125
3529417
160813
340917
511354
681813
862917
1022729
1220542
1363646
1548688
1704542
1882021
2045458
2223646
2386354
2556813
2727271
2895063
3068188
3253125
3409083
3589479
3750000
3918396
4090917
2223646
2386354
2556813
2727271
2895063
3068188
3253125
3409083
3589479
3750000
3918396
4090917
160813
340917
511354
681813
862917
1022729
1220542
1363646
1548688
1704542
1882021
2045458
0
0
0
0
0
0
0
0
0
0
0
0
0
0
0
0
199208
340917
511354
681813
880521
1022729
1217708
1363646
1564813
1704542
1894458
2045458
2251354
2386354
2556813
2727271
2936167
3068188
3277563
3409083
3581188
3750000
3951625
4090917
2251354
2386354
2556813
2727271
2936167
3068188
3277563
3409083
3581188
3750000
3951625
4090917
199208
340917
511354
681813
880521
1022729
1217708
1363646
1564813
1704542
1894458
2045458
0
0
0
0
0
0
0
0
0
0
0
0
0
0
0
0
170646
340917
511354
681813
861646
1022729
1207958
1363646
1555146
1704542
1889875
2045458
2229292
2386354
2556813
2727271
2908042
3068188
3251396
3409083
3586792
3750000
3932083
4090917
2229292
2386354
2556813
2727271
2908042
3068188
3251396
3409083
3586792
3750000
3932083
4090917
170646
340917
511354
681813
861646
1022729
1207958
1363646
1555146
1704542
1889875
2045458
0
0
0
0
0
0
0
0
0
0
0
0
0
0
0
0
175750
340917
511354
681813
846271
1022729
1206792
1363646
1539938
1704542
1907021
2045458
2225750
2386354
2556813
2727271
2896021
3068188
3249146
3409083
3581958
3750000
3939854
4090917
2225750
2386354
2556813
2727271
2896021
3068188
3249146
3409083
3581958
3750000
3939854
4090917
175750
340917
511354
681813
846271
1022729
1206792
1363646
1539938
1704542
1907021
2045458
0
0
0
0
0
0
0
0
0
0
0
0
0
0
0
0
162958
340917
511354
681813
837583
1022729
1198604
1363646
1532354
1704542
1887146
2045458
2239917
2386354
2556813
2727271
2893292
3068188
3240729
3409083
3590271
3750000
3952000
4090917
2239917
2386354
2556813
2727271
2893292
3068188
3240729
3409083
3590271
3750000
3952000
4090917
162958
340917
511354
681813
837583
1022729
1198604
1363646
1532354
1704542
1887146
2045458
0
0
0
0
0
0
0
0
0
0
0
0
0
0
0
0
181708
340917
511354
681813
857521
1022729
1193625
1363646
1535604
1704542
1882938
2045458
2212021
2386354
2556813
2727271
2884688
3068188
3226229
3409083
3560583
3750000
3906000
4090917
2212021
2386354
2556813
2727271
2884688
3068188
3226229
3409083
3560583
3750000
3906000
4090917
181708
340917
511354
681813
857521
1022729
1193625
1363646
1535604
1704542
1882938
2045458
0
0
0
0
0
0
0
0
0
0
0
0
0
0
0
0
174688
340917
511354
681813
826104
1022729
1174917
1363646
1521000
1704542
1856354
2045458
2217792
2386354
2556813
2727271
2904729
3068188
3255833
3409083
3566333
3750000
3918750
4090917
2217792
2386354
2556813
2727271
2904729
3068188
3255833
3409083
3566333
3750000
3918750
4090917
174688
340917
511354
681813
826104
1022729
1174917
1363646
1521000
1704542
1856354
2045458
0
0
0
0
0
0
0
0
0
0
0
0
0
0
0
0
195167
340917
511354
681813
855708
1022729
1213854
1363646
1543229
1704542
1883271
2045458
2240396
2386354
2556813
2727271
2916146
3068188
3248375
3409083
3579250
3750000
3931583
4090917
2240396
2386354
2556813
2727271
2916146
3068188
3248375
3409083
3579250
3750000
3931583
4090917
195167
340917
511354
681813
855708
1022729
1213854
1363646
1543229
1704542
1883271
2045458
0
0
0
0
0
0
0
0
0
0
0
0
0
0
0
0
191063
340917
511354
681813
873313
1022729
1214458
1363646
1547938
1704542
1887729
2045458
2239604
2386354
2556813
2727271
2915083
3068188
3260938
3409083
3600313
3750000
3940729
4090917
2239604
2386354
2556813
2727271
2915083
3068188
3260938
3409083
3600313
3750000
3940729
4090917
191063
340917
511354
681813
873313
1022729
1214458
1363646
1547938
1704542
1887729
2045458
0
0
0
0
0
0
0
0
0
0
0
0
0
0
0
0
188396
340917
511354
681813
849479
1022729
1203292
1363646
1541333
1704542
1903146
2045458
2237250
2386354
2556813
2727271
2907542
3068188
3244542
3409083
3572479
3750000
3939104
4090917
2237250
2386354
2556813
2727271
2907542
3068188
3244542
3409083
3572479
3750000
3939104
4090917
188396
340917
511354
681813
849479
1022729
1203292
1363646
1541333
1704542
1903146
2045458
0
0
0
0
0
0
0
0
0
0
0
0
0
0
0
0
9686
0
0
0
2045
0
1719
0
8214
0
3397
0
10000
0
0
0
5860
0
1
0
3829
0
1815
0
10000
0
0
0
5860
0
1
0
3829
0
1815
0
9686
0
0
0
2045
0
1719
0
8214
0
3397
0
1579
0
958
0
463
0
1368
0
957
0
941
0
1273
0
482
0
4041
0
0
0
4985
0
4322
0
1
0
3234
0
10000
0
0
0
5307
0
2202
0
2367
0
468
0
10000
0
0
0
5307
0
2202
0
2367
0
468
0
4041
0
0
0
4985
0
4322
0
1
0
3234
0
2288
0
148
0
238
0
2387
0
208
0
321
0
294
0
283
0
8097
0
0
0
6518
0
1
0
5381
0
3019
0
8813
0
0
0
5313
0
5484
0
10000
0
2980
0
8813
0
0
0
5313
0
5484
0
10000
0
2980
0
8097
0
0
0
6518
0
1
0
5381
0
3019
0
2157
0
546
0
468
0
1812
0
633
0
476
0
545
0
1105
0
6578
0
0
0
5881
0
1030
0
6046
0
1
0
10000
0
0
0
6788
0
1598
0
4415
0
2276
0
10000
0
0
0
6788
0
1598
0
4415
0
2276
0
6578
0
0
0
5881
0
1030
0
6046
0
1
0
3116
0
317
0
942
0
2444
0
404
0
405
0
477
0
586
0
8217
0
0
0
6791
0
1
0
2572
0
2608
0
10000
0
0
0
6141
0
4749
0
5526
0
3180
0
10000
0
0
0
6141
0
4749
0
5526
0
3180
0
8217
0
0
0
6791
0
1
0
2572
0
2608
0
2393
0
447
0
459
0
1422
0
451
0
537
0
730
0
489
0
10000
0
0
0
7015
0
1
0
4094
0
1791
0
7692
0
0
0
4785
0
1730
0
5435
0
1783
0
7692
0
0
0
4785
0
1730
0
5435
0
1783
0
10000
0
0
0
7015
0
1
0
4094
0
1791
0
4061
0
193
0
222
0
4476
0
257
0
313
0
414
0
399
0
10000
0
0
0
3856
0
2973
0
4363
0
1
0
5526
0
0
0
4348
0
977
0
4757
0
2935
0
5526
0
0
0
4348
0
977
0
4757
0
2935
0
10000
0
0
0
3856
0
2973
0
4363
0
1
0
3852
0
585
0
534
0
2826
0
599
0
770
0
1096
0
760
0
6079
0
0
0
6577
0
4208
0
5670
0
1
0
10000
0
0
0
7197
0
3738
0
5900
0
4928
0
10000
0
0
0
7197
0
3738
0
5900
0
4928
0
6079
0
0
0
6577
0
4208
0
5670
0
1
0
9894
0
634
0
642
0
7265
0
487
0
570
0
706
0
734
0
5241
0
0
0
7780
0
1
0
5276
0
1705
0
8451
0
0
0
5427
0
1
0
10000
0
3060
0
8451
0
0
0
5427
0
1
0
10000
0
3060
0
5241
0
0
0
7780
0
1
0
5276
0
1705
0
7356
0
422
0
970
0
7788
0
653
0
894
0
855
0
1218
0
9848
0
0
0
10000
0
1635
0
9708
0
1
0
7794
0
0
0
6915
0
1328
0
8973
0
213
0
7794
0
0
0
6915
0
1328
0
8973
0
213
0
9848
0
0
0
10000
0
1635
0
9708
0
1
0
10018
0
1168
0
1566
0
9110
0
1058
0
1281
0
1379
0
1252
0
8653
0
0
0
9739
0
6815
0
5501
0
1
0
5461
0
0
0
10000
0
424
0
4745
0
2215
0
5461
0
0
0
10000
0
424
0
4745
0
2215
0
8653
0
0
0
9739
0
6815
0
5501
0
1
0
0
0
0
0
0
0
0
0
0
0
0
0
0
0
0
0
2795
0
0
0
6170
0
2374
0
5418
0
1397
0
1
0
0
0
10000
0
2224
0
5530
0
844
0
1
0
0
0
10000
0
2224
0
5530
0
844
0
2795
0
0
0
6170
0
2374
0
5418
0
1397
0
0
0
0
0
0
0
0
0
0
0
0
0
0
0
0
0
1412
0
0
0
10000
0
2622
0
8980
0
3292
0
1
0
0
0
8973
0
918
0
6733
0
2184
0
1
0
0
0
8973
0
918
0
6733
0
2184
0
1412
0
0
0
10000
0
2622
0
8980
0
3292
0
0
0
0
0
0
0
0
0
0
0
0
0
0
0
0
0
1
0
0
0
10000
0
2468
0
3137
0
958
0
676
0
0
0
8997
0
1410
0
2646
0
148
0
676
0
0
0
8997
0
1410
0
2646
0
148
0
1
0
0
0
10000
0
2468
0
3137
0
958
0
0
0
0
0
0
0
0
0
0
0
0
0
0
0
0
0
1
0
0
0
10000
0
4278
0
4144
0
2994
0
834
0
0
0
8559
0
5732
0
5699
0
3215
0
834
0
0
0
8559
0
5732
0
5699
0
3215
0
1
0
0
0
10000
0
4278
0
4144
0
2994
0
0
0
0
0
0
0
0
0
0
0
0
0
0
0
0
0
1
0
0
0
6796
0
9138
0
3464
0
5356
0
439
0
0
0
8177
0
10000
0
5466
0
6905
0
439
0
0
0
8177
0
10000
0
5466
0
6905
0
1
0
0
0
6796
0
9138
0
3464
0
5356
0
0
0
0
0
0
0
0
0
0
0
0
0
0
0
0
0
1
0
0
0
8518
0
9409
0
8709
0
7533
0
3574
0
0
0
8088
0
8926
0
10000
0
9617
0
3574
0
0
0
8088
0
8926
0
10000
0
9617
0
1
0
0
0
8518
0
9409
0
8709
0
7533
0
0
0
0
0
0
0
0
0
0
0
0
0
0
0
0
0
1
0
0
0
6055
0
5383
0
3106
0
4971
0
4314
0
0
0
10000
0
6914
0
2893
0
5923
0
4314
0
0
0
10000
0
6914
0
2893
0
5923
0
1
0
0
0
6055
0
5383
0
3106
0
4971
0
0
0
0
0
0
0
0
0
0
0
0
0
0
0
0
0
2601
0
0
0
9477
0
7464
0
4003
0
8630
0
1
0
0
0
8068
0
8760
0
3214
0
10000
0
1
0
0
0
8068
0
8760
0
3214
0
10000
0
2601
0
0
0
9477
0
7464
0
4003
0
8630
0
0
0
0
0
0
0
0
0
0
0
0
0
0
0
0
0
1
0
0
0
10000
0
3725
0
7336
0
3824
0
733
0
0
0
7867
0
2553
0
2546
0
3112
0
733
0
0
0
7867
0
2553
0
2546
0
3112
0
1
0
0
0
10000
0
3725
0
7336
0
3824
0
0
0
0
0
0
0
0
0
0
0
0
0
0
0
0
0
10000
0
0
0
7122
0
1
0
3820
0
1794
0
9660
0
0
0
7116
0
3158
0
6448
0
1179
0
9660
0
0
0
7116
0
3158
0
6448
0
1179
0
10000
0
0
0
7122
0
1
0
3820
0
1794
0
1093
0
755
0
624
0
851
0
421
0
376
0
472
0
632
0
7660
0
0
0
5981
0
1
0
5015
0
3936
0
10000
0
0
0
4973
0
3986
0
7586
0
2180
0
10000
0
0
0
4973
0
3986
0
7586
0
2180
0
7660
0
0
0
5981
0
1
0
5015
0
3936
0
1698
0
433
0
720
0
1069
0
336
0
202
0
367
0
421
0
5513
0
0
0
3680
0
1766
0
1262
0
1
0
10000
0
0
0
3808
0
1490
0
4624
0
1270
0
10000
0
0
0
3808
0
1490
0
4624
0
1270
0
5513
0
0
0
3680
0
1766
0
1262
0
1
0
4070
0
494
0
809
0
1612
0
416
0
485
0
675
0
599
0
8994
0
0
0
9118
0
1
0
7018
0
2531
0
8747
0
0
0
10000
0
3640
0
7666
0
4017
0
8747
0
0
0
10000
0
3640
0
7666
0
4017
0
8994
0
0
0
9118
0
1
0
7018
0
2531
0
3229
0
1387
0
919
0
3143
0
1659
0
1387
0
1862
0
417
0
5551
0
0
0
8078
0
5644
0
9201
0
1
0
10000
0
0
0
8955
0
3562
0
8445
0
1792
0
10000
0
0
0
8955
0
3562
0
8445
0
1792
0
5551
0
0
0
8078
0
5644
0
9201
0
1
0
2544
0
319
0
467
0
1433
0
238
0
409
0
586
0
543
0
5753
0
0
0
1966
0
3774
0
3825
0
2791
0
10000
0
0
0
7935
0
5207
0
6760
0
1
0
10000
0
0
0
7935
0
5207
0
6760
0
1
0
5753
0
0
0
1966
0
3774
0
3825
0
2791
0
5476
0
175
0
164
0
3868
0
174
0
244
0
178
0
235
0
6969
0
0
0
4472
0
5089
0
6997
0
5417
0
6122
0
0
0
8167
0
1
0
10000
0
4775
0
6122
0
0
0
8167
0
1
0
10000
0
4775
0
6969
0
0
0
4472
0
5089
0
6997
0
5417
0
6701
0
400
0
371
0
3983
0
218
0
329
0
496
0
726
0
10000
0
0
0
7621
0
2962
0
5370
0
1
0
7747
0
0
0
6151
0
2021
0
5670
0
4181
0
7747
0
0
0
6151
0
2021
0
5670
0
4181
0
10000
0
0
0
7621
0
2962
0
5370
0
1
0
5436
0
393
0
674
0
3939
0
499
0
587
0
625
0
496
0
8819
0
0
0
9455
0
1
0
3213
0
312
0
10000
0
0
0
6809
0
2373
0
777
0
3355
0
10000
0
0
0
6809
0
2373
0
777
0
3355
0
8819
0
0
0
9455
0
1
0
3213
0
312
0
11180
0
720
0
828
0
9300
0
633
0
381
0
1119
0
817
0
9518
0
0
0
7881
0
3091
0
4425
0
990
0
10000
0
0
0
7344
0
1
0
6709
0
3493
0
10000
0
0
0
7344
0
1
0
6709
0
3493
0
9518
0
0
0
7881
0
3091
0
4425
0
990
0
6818
0
268
0
970
0
4238
0
425
0
784
0
742
0
853
0
8779
0
0
0
3549
0
227
0
4693
0
1011
0
10000
0
0
0
7304
0
1177
0
5943
0
1
0
10000
0
0
0
7304
0
1177
0
5943
0
1
0
8779
0
0
0
3549
0
227
0
4693
0
1011
0
0
0
0
0
0
0
0
0
0
0
0
0
0
0
0
0
4837
0
0
0
7628
0
2259
0
2040
0
1
0
1590
0
0
0
10000
0
4337
0
6205
0
6644
0
1590
0
0
0
10000
0
4337
0
6205
0
6644
0
4837
0
0
0
7628
0
2259
0
2040
0
1
0
0
0
0
0
0
0
0
0
0
0
0
0
0
0
0
0
3473
0
0
0
10000
0
3109
0
4173
0
516
0
4889
0
0
0
8086
0
1
0
6150
0
716
0
4889
0
0
0
8086
0
1
0
6150
0
716
0
3473
0
0
0
10000
0
3109
0
4173
0
516
0
0
0
0
0
0
0
0
0
0
0
0
0
0
0
0
0
2389
0
0
0
10000
0
5195
0
3629
0
2177
0
1
0
0
0
7446
0
1216
0
2374
0
4992
0
1
0
0
0
7446
0
1216
0
2374
0
4992
0
2389
0
0
0
10000
0
5195
0
3629
0
2177
0
0
0
0
0
0
0
0
0
0
0
0
0
0
0
0
0
2110
0
0
0
7191
0
2957
0
4773
0
4261
0
1
0
0
0
10000
0
3842
0
4600
0
5740
0
1
0
0
0
10000
0
3842
0
4600
0
5740
0
2110
0
0
0
7191
0
2957
0
4773
0
4261
0
0
0
0
0
0
0
0
0
0
0
0
0
0
0
0
0
1
0
0
0
9294
0
8851
0
6152
0
10000
0
953
0
0
0
4527
0
8392
0
4151
0
6901
0
953
0
0
0
4527
0
8392
0
4151
0
6901
0
1
0
0
0
9294
0
8851
0
6152
0
10000
0
0
0
0
0
0
0
0
0
0
0
0
0
0
0
0
0
319
0
0
0
9247
0
7205
0
3668
0
9912
0
1
0
0
0
6560
0
4233
0
3414
0
10000
0
1
0
0
0
6560
0
4233
0
3414
0
10000
0
319
0
0
0
9247
0
7205
0
3668
0
9912
0
0
0
0
0
0
0
0
0
0
0
0
0
0
0
0
0
1
0
0
0
10000
0
5077
0
2714
0
5167
0
892
0
0
0
5135
0
5907
0
4113
0
6051
0
892
0
0
0
5135
0
5907
0
4113
0
6051
0
1
0
0
0
10000
0
5077
0
2714
0
5167
0
0
0
0
0
0
0
0
0
0
0
0
0
0
0
0
0
877
0
0
0
4866
0
5850
0
3016
0
6285
0
1
0
0
0
10000
0
7518
0
2678
0
7705
0
1
0
0
0
10000
0
7518
0
2678
0
7705
0
877
0
0
0
4866
0
5850
0
3016
0
6285
0
0
0
0
0
0
0
0
0
0
0
0
0
0
0
0
0
4068
0
0
0
9024
0
5500
0
6805
0
5647
0
1
0
0
0
8511
0
3938
0
10000
0
4985
0
1
0
0
0
8511
0
3938
0
10000
0
4985
0
4068
0
0
0
9024
0
5500
0
6805
0
5647
0
0
0
0
0
0
0
0
0
0
0
0
0
0
0
0
0
20
20
20
20
20
20
20
20
20
20
20
20
20
20
20
20
20
20
20
20
20
20
20
20
20
20
20
20
20
20
20
20
20
20
20
20
20
20
20
20
20
20
20
20
20
20
20
20
20
20
20
20
20
20
20
20
20
20
20
20
20
20
20
20
46
46
46
46
46
46
46
46
46
46
46
46
46
46
46
46
46
46
46
46
46
46
46
46
46
46
46
46
46
46
46
46
46
46
46
46
46
46
46
46
46
46
46
46
46
46
46
46
46
46
46
46
46
46
46
46
46
46
46
46
46
46
46
46
46
46
46
46
46
46
46
46
46
46
46
46
46
46
46
46
46
46
46
46
46
46
46
46
46
46
46
46
46
46
46
46
46
46
46
46
46
46
46
46
46
46
46
46
46
46
46
46
46
46
46
46
46
46
46
46
46
46
46
46
46
46
46
46
46
46
46
46
46
46
46
46
46
46
46
46
46
46
46
46
46
46
46
46
46
46
46
46
46
46
46
46
46
46
46
46
46
46
46
46
46
46
46
46
46
46
46
46
46
46
46
46
46
46
46
46
46
46
46
46
46
46
46
46
46
46
46
46
46
46
46
46
46
46
46
46
46
46
46
46
46
46
46
46
46
46
46
46
46
46
46
46
46
46
46
46
46
46
46
46
46
46
46
46
46
46
46
46
46
46
46
46
46
46
46
46
46
46
46
46
46
46
46
46
46
46
46
46
46
46
46
46
46
46
46
46
46
46
46
46
46
46
46
46
46
46
46
46
46
46
46
46
46
46
46
46
46
46
46
46
46
46
46
46
20
20
20
20
20
20
20
20
20
20
20
20
20
20
20
20
20
20
20
20
20
20
20
20
46
46
46
46
46
46
46
46
20
20
20
20
20
20
20
20
20
20
20
20
20
20
20
20
20
20
20
20
20
20
20
20
46
46
46
46
46
46
46
46
46
46
46
46
46
46
46
46
46
46
46
46
46
46
46
46
46
46
46
46
46
46
46
46
46
46
46
46
46
46
46
46
46
46
46
46
46
46
46
46
46
46
46
46
46
46
46
46
46
46
46
46
46
46
46
46
46
46
46
46
46
46
46
46
46
46
46
46
46
46
46
46
46
46
46
46
46
46
46
46
46
46
46
46
46
46
46
46
46
46
46
46
46
46
46
46
46
46
46
46
46
46
46
46
46
46
46
46
46
46
46
46
46
46
46
46
46
46
46
46
46
46
46
46
46
46
46
46
46
46
46
46
46
46
46
46
46
46
46
46
46
46
46
46
46
46
46
46
46
46
46
46
46
46
46
46
46
46
46
46
46
46
46
46
46
46
46
46
46
46
46
46
46
46
46
46
46
46
46
46
46
46
46
46
46
46
46
46
46
46
46
46
46
46
46
46
46
46
46
46
46
46
46
46
46
46
46
46
46
46
46
46
46
46
46
46
46
46
46
46
46
46
46
46
46
46
46
46
46
46
46
46
46
46
46
46
46
46
46
46
46
46
46
46
46
46
46
46
46
46
46
46
46
46
46
46
46
46
46
46
46
46
46
46
46
46
46
46
46
46
46
46
46
46
46
46
46
46
46
46
46
46
46
46
46
46
46
46
20
20
20
20
20
20
20
20
20
20
20
20
20
20
20
20
20
20
20
20
20
20
20
20
20
20
20
20
20
20
20
20
20
20
20
20
20
20
20
20
20
20
20
20
20
20
20
20
20
20
20
20
20
20
20
20
20
20
20
20
20
20
20
20
46
46
46
46
46
46
46
46
46
46
46
46
46
46
46
46
46
46
46
46
46
46
46
46
46
46
46
46
46
46
46
46
46
46
46
46
46
46
46
46
46
46
46
46
46
46
46
46
46
46
46
46
46
46
46
46
46
46
46
46
46
46
46
46
46
46
46
46
46
46
46
46
46
46
46
46
46
46
46
46
46
46
46
46
46
46
46
46
46
46
46
46
46
46
46
46
46
46
46
46
46
46
46
46
46
46
46
46
46
46
46
46
46
46
46
46
46
46
46
46
46
46
46
46
46
46
46
46
46
46
46
46
46
46
46
46
46
46
46
46
46
46
46
46
46
46
46
46
46
46
46
46
46
46
46
46
46
46
46
46
46
46
46
46
46
46
46
46
46
46
46
46
46
46
46
46
46
46
46
46
46
46
46
46
46
46
46
46
46
46
46
46
46
46
46
46
46
46
46
46
46
46
46
46
46
46
46
46
46
46
46
46
46
46
46
46
46
46
46
46
46
46
46
46
46
46
46
46
27
27
27
27
27
27
27
27
46
27
27
27
27
27
27
27
27
27
27
27
46
46
46
46
46
46
46
46
46
46
46
46
27
27
27
27
27
27
27
27
46
27
27
27
27
27
27
27
27
27
27
27
46
46
46
46
46
46
46
46
20
20
20
20
20
20
20
20
20
20
20
20
20
20
20
20
20
20
20
20
20
20
20
20
46
46
46
46
46
46
46
46
20
20
20
20
20
20
20
20
20
20
20
20
20
20
20
20
20
20
20
20
20
20
20
20
46
46
46
46
46
46
46
46
46
46
46
46
46
46
46
46
46
46
46
46
46
46
46
46
46
46
46
46
46
46
46
46
46
46
46
46
46
46
46
46
46
46
46
46
46
46
46
46
46
46
46
46
46
46
46
46
46
46
46
46
46
46
46
46
46
46
46
46
46
46
46
46
46
46
46
46
46
46
46
46
46
46
46
46
46
46
46
46
46
46
46
46
46
46
46
46
46
46
46
46
46
46
46
46
46
46
46
46
46
46
46
46
46
46
46
46
46
46
46
46
46
46
46
46
46
46
46
46
46
46
46
46
46
46
46
46
46
46
46
46
46
46
46
46
46
46
46
46
46
46
46
46
46
46
46
46
46
46
46
46
46
46
46
46
46
46
46
46
46
46
46
46
46
46
46
46
46
46
46
46
46
46
46
46
46
46
46
46
46
46
46
46
46
46
46
46
46
46
46
46
46
46
46
46
46
46
46
46
46
46
46
46
46
46
46
46
46
46
46
46
46
46
46
46
46
46
46
46
46
46
46
46
46
46
46
46
46
46
46
46
46
46
46
46
46
46
46
46
46
46
46
46
46
46
46
46
46
46
46
46
46
46
46
46
46
46
46
46
46
46
46
46
46
46
46
46
46
46
46
46
46
46
46
46
46
46
46
46
46
46
46
46
46
46
46
46
20
20
20
20
20
20
20
20
20
20
20
20
20
20
20
20
20
20
20
20
20
20
20
20
20
20
20
20
20
20
20
20
20
20
20
20
20
20
20
20
20
20
20
20
20
20
20
20
20
20
20
20
20
20
20
20
46
46
46
46
46
46
46
46
46
46
46
46
46
46
46
46
46
46
46
46
46
46
46
46
46
46
46
46
46
46
46
46
46
46
46
46
46
46
46
46
46
46
46
46
46
46
46
46
46
46
46
46
46
46
46
46
46
46
46
46
46
46
46
46
46
46
46
46
46
46
46
46
46
46
46
46
46
46
46
46
46
46
46
46
46
46
46
46
46
46
46
46
46
46
46
46
46
46
46
46
46
46
46
46
46
46
46
46
46
46
46
46
46
46
46
46
46
46
46
46
46
46
46
46
46
46
46
46
46
46
46
46
46
46
46
46
46
46
46
46
46
46
46
46
46
46
46
46
46
46
46
46
46
46
46
46
46
46
46
46
46
46
46
46
46
46
46
46
46
46
46
46
46
46
46
46
46
46
46
46
46
46
46
46
46
46
46
46
46
46
46
46
46
46
46
46
46
46
46
46
46
46
46
46
46
46
46
46
46
46
46
46
46
46
46
46
46
46
46
46
46
46
46
46
46
46
46
46
46
46
46
46
46
46
46
46
27
27
27
27
27
27
27
27
46
27
27
27
27
27
27
27
27
27
27
27
46
46
46
46
46
46
46
46
46
46
46
46
27
27
27
27
27
27
27
27
46
27
27
27
27
27
27
27
27
27
27
27
46
46
46
46
46
46
46
46
20
20
20
20
20
20
20
20
20
20
20
20
20
20
20
20
20
20
20
20
20
20
20
20
46
46
46
46
46
46
46
46
20
20
20
20
20
20
20
20
20
20
20
20
20
20
20
20
20
20
20
20
20
20
20
20
46
46
46
46
46
46
46
46
46
46
46
46
46
46
46
46
46
46
46
46
46
46
46
46
46
46
46
46
46
46
46
46
46
46
46
46
46
46
46
46
46
46
46
46
46
46
46
46
46
46
46
46
46
46
46
46
46
46
46
46
46
46
46
46
46
46
46
46
46
46
46
46
46
46
46
46
46
46
46
46
46
46
46
46
46
46
46
46
46
46
46
46
46
46
46
46
46
46
46
46
46
46
46
46
46
46
46
46
46
46
46
46
46
46
46
46
46
46
46
46
46
46
46
46
46
46
46
46
46
46
46
46
46
46
46
46
46
46
46
46
46
46
46
46
46
46
46
46
46
46
46
46
46
46
46
46
46
46
46
46
46
46
46
46
46
46
46
46
46
46
46
46
46
46
46
46
46
46
46
46
46
46
46
46
46
46
46
46
46
46
46
46
46
46
46
46
46
46
46
46
46
46
46
46
46
46
46
46
46
46
46
46
46
46
46
46
46
46
46
46
46
46
46
46
46
46
46
46
46
46
46
46
46
46
46
46
46
46
46
46
46
46
46
46
46
46
46
46
46
46
46
46
46
46
46
46
46
46
46
46
46
46
46
46
46
46
46
46
46
46
46
46
46
46
46
46
46
46
46
46
46
46
46
46
46
46
46
46
20
20
20
20
20
20
20
20
20
20
20
20
20
20
20
20
20
20
20
20
20
20
20
20
20
20
20
20
20
20
20
20
46
46
46
46
46
46
46
46
20
20
20
20
20
20
20
20
20
20
20
20
20
20
20
20
20
20
20
20
20
20
20
20
46
46
46
46
46
46
46
46
46
46
46
46
46
46
46
46
46
46
46
46
46
46
46
46
46
46
46
46
46
46
46
46
46
46
46
46
46
46
46
46
46
46
46
46
46
46
46
46
46
46
46
46
46
46
46
46
46
46
46
46
46
46
46
46
46
46
46
46
46
46
46
46
46
46
46
46
46
46
46
46
46
46
46
46
46
46
46
46
46
46
46
46
46
46
46
46
46
46
46
46
46
46
46
46
46
46
46
46
46
46
46
46
46
46
46
46
46
46
46
46
46
46
46
46
46
46
46
46
46
46
46
46
46
46
46
46
46
46
46
46
46
46
46
46
46
46
46
46
46
46
46
46
46
46
46
46
46
46
46
46
46
46
46
46
46
46
46
46
46
46
46
46
46
46
46
46
46
46
46
46
46
46
46
46
46
46
46
46
46
46
46
46
46
46
46
46
46
46
46
46
46
46
46
46
46
46
46
46
46
46
46
46
46
46
46
46
46
46
46
46
46
46
46
46
46
46
46
46
46
46
46
46
46
46
46
46
27
27
27
27
27
27
27
27
46
27
27
27
27
27
27
27
27
27
27
27
46
46
46
46
46
46
46
46
46
46
46
46
27
27
27
27
27
27
27
27
46
27
27
27
27
27
27
27
27
27
27
27
46
46
46
46
46
46
46
46
20
20
20
20
20
20
20
20
20
20
20
20
20
20
20
20
20
20
20
20
20
20
20
20
46
46
46
46
46
46
46
46
20
20
20
20
20
20
20
20
20
20
20
20
20
20
20
20
20
20
20
20
20
20
20
20
46
46
46
46
46
46
46
46
46
46
46
46
46
46
46
46
46
46
46
46
46
46
46
46
46
46
46
46
46
46
46
46
46
46
46
46
46
46
46
46
46
46
46
46
46
46
46
46
46
46
46
46
46
46
46
46
46
46
46
46
46
46
46
46
46
46
46
46
46
46
46
46
46
46
46
46
46
46
46
46
46
46
46
46
46
46
46
46
46
46
46
46
46
46
46
46
46
46
46
46
46
46
46
46
46
46
46
46
46
46
46
46
46
46
46
46
46
46
46
46
46
46
46
46
46
46
46
46
46
46
46
46
46
46
46
46
46
46
46
46
46
46
46
46
46
46
46
46
46
46
46
46
46
46
46
46
46
46
46
46
46
46
46
46
46
46
46
46
46
46
46
46
46
46
46
46
46
46
46
46
46
46
46
46
46
46
46
46
46
46
46
46
46
46
46
46
46
46
46
46
46
46
46
46
46
46
46
46
46
46
46
46
46
46
46
46
46
46
46
46
46
46
46
46
46
46
46
46
46
46
46
46
46
46
46
46
46
46
46
46
46
46
46
46
46
46
46
46
46
46
46
46
46
46
46
46
20
20
20
20
20
20
20
20
46
46
46
46
46
46
46
46
46
46
46
46
46
46
46
46
46
46
46
46
46
46
46
46
20
20
20
20
20
20
20
20
20
20
20
20
20
20
20
20
20
20
20
20
20
20
20
20
20
20
20
20
20
20
20
20
20
20
20
20
20
20
20
20
46
46
46
46
46
46
46
46
46
46
46
46
46
46
46
46
46
46
46
46
46
46
46
46
20
20
20
20
20
20
20
20
46
46
46
46
46
46
46
46
46
46
46
46
46
46
46
46
46
46
46
46
46
46
46
46
20
20
20
20
20
20
20
20
46
46
46
46
46
46
46
46
46
46
46
46
46
46
46
46
46
46
46
46
46
46
46
46
46
46
46
46
46
46
46
46
46
46
46
46
46
46
46
46
46
46
46
46
46
46
46
46
46
46
46
46
46
46
46
46
46
46
46
46
46
46
46
46
46
46
46
46
46
46
46
46
46
46
46
46
46
46
46
46
46
46
46
46
46
46
46
46
46
46
46
46
46
46
46
46
46
46
46
46
46
46
46
46
46
46
46
46
46
46
46
46
46
46
46
46
46
46
46
46
46
46
46
46
46
46
46
46
46
46
46
46
46
46
46
46
46
46
46
46
46
46
46
46
46
46
46
46
46
46
46
46
46
46
46
46
46
46
46
46
46
46
46
46
46
46
46
46
46
46
46
46
46
46
46
46
46
46
46
46
46
46
46
46
46
46
46
46
46
46
46
46
46
46
46
46
27
27
27
27
27
27
27
27
46
27
27
27
27
27
27
27
27
27
27
27
46
46
46
46
46
46
46
46
46
46
46
46
27
27
27
27
27
27
27
27
46
27
27
27
27
27
27
27
27
27
27
27
46
46
46
46
46
46
46
46
20
20
20
20
20
20
20
20
20
20
20
20
20
20
20
20
20
20
20
20
20
20
20
20
46
46
46
46
46
46
46
46
46
46
46
46
46
46
46
46
46
46
46
46
46
46
46
46
46
46
46
46
46
46
46
46
46
46
46
46
46
46
46
46
46
46
46
46
46
46
46
46
46
46
46
46
46
46
46
46
46
46
46
46
46
46
46
46
46
46
46
46
46
46
46
46
46
46
46
46
46
46
46
46
46
46
46
46
46
46
46
46
46
46
46
46
46
46
46
46
46
46
46
46
46
46
46
46
46
46
46
46
46
46
46
46
46
46
46
46
46
46
46
46
46
46
46
46
46
46
46
46
46
46
46
46
46
46
46
46
46
46
46
46
46
46
46
46
46
46
46
46
46
46
46
46
46
46
46
46
46
46
46
46
46
46
46
46
46
46
46
46
46
46
46
46
46
46
46
46
46
46
46
46
46
46
46
46
46
46
46
46
46
46
46
46
46
46
46
46
46
46
46
46
46
46
46
46
46
46
46
46
46
46
46
46
46
46
46
46
46
46
46
46
46
46
46
46
46
46
46
46
46
46
46
46
46
46
46
46
46
46
46
46
46
46
46
46
46
46
46
46
46
46
46
46
46
46
46
46
46
46
46
46
46
46
46
46
46
46
46
46
46
46
46
46
46
46
46
46
46
46
46
46
46
46
46
46
46
46
46
46
46
46
46
46
46
46
46
46
20
20
20
20
20
20
20
20
20
20
20
20
20
20
20
20
20
20
20
20
20
20
20
20
46
46
46
46
46
46
46
46
20
20
20
20
20
20
20
20
20
20
20
20
20
20
20
20
20
20
20
20
20
20
20
20
46
46
46
46
46
46
46
46
46
46
46
46
46
46
46
46
46
46
46
46
46
46
46
46
46
46
46
46
46
46
46
46
46
46
46
46
46
46
46
46
46
46
46
46
46
46
46
46
46
46
46
46
46
46
46
46
46
46
46
46
46
46
46
46
46
46
46
46
46
46
46
46
46
46
46
46
46
46
46
46
46
46
46
46
46
46
46
46
46
46
46
46
46
46
46
46
46
46
46
46
46
46
46
46
46
46
46
46
46
46
46
46
46
46
46
46
46
46
46
46
46
46
46
46
46
46
46
46
46
46
46
46
46
46
46
46
46
46
46
46
46
46
46
46
46
46
46
46
46
46
46
46
46
46
46
46
46
46
46
46
46
46
46
46
46
46
46
46
46
46
46
46
46
46
46
46
46
46
46
46
46
46
46
46
46
46
46
46
46
46
46
46
46
46
46
46
46
46
46
46
46
46
46
46
46
46
46
46
46
46
46
46
46
46
46
46
46
46
46
46
46
46
46
46
46
46
46
46
46
46
46
46
46
46
46
46
46
46
46
46
46
46
46
46
46
46
46
46
46
46
46
46
46
46
46
46
46
46
46
46
46
46
46
46
46
46
46
46
27
27
27
27
27
27
27
27
46
27
27
27
27
27
27
27
27
27
27
27
46
46
46
46
46
46
46
46
0
0
0
0
0
0
0
0
0
0
0
0
0
0
0
0
0
0
0
0
0
0
0
0
0
0
0
0
0
0
0
0
0
0
0
0
0
0
0
0
0
0
0
0
0
0
0
0
0
0
0
0
0
0
0
0
0
0
0
0
0
0
0
0
1
0
0
0
1
0
1
0
1
0
1
0
1
0
0
0
1
0
1
0
1
0
1
0
0
0
0
0
0
0
0
0
19
0
0
0
0
0
0
0
0
0
0
0
19
0
0
0
0
0
0
0
0
0
0
0
0
0
0
0
0
0
0
0
0
0
0
0
0
0
0
0
0
0
0
0
0
0
0
0
0
0
0
0
0
0
0
0
0
0
0
0
0
0
0
0
0
0
0
0
0
0
0
0
0
0
0
0
0
0
0
0
0
0
0
0
0
0
0
0
0
0
0
0
0
0
0
0
0
0
0
0
0
0
0
0
0
0
0
0
0
0
0
0
0
0
0
0
0
0
0
0
0
0
0
0
0
0
0
0
0
0
0
0
0
0
0
0
0
0
0
0
0
0
0
0
0
0
0
0
0
0
0
0
0
0
0
0
0
0
0
0
3
0
0
0
3
0
-19
0
3
0
-19
0
0
0
0
0
3
0
-19
0
3
0
-19
0
0
0
0
0
0
0
0
0
0
0
0
0
0
0
0
0
0
0
0
0
0
0
0
0
0
0
0
0
0
0
0
0
0
0
0
0
0
0
0
0
0
0
0
0
0
0
0
0
0
0
0
0
0
0
0
0
0
0
0
0
0
0
0
0
0
0
0
0
0
0
0
0
0
0
0
0
0
0
0
0
0
0
0
0
0
0
0
0
0
0
0
0
0
0
0
0
0
0
0
0
0
0
0
0
0
0
0
0
0
0
0
0
0
0
0
0
0
0
0
0
0
0
0
0
0
0
0
0
0
0
0
0
0
0
0
0
0
0
0
0
0
0
0
0
0
0
0
0
0
0
0
0
0
0
0
0
0
0
0
0
0
0
0
0
0
0
0
0
0
0
0
0
0
0
0
0
0
0
0
0
0
0
0
0
0
0
0
0
0
0
0
0
0
0
0
0
0
0
0
0
0
0
0
0
0
0
0
0
0
0
0
0
0
0
0
0
0
0
0
0
0
0
0
0
0
0
0
0
0
0
0
0
0
0
0
0
0
0
0
0
0
0
0
0
0
0
0
0
0
0
0
0
0
0
0
0
0
0
0
0
0
0
0
0
0
0
0
0
0
0
0
0
0
0
0
0
0
0
0
0
0
0
0
0
0
0
0
0
0
0
0
0
0
0
0
0
0
0
0
0
0
0
0
0
0
0
0
0
0
0
0
0
0
0
0
0
0
0
0
0
0
0
0
0
0
0
0
0
0
0
0
0
0
0
0
0
0
0
0
0
0
0
0
0
0
0
0
0
0
0
0
0
0
0
0
0
0
0
0
0
0
0
0
0
0
0
0
0
0
0
0
0
0
0
0
0
0
0
0
0
0
0
0
0
0
0
0
0
0
0
0
0
0
0
0
0
0
0
0
0
0
0
0
0
0
0
0
0
0
0
0
0
0
0
0
0
0
0
0
0
0
0
0
0
0
0
0
0
0
0
0
0
0
0
0
0
0
0
0
0
0
0
0
0
0
0
0
0
0
0
0
0
0
0
0
0
0
0
0
0
0
0
0
0
0
0
0
0
0
0
0
0
0
0
0
0
0
0
0
0
0
0
0
0
0
0
0
0
0
0
0
0
0
0
0
0
0
0
0
0
0
0
0
0
0
0
0
0
0
0
0
0
0
0
0
0
0
0
0
0
0
0
0
0
0
0
0
0
0
0
0
0
0
0
0
0
0
0
0
0
0
0
0
0
0
0
0
0
0
0
0
0
6
6
6
6
6
6
6
6
6
6
6
6
6
6
6
6
6
6
6
6
6
6
6
6
6
6
6
6
6
6
6
6
0
0
0
0
0
0
0
0
0
0
0
0
0
0
0
0
0
0
0
0
0
0
0
0
0
0
0
0
0
0
0
0
6
6
6
6
6
6
6
6
6
6
6
6
6
6
6
6
6
6
6
6
6
6
6
6
6
6
6
6
6
6
6
6
0
0
0
0
0
0
0
0
0
0
0
0
0
0
0
0
0
0
0
0
0
0
0
0
0
0
0
0
0
0
0
0
6
6
6
6
6
6
6
6
6
6
6
6
6
6
6
6
6
6
6
6
6
6
6
6
6
6
6
6
6
6
6
6
0
0
0
0
0
0
0
0
0
0
0
0
0
0
0
0
0
0
0
0
0
0
0
0
0
0
0
0
0
0
0
0
6
6
6
6
6
6
6
6
6
6
6
6
6
6
6
6
6
6
6
6
6
6
6
6
6
6
6
6
6
6
6
6
0
0
0
0
0
0
0
0
0
0
0
0
0
0
0
0
0
0
0
0
0
0
0
0
0
0
0
0
0
0
0
0
6
6
6
6
6
6
6
6
6
6
6
6
6
6
6
6
6
6
6
6
6
6
6
6
6
6
6
6
6
6
6
6
0
0
0
0
0
0
0
0
0
0
0
0
0
0
0
0
0
0
0
0
0
0
0
0
0
0
0
0
0
0
0
0
6
6
6
6
6
6
6
6
6
6
6
6
6
6
6
6
6
6
6
6
6
6
6
6
6
6
6
6
6
6
6
6
0
0
0
0
0
0
0
0
0
0
0
0
0
0
0
0
0
0
0
0
0
0
0
0
0
0
0
0
0
0
0
0
0
0
0
0
0
0
0
0
0
0
0
0
0
0
0
0
0
0
0
0
0
0
0
0
0
0
0
0
0
0
0
0
11
0
0
0
11
0
21
0
11
0
21
0
0
0
0
0
11
0
21
0
11
0
21
0
0
0
0
0
0
0
0
0
6
6
6
6
6
6
6
6
6
6
6
6
6
6
6
6
6
6
6
6
6
6
6
6
6
6
6
6
6
6
6
6
0
0
0
0
0
0
0
0
0
0
0
0
0
0
0
0
0
0
0
0
0
0
0
0
0
0
0
0
0
0
0
0
6
6
6
6
6
6
6
6
6
6
6
6
6
6
6
6
6
6
6
6
6
6
6
6
6
6
6
6
6
6
6
6
0
0
0
0
0
0
0
0
0
0
0
0
0
0
0
0
0
0
0
0
0
0
0
0
0
0
0
0
0
0
0
0
6
6
6
6
6
6
6
6
6
6
6
6
6
6
6
6
6
6
6
6
6
6
6
6
6
6
6
6
6
6
6
6
0
0
0
0
0
0
0
0
0
0
0
0
0
0
0
0
0
0
0
0
0
0
0
0
0
0
0
0
0
0
0
0
6
6
6
6
6
6
6
6
6
6
6
6
6
6
6
6
6
6
6
6
6
6
6
6
6
6
6
6
6
6
6
6
0
0
0
0
0
0
0
0
0
0
0
0
0
0
0
0
0
0
0
0
0
0
0
0
0
0
0
0
0
0
0
0
6
6
6
6
6
6
6
6
6
6
6
6
6
6
6
6
6
6
6
6
6
6
6
6
6
6
6
6
6
6
6
6
0
0
0
0
0
0
0
0
0
0
0
0
0
0
0
0
0
0
0
0
0
0
0
0
0
0
0
0
0
0
0
0
6
6
6
6
6
6
6
6
6
6
6
6
6
6
6
6
6
6
6
6
6
6
6
6
6
6
6
6
6
6
6
6
0
0
0
0
0
0
0
0
0
0
0
0
0
0
0
0
0
0
0
0
0
0
0
0
0
0
0
0
0
0
0
0
0
0
0
0
0
0
0
0
0
0
0
0
0
0
0
0
0
0
0
0
0
0
0
0
0
0
0
0
0
0
0
0
21
0
0
0
21
0
11
0
21
0
11
0
0
0
0
0
21
0
11
0
21
0
11
0
0
0
0
0
0
0
0
0
0
0
0
0
0
0
0
0
0
0
0
0
0
0
0
0
0
0
0
0
0
0
0
0
0
0
0
0
0
0
0
0
