%pattern_data
4
4
4
0
1
32
-31
0
52
68
0
1
0
0
0
0
7
99
0
0
0
0
0
0
0
0
1
48
-1
-1
0
0
0
0
0
0
83
97
0
-10
1
0
0
1
0
0
0
0
0
0
0
0
0
5
0
256
131
0
0
0
1
1
1
1
1
1
1
1
1
1
1
1
1
1
1
1
1
1
1
1
1
1
1
1
1
1
1
1
1
1
1
1
1
1
1
1
1
1
1
1
1
1
1
1
1
1
1
1
1
1
1
1
1
1
1
1
1
1
1
1
1
1
1
1
-48
-48
-48
-48
-60
-48
-48
-48
-48
-48
-48
-48
-48
-48
-48
-48
-48
-48
-48
-48
-48
-48
-48
-48
-48
-48
-48
-48
-48
-48
-48
-48
322423
598188
877029
1175938
1431979
1749146
2024090
2344333
2605854
2915458
3182000
3498979
3756898
4048813
4327990
4646284
4927559
5208479
4327990
5809875
6080125
6361854
6629354
6958644
7219634
7520125
7787197
8087875
8356708
8658042
8936292
9248938
4927559
5208479
4327990
5809875
6080125
6361854
6629354
6958644
7219634
7520125
7787197
8087875
8356708
8658042
8936292
9248938
322423
598188
877029
1175938
1431979
1749146
2024090
2344333
2605854
2915458
3182000
3498979
3756898
4048813
4327990
4646284
354438
646292
941854
1211813
1480208
1801000
2070208
2364313
2640646
2931125
3215646
3516292
3800333
4098896
4367688
4668646
4925958
5245125
5525771
5837396
6100063
6400104
6661917
6977417
7249021
7551750
7834938
8127479
8396000
8714854
8986042
9281229
4925958
5245125
5525771
5837396
6100063
6400104
6661917
6977417
7249021
7551750
7834938
8127479
8396000
8714854
8986042
9281229
354438
646292
941854
1211813
1480208
1801000
2070208
2364313
2640646
2931125
3215646
3516292
3800333
4098896
4367688
4668646
297111
604428
902771
1168146
1465907
1754913
2037292
2314438
2593542
2909913
3187215
3480938
3767059
4077792
4339729
4643896
4917158
5210896
5484500
5780729
6086817
6366646
6643958
6939771
7226958
7526925
7811031
8100172
8391587
8677063
8941229
9253000
4917158
5210896
5484500
5780729
6086817
6366646
6643958
6939771
7226958
7526925
7811031
8100172
8391587
8677063
8941229
9253000
297111
604428
902771
1168146
1465907
1754913
2037292
2314438
2593542
2909913
3187215
3480938
3767059
4077792
4339729
4643896
293604
576314
875560
1162832
1451167
1754188
2054597
2344333
2615167
2924454
3218309
3494917
3801917
4071729
4375521
4647167
4931362
5217875
5514521
5788667
6088250
6351833
6651505
6955513
7246458
7517167
7826693
8100250
8393458
8669896
8957979
9232104
4931362
5217875
5514521
5788667
6088250
6351833
6651505
6955513
7246458
7517167
7826693
8100250
8393458
8669896
8957979
9232104
293604
576314
875560
1162832
1451167
1754188
2054597
2344333
2615167
2924454
3218309
3494917
3801917
4071729
4375521
4647167
300690
590255
888503
1169311
1459962
1739604
2050171
2322862
2630659
2903826
3186631
3466166
3763670
2903826
4329146
4612833
4917688
5189833
5481938
5763354
6074063
6361836
6627500
5763354
7207775
7504135
7793833
8078479
8392948
8657379
8947250
9242323
4917688
5189833
5481938
5763354
6074063
6361836
6627500
5763354
7207775
7504135
7793833
8078479
8392948
8657379
8947250
9242323
300690
590255
888503
1169311
1459962
1739604
2050171
2322862
2630659
2903826
3186631
3466166
3763670
2903826
4329146
4612833
312032
579417
879747
1146292
1472791
1741021
2054688
2324771
2645838
2908042
3228459
3489917
1472791
4067938
4360478
4628646
4943604
5212125
5520146
5781979
6078909
6345250
6666792
6926708
7224092
7491667
7811844
8066646
8373938
8649821
8951819
9231375
4943604
5212125
5520146
5781979
6078909
6345250
6666792
6926708
7224092
7491667
7811844
8066646
8373938
8649821
8951819
9231375
312032
579417
879747
1146292
1472791
1741021
2054688
2324771
2645838
2908042
3228459
3489917
1472791
4067938
4360478
4628646
328833
602125
889313
1165688
1477122
1752271
2065333
2337292
2646563
2899333
3190146
3504042
3805042
4087333
4369854
4632958
4907929
5220771
5522542
5811375
6095500
6370042
6667396
6938854
7232667
7505188
7814583
8090729
8375229
8665292
8966542
9235063
4907929
5220771
5522542
5811375
6095500
6370042
6667396
6938854
7232667
7505188
7814583
8090729
8375229
8665292
8966542
9235063
328833
602125
889313
1165688
1477122
1752271
2065333
2337292
2646563
2899333
3190146
3504042
3805042
4087333
4369854
4632958
300493
602917
907192
1184250
1486896
1753875
2050386
2332250
2616051
2910833
3212225
3505475
3774167
4050424
4353670
4629822
4918000
5193042
5496199
5764500
6076342
6347923
6633917
6919375
7214612
7506619
7823239
8075313
8399593
8667440
8960896
9245292
4918000
5193042
5496199
5764500
6076342
6347923
6633917
6919375
7214612
7506619
7823239
8075313
8399593
8667440
8960896
9245292
300493
602917
907192
1184250
1486896
1753875
2050386
2332250
2616051
2910833
3212225
3505475
3774167
4050424
4353670
4629822
0
0
0
0
0
0
0
0
0
0
0
0
0
0
0
0
0
0
0
0
0
0
0
0
0
0
0
0
0
0
0
0
0
0
0
0
0
0
0
0
0
0
0
0
0
0
0
0
0
0
0
0
0
0
0
0
0
0
0
0
0
0
0
0
0
0
0
0
0
0
0
0
0
0
0
0
0
0
0
0
0
0
0
0
0
0
0
0
0
0
0
0
0
0
0
0
0
0
0
0
0
0
0
0
0
0
0
0
0
0
0
0
0
0
0
0
0
0
0
0
0
0
0
0
0
0
0
0
0
0
0
0
0
0
0
0
0
0
0
0
0
0
0
0
0
0
0
0
0
0
0
0
0
0
0
0
0
0
0
0
0
0
0
0
0
0
0
0
0
0
0
0
0
0
0
0
0
0
0
0
0
0
0
0
0
0
0
0
0
0
0
0
0
0
0
0
0
0
0
0
0
0
0
0
0
0
0
0
0
0
0
0
0
0
0
0
0
0
0
0
0
0
0
0
0
0
0
0
0
0
0
0
0
0
0
0
0
0
0
0
0
0
0
0
0
0
0
0
0
0
0
0
0
0
0
0
0
0
0
0
0
0
0
0
0
0
0
0
0
0
0
0
0
0
0
0
0
0
0
0
0
0
0
0
0
0
0
0
0
0
0
0
0
0
0
0
0
0
0
0
0
0
0
0
0
0
0
0
0
0
0
0
0
0
0
0
0
0
0
0
0
0
0
0
0
0
0
0
0
0
0
0
0
0
0
0
0
0
0
0
0
0
0
0
0
0
0
0
0
0
0
0
0
0
0
0
0
0
0
0
0
0
0
0
0
0
0
0
0
0
0
0
0
0
0
0
0
0
0
0
0
0
0
0
0
0
0
0
0
0
0
0
0
0
0
0
0
0
0
0
0
0
0
0
0
0
0
0
0
0
0
0
0
0
0
0
0
0
0
0
0
0
0
0
0
0
0
0
0
0
0
0
0
0
0
0
0
0
0
0
0
0
0
0
0
0
0
0
0
0
0
0
0
0
0
0
0
0
0
0
0
0
0
0
0
0
0
0
0
0
0
0
0
0
0
0
0
0
0
0
0
0
0
0
0
0
0
0
0
0
0
0
0
0
0
0
0
0
0
0
0
0
0
0
0
0
0
0
0
0
0
0
0
0
0
0
0
0
0
0
0
0
0
0
0
0
0
0
0
0
0
0
0
0
0
0
0
0
0
0
0
0
0
0
0
0
0
0
0
0
0
0
0
0
0
0
0
0
0
0
0
0
0
0
0
0
0
0
0
0
0
0
0
0
0
0
0
0
0
0
0
0
0
0
0
0
0
0
0
0
0
0
0
0
0
0
0
0
0
0
0
0
0
0
0
0
0
0
0
0
0
0
0
0
0
0
0
0
0
0
0
0
0
0
0
0
0
0
0
0
0
0
0
0
0
0
0
0
0
0
0
0
0
0
0
0
0
0
0
0
0
0
0
0
0
0
0
0
0
0
0
0
0
0
0
0
0
0
0
0
0
0
0
0
0
0
0
0
0
0
0
0
0
0
0
0
0
0
0
0
0
0
0
0
0
0
0
0
0
0
0
0
0
0
0
0
0
0
0
0
0
0
0
0
0
0
0
0
0
0
0
0
0
0
0
0
0
0
0
0
0
0
0
0
0
0
0
0
0
0
0
0
0
0
0
0
0
0
0
0
0
0
0
0
0
0
0
0
0
0
0
0
0
0
0
0
0
0
220417
457375
663667
907875
1110750
1341417
1552896
1790063
1989708
2233708
2420530
2666333
2862167
3111625
3305173
3539202
3735340
3981775
4187384
4429833
4620417
4866042
5066771
5317271
5520961
5769125
5958179
6189167
6389417
6635083
6829850
7073938
3735340
3981775
4187384
4429833
4620417
4866042
5066771
5317271
5520961
5769125
5958179
6189167
6389417
6635083
6829850
7073938
220417
457375
663667
907875
1110750
1341417
1552896
1790063
1989708
2233708
2420530
2666333
2862167
3111625
3305173
3539202
242000
469750
692884
905125
1106417
1346364
1545521
1791961
1990813
2221875
2421583
2665563
2881241
3123646
3320077
3560333
3771792
4019855
4217563
4448677
4645387
4886792
5082708
5288938
5522042
5759333
5972396
6205646
6413667
6644542
6865667
7087438
3771792
4019855
4217563
4448677
4645387
4886792
5082708
5288938
5522042
5759333
5972396
6205646
6413667
6644542
6865667
7087438
242000
469750
692884
905125
1106417
1346364
1545521
1791961
1990813
2221875
2421583
2665563
2881241
3123646
3320077
3560333
236438
455928
690376
922129
1126146
1356043
1568979
1800542
1996125
2233326
2444528
2670438
2879125
3117496
3323375
3536396
3772229
3988000
4187938
4415208
4628729
4859833
5088630
5333688
5530958
5767500
5986098
6219208
6427000
6649688
6869557
7087833
3772229
3988000
4187938
4415208
4628729
4859833
5088630
5333688
5530958
5767500
5986098
6219208
6427000
6649688
6869557
7087833
236438
455928
690376
922129
1126146
1356043
1568979
1800542
1996125
2233326
2444528
2670438
2879125
3117496
3323375
3536396
242133
472792
687917
911263
1121271
1348229
1555146
1790833
2014042
2235229
2459971
2673688
2882750
3118542
3333327
3559688
3774625
4010792
4210833
4440771
4671271
4881271
5107904
5321583
5538176
5778229
6010917
6213938
6421958
6656438
6863375
7098375
3774625
4010792
4210833
4440771
4671271
4881271
5107904
5321583
5538176
5778229
6010917
6213938
6421958
6656438
6863375
7098375
242133
472792
687917
911263
1121271
1348229
1555146
1790833
2014042
2235229
2459971
2673688
2882750
3118542
3333327
3559688
236125
472286
680205
898708
1117111
1341458
1559708
1800021
2002354
2233583
2449726
2674771
2891021
3130848
3338896
3563208
3777271
3998729
4210792
4428375
4647375
4875583
5097021
5317229
5539167
5766938
5097021
6201750
6411091
6632146
6854827
7076269
3777271
3998729
4210792
4428375
4647375
4875583
5097021
5317229
5539167
5766938
5097021
6201750
6411091
6632146
6854827
7076269
236125
472286
680205
898708
1117111
1341458
1559708
1800021
2002354
2233583
2449726
2674771
2891021
3130848
3338896
3563208
258146
466917
693708
902125
1132551
1346737
1577277
1778208
2028979
2223875
2436966
2663750
2882396
3107458
3338458
3537729
3771188
3989375
4202229
4428479
4645833
4876833
5124042
5326375
5558311
5763875
6002563
6199854
6440667
6635271
6883542
7085104
3771188
3989375
4202229
4428479
4645833
4876833
5124042
5326375
5558311
5763875
6002563
6199854
6440667
6635271
6883542
7085104
258146
466917
693708
902125
1132551
1346737
1577277
1778208
2028979
2223875
2436966
2663750
2882396
3107458
3338458
3537729
272761
488583
694688
922723
1162292
1374042
1577662
1798309
2021250
2244375
2475563
2685167
2933204
3128188
3365076
3568958
3780605
3995324
4227208
4435188
4678167
4881208
5090417
5314917
5553438
5770422
5998097
6189208
6433178
6635583
6864479
7082896
3780605
3995324
4227208
4435188
4678167
4881208
5090417
5314917
5553438
5770422
5998097
6189208
6433178
6635583
6864479
7082896
272761
488583
694688
922723
1162292
1374042
1577662
1798309
2021250
2244375
2475563
2685167
2933204
3128188
3365076
3568958
255375
463375
676271
902724
1138604
1349000
1586625
1786743
2022665
2231521
2454292
2672771
2887813
3120793
3343396
3570604
3788231
3994826
4229958
4443806
4652896
4881670
5090042
5316833
5534854
5758313
6013782
6223213
6418334
6635083
6872479
7075278
3788231
3994826
4229958
4443806
4652896
4881670
5090042
5316833
5534854
5758313
6013782
6223213
6418334
6635083
6872479
7075278
255375
463375
676271
902724
1138604
1349000
1586625
1786743
2022665
2231521
2454292
2672771
2887813
3120793
3343396
3570604
0
0
0
0
0
0
0
0
0
0
0
0
0
0
0
0
0
0
0
0
0
0
0
0
0
0
0
0
0
0
0
0
0
0
0
0
0
0
0
0
0
0
0
0
0
0
0
0
0
0
0
0
0
0
0
0
0
0
0
0
0
0
0
0
0
0
0
0
0
0
0
0
0
0
0
0
0
0
0
0
0
0
0
0
0
0
0
0
0
0
0
0
0
0
0
0
0
0
0
0
0
0
0
0
0
0
0
0
0
0
0
0
0
0
0
0
0
0
0
0
0
0
0
0
0
0
0
0
0
0
0
0
0
0
0
0
0
0
0
0
0
0
0
0
0
0
0
0
0
0
0
0
0
0
0
0
0
0
0
0
0
0
0
0
0
0
0
0
0
0
0
0
0
0
0
0
0
0
0
0
0
0
0
0
0
0
0
0
0
0
0
0
0
0
0
0
0
0
0
0
0
0
0
0
0
0
0
0
0
0
0
0
0
0
0
0
0
0
0
0
0
0
0
0
0
0
0
0
0
0
0
0
0
0
0
0
0
0
0
0
0
0
0
0
0
0
0
0
0
0
0
0
0
0
0
0
0
0
0
0
0
0
0
0
0
0
0
0
0
0
0
0
0
0
0
0
0
0
0
0
0
0
0
0
0
0
0
0
0
0
0
0
0
0
0
0
0
0
0
0
0
0
0
0
0
0
0
0
0
0
0
0
0
0
0
0
0
0
0
0
0
0
0
0
0
0
0
0
0
0
0
0
0
0
0
0
0
0
0
0
0
0
0
0
0
0
0
0
0
0
0
0
0
0
0
0
0
0
0
0
0
0
0
0
0
0
0
0
0
0
0
0
0
0
0
0
0
0
0
0
0
0
0
0
0
0
0
0
0
0
0
0
0
0
0
0
0
0
0
0
0
0
0
0
0
0
0
0
0
0
0
0
0
0
0
0
0
0
0
0
0
0
0
0
0
0
0
0
0
0
0
0
0
0
0
0
0
0
0
0
0
0
0
0
0
0
0
0
0
0
0
0
0
0
0
0
0
0
0
0
0
0
0
0
0
0
0
0
0
0
0
0
0
0
0
0
0
0
0
0
0
0
0
0
0
0
0
0
0
0
0
0
0
0
0
0
0
0
0
0
0
0
0
0
0
0
0
0
0
0
0
0
0
0
0
0
0
0
0
0
0
0
0
0
0
0
0
0
0
0
0
0
0
0
0
0
0
0
0
0
0
0
0
0
0
0
0
0
0
0
0
0
0
0
0
0
0
0
0
0
0
0
0
0
0
0
0
0
0
0
0
0
0
0
0
0
0
0
0
0
0
0
0
0
0
0
0
0
0
0
0
0
0
0
0
0
0
0
0
0
0
0
0
0
0
0
0
0
0
0
0
0
0
0
0
0
0
0
0
0
0
0
0
0
0
0
0
0
0
0
0
0
0
0
0
0
0
0
0
0
0
0
0
0
0
0
0
0
0
0
0
0
0
0
0
0
0
0
0
0
0
0
0
0
0
0
0
0
0
0
0
0
0
0
0
0
0
0
0
0
0
0
0
0
0
0
0
0
0
0
0
0
0
0
0
0
0
0
0
0
0
0
0
0
0
0
0
0
0
0
0
0
0
0
0
0
0
0
0
0
0
0
0
0
0
0
0
0
0
0
0
0
0
0
0
0
0
0
0
0
0
0
0
0
0
0
0
0
0
0
0
0
0
0
0
0
0
0
0
0
0
0
0
0
0
0
0
0
5408
9121
1240
6607
3509
6616
10000
9974
2159
6929
4254
6609
1074
5966
7447
2810
3419
4877
7447
7689
1
3709
1529
6359
3748
7993
4587
4564
3896
7174
1215
3348
3419
4877
7447
7689
1
3709
1529
6359
3748
7993
4587
4564
3896
7174
1215
3348
5408
9121
1240
6607
3509
6616
10000
9974
2159
6929
4254
6609
1074
5966
7447
2810
8555
3902
4876
2163
662
4638
1670
3908
1
3783
6556
5257
3735
7373
2704
2989
2195
1469
3982
6665
8847
4995
2413
5119
6497
2357
293
4202
10000
4109
4694
2686
2195
1469
3982
6665
8847
4995
2413
5119
6497
2357
293
4202
10000
4109
4694
2686
8555
3902
4876
2163
662
4638
1670
3908
1
3783
6556
5257
3735
7373
2704
2989
3532
4619
9231
3451
4243
1332
4451
4711
4440
1158
1
1773
4683
5702
1813
4238
6391
2582
3697
4190
8870
4466
5487
5643
10000
3422
3317
3668
1822
3543
1935
5076
6391
2582
3697
4190
8870
4466
5487
5643
10000
3422
3317
3668
1822
3543
1935
5076
3532
4619
9231
3451
4243
1332
4451
4711
4440
1158
1
1773
4683
5702
1813
4238
8294
3611
2879
8481
10000
1681
5176
6306
7272
528
1940
1942
9205
1
2114
8061
9721
3960
2776
8529
9004
5045
1109
3644
8105
1787
3389
6840
9629
8723
3203
7137
9721
3960
2776
8529
9004
5045
1109
3644
8105
1787
3389
6840
9629
8723
3203
7137
8294
3611
2879
8481
10000
1681
5176
6306
7272
528
1940
1942
9205
1
2114
8061
1
5956
4853
5012
4467
5116
5572
4968
10000
8327
5144
5540
8068
8327
7385
4646
7292
6478
6595
5459
3034
7413
3771
5459
9154
7196
5503
9305
7021
5570
3273
6793
7292
6478
6595
5459
3034
7413
3771
5459
9154
7196
5503
9305
7021
5570
3273
6793
1
5956
4853
5012
4467
5116
5572
4968
10000
8327
5144
5540
8068
8327
7385
4646
6055
6179
4360
8447
3859
8106
4656
9394
4615
9809
2857
10000
3859
8088
5628
7707
3992
8741
5343
9118
3657
7918
1
9174
2150
8924
1424
2334
4883
7787
2301
9451
3992
8741
5343
9118
3657
7918
1
9174
2150
8924
1424
2334
4883
7787
2301
9451
6055
6179
4360
8447
3859
8106
4656
9394
4615
9809
2857
10000
3859
8088
5628
7707
4209
1462
1568
1336
2336
8206
8292
1
5654
808
261
6453
8385
4890
5646
149
718
6048
6694
2413
6204
4398
3260
2815
10000
5318
3413
5516
2615
6959
7197
2849
718
6048
6694
2413
6204
4398
3260
2815
10000
5318
3413
5516
2615
6959
7197
2849
4209
1462
1568
1336
2336
8206
8292
1
5654
808
261
6453
8385
4890
5646
149
5373
9116
1054
7175
2693
3316
5241
2213
1
7266
3117
7097
2304
4031
4758
6140
9037
7354
10000
5608
8605
6837
3699
5853
6058
4435
3832
7557
5949
5628
5685
8200
9037
7354
10000
5608
8605
6837
3699
5853
6058
4435
3832
7557
5949
5628
5685
8200
5373
9116
1054
7175
2693
3316
5241
2213
1
7266
3117
7097
2304
4031
4758
6140
0
0
0
0
0
0
0
0
0
0
0
0
0
0
0
0
0
0
0
0
0
0
0
0
0
0
0
0
0
0
0
0
0
0
0
0
0
0
0
0
0
0
0
0
0
0
0
0
0
0
0
0
0
0
0
0
0
0
0
0
0
0
0
0
0
0
0
0
0
0
0
0
0
0
0
0
0
0
0
0
0
0
0
0
0
0
0
0
0
0
0
0
0
0
0
0
0
0
0
0
0
0
0
0
0
0
0
0
0
0
0
0
0
0
0
0
0
0
0
0
0
0
0
0
0
0
0
0
0
0
0
0
0
0
0
0
0
0
0
0
0
0
0
0
0
0
0
0
0
0
0
0
0
0
0
0
0
0
0
0
0
0
0
0
0
0
0
0
0
0
0
0
0
0
0
0
0
0
0
0
0
0
0
0
0
0
0
0
0
0
0
0
0
0
0
0
0
0
0
0
0
0
0
0
0
0
0
0
0
0
0
0
0
0
0
0
0
0
0
0
0
0
0
0
0
0
0
0
0
0
0
0
0
0
0
0
0
0
0
0
0
0
0
0
0
0
0
0
0
0
0
0
0
0
0
0
0
0
0
0
0
0
0
0
0
0
0
0
0
0
0
0
0
0
0
0
0
0
0
0
0
0
0
0
0
0
0
0
0
0
0
0
0
0
0
0
0
0
0
0
0
0
0
0
0
0
0
0
0
0
0
0
0
0
0
0
0
0
0
0
0
0
0
0
0
0
0
0
0
0
0
0
0
0
0
0
0
0
0
0
0
0
0
0
0
0
0
0
0
0
0
0
0
0
0
0
0
0
0
0
0
0
0
0
0
0
0
0
0
0
0
0
0
0
0
0
0
0
0
0
0
0
0
0
0
0
0
0
0
0
0
0
0
0
0
0
0
0
0
0
0
0
0
0
0
0
0
0
0
0
0
0
0
0
0
0
0
0
0
0
0
0
0
0
0
0
0
0
0
0
0
0
0
0
0
0
0
0
0
0
0
0
0
0
0
0
0
0
0
0
0
0
0
0
0
0
0
0
0
0
0
0
0
0
0
0
0
0
0
0
0
0
0
0
0
0
0
0
0
0
0
0
0
0
0
0
0
0
0
0
0
0
0
0
0
0
0
0
0
0
0
0
0
0
0
0
0
0
0
0
0
0
0
0
0
0
0
0
0
0
0
0
0
0
0
0
0
0
0
0
0
0
0
0
0
0
0
0
0
0
0
0
0
0
0
0
0
0
0
0
0
0
0
0
0
0
0
0
0
0
0
0
0
0
0
0
0
0
0
0
0
0
0
0
0
0
0
0
0
0
0
0
0
0
0
0
0
0
0
0
0
0
0
0
0
0
0
0
0
0
0
0
0
0
0
0
0
0
0
0
0
0
0
0
0
0
0
0
0
0
0
0
0
0
0
0
0
0
0
0
0
0
0
0
0
0
0
0
0
0
0
0
0
0
0
0
0
0
0
0
0
0
0
0
0
0
0
0
0
0
0
0
0
0
0
0
0
0
0
0
0
0
0
0
0
0
0
0
0
0
0
0
0
0
0
0
0
0
0
0
0
0
0
0
0
0
0
0
0
0
0
0
0
0
0
0
0
0
0
0
0
0
0
0
0
0
0
0
0
0
0
0
0
0
0
0
0
0
0
0
0
0
0
0
0
0
0
0
0
0
0
0
0
0
0
0
0
0
0
0
0
0
0
0
0
0
0
0
0
0
0
0
0
0
0
0
0
0
4297
6404
1953
5741
2639
4233
3470
3538
3018
4510
2544
1514
1
4587
2201
5854
3936
10000
5838
4982
2789
3095
3815
2955
1056
9060
1909
3987
133
6593
2134
3937
3936
10000
5838
4982
2789
3095
3815
2955
1056
9060
1909
3987
133
6593
2134
3937
4297
6404
1953
5741
2639
4233
3470
3538
3018
4510
2544
1514
1
4587
2201
5854
7818
6828
1
4318
5089
5560
3262
6849
8196
4720
6681
5924
6435
5888
4290
6765
9392
5355
4194
4744
8886
7586
5609
6538
10000
8750
5627
4556
8096
5087
9496
8087
9392
5355
4194
4744
8886
7586
5609
6538
10000
8750
5627
4556
8096
5087
9496
8087
7818
6828
1
4318
5089
5560
3262
6849
8196
4720
6681
5924
6435
5888
4290
6765
4909
5313
2477
8500
9759
6528
1283
9094
10000
7123
1
8455
7555
8413
1597
6004
6170
7713
2732
6326
7664
8673
1516
5428
9316
6333
1370
5139
8859
5320
1847
7609
6170
7713
2732
6326
7664
8673
1516
5428
9316
6333
1370
5139
8859
5320
1847
7609
4909
5313
2477
8500
9759
6528
1283
9094
10000
7123
1
8455
7555
8413
1597
6004
1696
6539
931
8731
6099
5273
2420
4902
2506
10000
634
5753
2468
5594
1520
3923
2072
6772
2661
1472
2182
4219
975
1
2844
6555
1245
3825
3765
3583
5526
6977
2072
6772
2661
1472
2182
4219
975
1
2844
6555
1245
3825
3765
3583
5526
6977
1696
6539
931
8731
6099
5273
2420
4902
2506
10000
634
5753
2468
5594
1520
3923
3216
2463
1477
4560
1988
4108
4077
6534
2039
3186
1487
3748
3411
3061
1
2848
1557
10000
2869
3120
1526
4688
2518
3694
3010
6891
2518
4476
2100
5066
5143
708
1557
10000
2869
3120
1526
4688
2518
3694
3010
6891
2518
4476
2100
5066
5143
708
3216
2463
1477
4560
1988
4108
4077
6534
2039
3186
1487
3748
3411
3061
1
2848
4830
8266
10000
7565
385
6980
1538
6991
2035
5764
1
5496
866
3810
6933
4074
942
7582
2918
5623
2307
4322
3271
7189
3769
1483
3083
7138
2190
5393
8585
6889
942
7582
2918
5623
2307
4322
3271
7189
3769
1483
3083
7138
2190
5393
8585
6889
4830
8266
10000
7565
385
6980
1538
6991
2035
5764
1
5496
866
3810
6933
4074
8445
3972
5554
4698
3990
3756
9225
524
8367
3849
9721
3857
10000
1851
5793
1130
6473
1
9511
3983
7590
1726
5155
7655
7322
4437
6952
3161
9036
2328
5617
8077
6473
1
9511
3983
7590
1726
5155
7655
7322
4437
6952
3161
9036
2328
5617
8077
8445
3972
5554
4698
3990
3756
9225
524
8367
3849
9721
3857
10000
1851
5793
1130
7433
4654
4752
2237
9351
2102
6210
4625
9436
4673
1731
3655
10000
2610
5393
273
9198
4349
3048
2779
8174
3239
1668
3106
4383
3414
7733
3027
5081
5477
6898
1
9198
4349
3048
2779
8174
3239
1668
3106
4383
3414
7733
3027
5081
5477
6898
1
7433
4654
4752
2237
9351
2102
6210
4625
9436
4673
1731
3655
10000
2610
5393
273
0
0
0
0
0
0
0
0
0
0
0
0
0
0
0
0
0
0
0
0
0
0
0
0
0
0
0
0
0
0
0
0
0
0
0
0
0
0
0
0
0
0
0
0
0
0
0
0
0
0
0
0
0
0
0
0
0
0
0
0
0
0
0
0
0
0
0
0
0
0
0
0
0
0
0
0
0
0
0
0
0
0
0
0
0
0
0
0
0
0
0
0
0
0
0
0
0
0
0
0
0
0
0
0
0
0
0
0
0
0
0
0
0
0
0
0
0
0
0
0
0
0
0
0
0
0
0
0
0
0
0
0
0
0
0
0
0
0
0
0
0
0
0
0
0
0
0
0
0
0
0
0
0
0
0
0
0
0
0
0
0
0
0
0
0
0
0
0
0
0
0
0
0
0
0
0
0
0
0
0
0
0
0
0
0
0
0
0
0
0
0
0
0
0
0
0
0
0
0
0
0
0
0
0
0
0
0
0
0
0
0
0
0
0
0
0
0
0
0
0
0
0
0
0
0
0
0
0
0
0
0
0
0
0
0
0
0
0
0
0
0
0
0
0
0
0
0
0
0
0
0
0
0
0
0
0
0
0
0
0
0
0
0
0
0
0
0
0
0
0
0
0
0
0
0
0
0
0
0
0
0
0
0
0
0
0
0
0
0
0
0
0
0
0
0
0
0
0
0
0
0
0
0
0
0
0
0
0
0
0
0
0
0
0
0
0
0
0
0
0
0
0
0
0
0
0
0
0
0
0
0
0
0
0
0
0
0
0
0
0
0
0
0
0
0
0
0
0
0
0
0
0
0
0
0
0
0
0
0
0
0
0
0
0
0
0
0
0
0
0
0
0
0
0
0
0
0
0
0
0
0
0
0
0
0
0
0
0
0
0
0
0
0
0
0
0
0
0
0
0
0
0
0
0
0
0
0
0
0
0
0
0
0
0
0
0
0
0
0
0
0
0
0
0
0
0
0
0
0
0
0
0
0
0
0
0
0
0
0
0
0
0
0
0
0
0
0
0
0
0
0
0
0
0
0
0
0
0
0
0
0
0
0
0
0
0
0
0
0
0
0
0
0
0
0
0
0
0
0
0
0
0
0
0
0
0
0
0
0
0
0
0
0
0
0
0
0
0
0
0
0
0
0
0
0
0
0
0
0
0
0
0
0
0
0
0
0
0
0
0
0
0
0
0
0
0
0
0
0
0
0
0
0
0
0
0
0
0
0
0
0
0
0
0
0
0
0
0
0
0
0
0
0
0
0
0
0
0
0
0
0
0
0
0
0
0
0
0
0
0
0
0
0
0
0
0
0
0
0
0
0
0
0
0
0
0
0
0
0
0
0
0
0
0
0
0
0
0
0
0
0
0
0
0
0
0
0
0
0
0
0
0
0
0
0
0
0
0
0
0
0
0
0
0
0
0
0
0
0
0
0
0
0
0
0
0
0
0
0
0
0
0
0
0
0
0
0
0
0
0
0
0
0
0
0
0
0
0
0
0
0
0
0
0
0
0
0
0
0
0
0
0
0
0
0
0
0
0
0
0
0
0
0
0
0
0
0
0
0
0
0
0
0
0
0
0
0
0
0
0
0
0
0
0
0
0
0
0
0
0
0
0
0
0
0
0
0
0
0
0
0
0
0
0
0
0
0
0
0
0
0
0
0
0
0
0
0
0
0
0
0
0
0
0
0
0
0
0
0
0
0
0
0
0
0
0
0
0
0
0
0
0
0
0
0
0
0
0
20
20
20
20
20
20
20
20
20
20
20
20
20
20
20
20
20
20
20
20
20
20
20
20
20
20
20
20
20
20
20
20
20
20
20
20
20
20
20
20
20
20
20
20
20
20
20
20
20
20
20
20
20
20
20
20
20
20
20
20
20
20
20
20
20
20
20
20
20
20
20
20
20
20
20
20
20
20
20
20
20
20
20
20
20
20
20
20
20
20
20
20
20
20
20
20
46
46
46
46
46
46
46
46
46
46
46
46
46
46
46
46
46
46
46
46
46
46
46
46
46
46
46
46
46
46
46
46
46
46
46
46
46
46
46
46
46
46
46
46
46
46
46
46
46
46
46
46
46
46
46
46
46
46
46
46
46
46
46
46
46
46
46
46
46
46
46
46
46
46
46
46
46
46
46
46
46
46
46
46
46
46
46
46
46
46
46
46
46
46
46
46
46
46
46
46
46
46
46
46
46
46
46
46
46
46
46
46
46
46
46
46
46
46
46
46
46
46
46
46
46
46
46
46
46
46
46
46
46
46
46
46
46
46
46
46
46
46
46
46
46
46
46
46
46
46
46
46
46
46
46
46
46
46
46
46
46
46
46
46
46
46
46
46
46
46
46
46
46
46
46
46
46
46
46
46
46
46
46
46
46
46
46
46
46
46
46
46
46
46
46
46
46
46
46
46
46
46
46
46
46
46
46
46
46
46
46
46
46
46
46
46
46
46
46
46
46
46
46
46
46
46
46
46
46
46
46
46
46
46
46
46
46
46
46
46
46
46
46
46
46
46
46
46
46
46
46
46
46
46
46
46
46
46
46
46
46
46
46
46
46
46
46
46
46
46
46
46
46
46
46
46
46
46
46
46
46
46
46
46
46
46
46
46
46
46
46
46
46
46
46
46
46
46
46
46
46
46
46
46
46
46
46
46
46
46
46
46
46
46
46
46
46
46
46
46
46
46
46
46
46
46
46
46
46
46
46
46
46
46
46
46
46
46
46
46
46
46
46
46
46
46
46
46
46
46
46
46
46
46
46
46
46
46
46
46
46
46
46
46
46
46
46
46
46
46
46
46
46
46
46
46
46
46
46
46
46
46
46
46
46
46
46
46
46
46
46
46
46
46
46
46
46
46
46
46
46
46
46
46
46
46
46
46
46
46
46
46
46
46
46
46
46
46
46
46
46
46
46
46
46
46
46
46
46
46
46
46
46
46
46
46
46
46
46
46
46
46
46
46
46
46
46
46
46
46
46
46
46
46
46
46
46
46
46
46
46
46
46
46
46
46
46
46
46
46
46
46
46
46
46
46
46
46
46
46
46
46
46
46
46
46
46
46
46
46
46
46
46
46
46
46
46
46
46
46
46
46
46
46
46
46
46
46
46
46
46
46
46
46
46
46
46
46
46
46
46
46
46
46
46
46
46
46
46
46
46
46
46
46
46
46
46
46
46
46
46
46
46
46
46
46
46
46
46
46
46
46
46
46
46
46
46
46
46
46
46
46
46
46
46
46
46
46
46
46
46
46
46
46
46
46
46
46
46
46
46
46
46
46
46
46
46
46
46
46
46
46
46
46
46
46
46
46
46
46
46
46
46
46
46
46
46
46
46
46
46
46
46
46
46
46
46
46
46
46
46
46
46
46
46
46
46
46
46
46
46
46
46
46
46
46
46
46
46
46
20
20
20
20
20
20
20
20
20
20
20
20
20
20
20
20
20
20
20
20
20
20
20
20
20
20
20
20
20
20
20
20
20
20
20
20
20
20
20
20
20
20
20
20
20
20
20
20
20
20
20
20
20
20
20
20
20
20
20
20
20
20
20
20
46
46
46
46
46
46
46
46
46
46
46
46
46
46
46
46
46
46
46
46
46
46
46
46
46
46
46
46
46
46
46
46
46
46
46
46
46
46
46
46
46
46
46
46
46
46
46
46
46
46
46
46
46
46
46
46
46
46
46
46
46
46
46
46
46
46
46
46
46
46
46
46
46
46
46
46
46
46
46
46
46
46
46
46
46
46
46
46
46
46
46
46
46
46
46
46
46
46
46
46
46
46
46
46
46
46
46
46
46
46
46
46
46
46
46
46
46
46
46
46
46
46
46
46
46
46
46
46
46
46
46
46
46
46
46
46
46
46
46
46
46
46
46
46
46
46
46
46
46
46
46
46
46
46
46
46
46
46
46
46
46
46
46
46
46
46
46
46
46
46
46
46
46
46
46
46
46
46
46
46
46
46
46
46
46
46
46
46
46
46
46
46
46
46
46
46
46
46
46
46
46
46
46
46
46
46
46
46
46
46
46
46
46
46
46
46
46
46
46
46
46
46
46
46
46
46
46
46
46
46
46
46
46
46
46
46
46
46
46
46
46
46
46
46
46
46
46
46
46
46
46
46
46
46
46
46
46
46
46
46
46
46
46
46
46
46
46
46
46
46
46
46
46
46
46
46
46
46
46
46
46
46
46
46
46
46
46
46
46
46
46
46
46
46
46
46
46
46
46
46
46
46
46
46
46
46
46
46
46
46
46
46
46
46
46
46
46
46
46
46
46
46
46
46
46
46
46
46
46
46
46
46
46
46
46
46
46
46
46
46
46
46
46
46
46
46
46
46
46
46
46
46
46
46
46
46
46
46
46
46
46
46
46
46
46
46
46
46
46
46
46
46
46
46
46
46
46
46
46
46
46
46
46
46
46
46
46
46
46
46
46
46
46
46
46
46
46
46
46
46
46
46
46
46
46
46
46
46
46
46
46
46
46
46
46
46
46
46
46
46
46
46
46
46
46
46
46
46
46
46
46
46
46
46
46
46
46
46
46
46
46
46
46
46
46
46
46
46
46
46
46
46
46
46
46
46
46
46
46
46
46
46
46
46
46
46
46
46
46
46
46
46
46
46
46
46
46
46
46
46
32
32
32
32
32
32
32
32
32
32
32
32
32
32
32
32
32
32
32
32
32
32
32
32
32
32
32
32
32
32
32
32
32
32
32
32
32
32
32
32
32
32
32
32
32
32
32
32
32
32
32
32
32
32
32
32
32
32
32
32
32
32
32
32
32
32
32
32
32
32
32
32
32
32
32
32
32
32
32
32
32
32
32
32
32
32
32
32
32
32
32
32
32
32
32
32
46
46
46
46
46
46
46
46
46
46
46
46
46
46
46
46
46
46
46
46
46
46
46
46
46
46
46
46
46
46
46
46
46
46
46
46
46
46
46
46
46
46
46
46
46
46
46
46
46
46
46
46
46
46
46
46
46
46
46
46
46
46
46
46
20
20
20
20
20
20
20
20
20
20
20
20
20
20
20
20
20
20
20
20
20
20
20
20
20
20
20
20
20
20
20
20
46
46
46
46
46
46
46
46
46
46
46
46
46
46
46
46
46
46
46
46
46
46
46
46
46
46
46
46
46
46
46
46
46
46
46
46
46
46
46
46
46
46
46
46
46
46
46
46
46
46
46
46
46
46
46
46
46
46
46
46
46
46
46
46
46
46
46
46
46
46
46
46
46
46
46
46
46
46
46
46
46
46
46
46
46
46
46
46
46
46
46
46
46
46
46
46
46
46
46
46
46
46
46
46
46
46
46
46
46
46
46
46
46
46
46
46
46
46
46
46
46
46
46
46
46
46
46
46
46
46
46
46
46
46
46
46
46
46
46
46
46
46
46
46
46
46
46
46
46
46
46
46
46
46
46
46
46
46
46
46
46
46
46
46
46
46
46
46
46
46
46
46
46
46
46
46
46
46
46
46
46
46
46
46
46
46
46
46
46
46
46
46
46
46
46
46
46
46
46
46
46
46
46
46
46
46
46
46
46
46
46
46
46
46
46
46
46
46
46
46
46
46
46
46
46
46
46
46
46
46
46
46
46
46
46
46
46
46
46
46
46
46
46
46
46
46
46
46
46
46
46
46
46
46
46
46
46
46
46
46
46
46
46
46
46
46
46
46
46
46
46
46
46
46
46
46
46
46
46
46
46
46
46
46
46
46
46
46
46
46
46
46
46
46
46
46
46
46
46
46
46
46
46
46
46
46
46
46
46
46
46
46
46
46
46
46
46
46
46
46
46
46
46
46
46
46
46
46
46
46
46
46
46
46
46
46
46
46
46
46
46
46
46
46
46
46
46
46
46
46
46
46
46
46
46
46
46
46
46
46
46
46
46
46
46
46
46
46
46
46
46
46
46
46
46
46
46
46
46
46
46
46
46
46
46
46
46
46
46
46
46
46
46
46
46
46
46
46
46
46
46
46
46
46
46
46
46
46
46
46
46
46
46
46
46
46
46
46
46
46
46
46
46
46
46
46
46
46
46
46
46
46
46
46
46
46
46
46
46
46
46
46
46
46
46
46
46
46
46
46
46
46
46
46
46
46
46
46
46
46
46
46
46
46
46
46
46
46
46
46
46
46
46
46
46
46
46
46
46
46
46
46
46
46
46
46
46
46
46
46
46
46
46
46
46
46
46
46
46
46
46
46
46
46
46
46
46
46
46
46
46
46
46
46
46
46
46
46
46
46
46
46
46
46
46
46
46
46
46
46
46
46
46
46
46
46
46
46
46
46
46
46
46
46
32
32
32
32
32
32
32
32
32
32
32
32
32
32
32
32
32
32
32
32
32
32
32
32
32
32
32
32
32
32
32
32
32
32
32
32
32
32
32
32
32
32
32
32
32
32
32
32
32
32
32
32
32
32
32
32
32
32
32
32
32
32
32
32
46
46
46
46
46
46
46
46
46
46
46
46
46
46
46
46
46
46
46
46
46
46
46
46
46
46
46
46
46
46
46
46
20
20
20
20
20
20
20
20
20
20
20
20
20
20
20
20
20
20
20
20
20
20
20
20
20
20
20
20
20
20
20
20
20
20
20
20
20
20
20
20
20
20
20
20
20
20
20
20
20
20
20
20
20
20
20
20
20
20
20
20
20
20
20
20
20
20
20
20
20
20
20
20
20
20
20
20
20
20
20
20
20
20
20
20
20
20
20
20
20
20
20
20
20
20
20
20
20
20
20
20
20
20
20
20
20
20
20
20
20
20
20
20
20
20
20
20
20
20
20
20
20
20
20
20
20
20
20
20
20
20
20
20
20
20
20
20
20
20
20
20
20
20
20
20
20
20
20
20
20
20
20
20
20
20
20
20
20
20
20
20
46
46
46
46
46
46
46
46
46
46
46
46
46
46
46
46
46
46
46
46
46
46
46
46
46
46
46
46
46
46
46
46
46
46
46
46
46
46
46
46
46
46
46
46
46
46
46
46
46
46
46
46
46
46
46
46
46
46
46
46
46
46
46
46
46
46
46
46
46
46
46
46
46
46
46
46
46
46
46
46
46
46
46
46
46
46
46
46
46
46
46
46
46
46
46
46
46
46
46
46
46
46
46
46
46
46
46
46
46
46
46
46
46
46
46
46
46
46
46
46
46
46
46
46
46
46
46
46
46
46
46
46
46
46
46
46
46
46
46
46
46
46
46
46
46
46
46
46
46
46
46
46
46
46
46
46
46
46
46
46
46
46
46
46
46
46
46
46
46
46
46
46
46
46
46
46
46
46
46
46
46
46
46
46
46
46
46
46
46
46
46
46
46
46
46
46
46
46
46
46
46
46
46
46
46
46
46
46
46
46
46
46
46
46
46
46
46
46
46
46
46
46
46
46
46
46
46
46
46
46
46
46
46
46
46
46
46
46
46
46
46
46
46
46
46
46
46
46
46
46
46
46
46
46
46
46
46
46
46
46
46
46
46
46
46
46
46
46
46
46
46
46
46
46
46
46
46
46
46
46
46
46
46
46
46
46
46
46
46
46
46
46
46
46
46
46
46
46
46
46
46
46
46
46
46
46
46
46
46
46
46
46
46
46
46
46
46
46
46
46
46
46
46
46
46
46
46
46
46
46
46
46
46
46
46
46
46
46
46
46
46
46
46
46
46
46
46
46
46
46
46
46
46
46
46
46
46
46
46
46
46
46
46
46
46
46
46
46
46
46
46
46
46
46
46
46
46
46
46
46
46
46
46
46
46
46
46
46
46
46
46
46
46
46
46
46
46
46
46
46
46
46
46
46
46
46
46
46
46
46
46
46
46
46
46
46
46
46
46
46
46
46
46
46
46
46
46
46
46
46
46
46
46
46
46
46
46
46
46
46
46
46
46
46
46
46
46
46
32
32
32
32
32
32
32
32
32
32
32
32
32
32
32
32
32
32
32
32
32
32
32
32
32
32
32
32
32
32
32
32
46
46
46
46
46
46
46
46
46
46
46
46
46
46
46
46
46
46
46
46
46
46
46
46
46
46
46
46
46
46
46
46
46
46
46
46
46
46
46
46
46
46
46
46
46
46
46
46
46
46
46
46
46
46
46
46
46
46
46
46
46
46
46
46
46
46
46
46
46
46
46
46
46
46
46
46
46
46
46
46
46
46
46
46
46
46
46
46
46
46
46
46
46
46
46
46
46
46
46
46
46
46
46
46
46
46
46
46
46
46
46
46
46
46
46
46
46
46
46
46
46
46
46
46
46
46
46
46
46
46
46
46
46
46
46
46
46
46
46
46
46
46
46
46
46
46
46
46
46
46
46
46
46
46
46
46
46
46
46
46
46
46
46
46
46
46
46
46
46
46
46
46
46
46
46
46
46
46
46
46
46
46
46
46
46
46
46
46
46
46
46
46
46
46
46
46
46
46
46
46
46
46
46
46
46
46
46
46
46
46
46
46
46
46
46
46
46
46
46
46
46
46
46
46
46
46
46
46
46
46
46
46
46
46
46
46
46
46
46
46
46
46
46
46
46
46
46
46
46
46
46
46
46
46
46
46
46
46
46
46
46
46
46
46
46
46
46
46
46
46
46
46
46
46
46
46
46
46
46
46
46
46
46
46
46
46
46
46
46
46
46
46
46
46
46
46
46
46
46
46
46
46
46
46
46
46
46
46
46
46
46
46
46
46
46
46
46
46
46
46
46
46
46
46
46
46
46
46
46
46
46
46
46
46
46
46
46
46
46
46
46
46
46
46
46
46
46
46
46
46
46
46
46
46
46
46
46
46
46
46
46
46
46
46
46
46
46
46
46
46
46
46
46
46
46
46
46
46
46
46
46
46
46
46
46
46
46
46
46
46
46
46
46
46
46
46
46
46
46
46
46
46
46
46
46
46
46
46
46
46
46
46
46
46
46
46
46
46
46
46
46
46
46
46
46
46
46
46
46
46
46
46
46
46
46
46
46
46
46
46
46
46
46
46
46
46
46
46
46
46
46
46
46
46
46
46
46
46
46
46
46
46
46
46
46
46
46
46
46
46
46
46
46
46
46
46
46
46
46
46
46
46
46
46
46
46
46
46
46
46
46
46
46
46
46
46
46
46
46
46
46
46
46
46
46
46
46
46
46
46
46
46
46
46
46
46
46
46
46
46
46
46
46
46
46
46
46
46
46
46
46
46
46
46
46
46
46
46
46
46
46
46
46
46
46
46
46
46
46
46
46
46
46
46
46
46
46
46
46
46
46
46
46
46
46
46
46
46
46
46
46
46
46
46
46
46
46
46
46
46
46
46
46
46
46
46
46
46
46
46
46
46
46
46
46
46
46
46
46
46
46
46
46
46
46
46
46
46
46
46
46
46
46
46
46
46
46
46
46
46
46
46
46
46
46
46
46
46
46
46
46
46
46
46
46
46
46
46
46
46
32
32
32
32
32
32
32
32
32
32
32
32
32
32
32
32
32
32
32
32
32
32
32
32
32
32
32
32
32
32
32
32
32
32
32
32
32
32
32
32
32
32
32
32
32
32
32
32
32
32
32
32
32
32
32
32
32
32
32
32
32
32
32
32
32
32
32
32
32
32
32
32
32
32
32
32
32
32
32
32
32
32
32
32
32
32
32
32
32
32
32
32
32
32
32
32
32
32
32
32
32
32
32
32
32
32
32
32
32
32
32
32
32
32
32
32
32
32
32
32
32
32
32
32
32
32
32
32
32
32
32
32
32
32
32
32
32
32
32
32
32
32
32
32
32
32
32
32
32
32
32
32
32
32
32
32
32
32
32
32
46
46
46
46
46
46
46
46
46
46
46
46
46
46
46
46
46
46
46
46
46
46
46
46
46
46
46
46
46
46
46
46
46
46
46
46
46
46
46
46
46
46
46
46
46
46
46
46
46
46
46
46
46
46
46
46
46
46
46
46
46
46
46
46
46
46
46
46
46
46
46
46
46
46
46
46
46
46
46
46
46
46
46
46
46
46
46
46
46
46
46
46
46
46
46
46
46
46
46
46
46
46
46
46
46
46
46
46
46
46
46
46
46
46
46
46
46
46
46
46
46
46
46
46
46
46
46
46
46
46
46
46
46
46
46
46
46
46
46
46
46
46
46
46
46
46
46
46
46
46
46
46
46
46
46
46
46
46
46
46
46
46
46
46
46
46
46
46
46
46
46
46
46
46
46
46
46
46
46
46
46
46
46
46
46
46
46
46
46
46
46
46
46
46
46
46
46
46
46
46
46
46
46
46
46
46
46
46
46
46
46
46
46
46
46
46
46
46
46
46
46
46
46
46
46
46
46
46
46
46
46
46
46
46
46
46
46
46
46
46
46
46
46
46
46
46
46
46
46
46
46
46
46
46
46
46
46
46
46
46
46
46
46
46
46
46
46
46
46
46
46
46
46
46
46
46
46
46
46
46
46
46
46
46
46
46
46
46
0
0
0
0
0
0
0
0
0
0
0
0
0
0
0
0
0
0
0
0
0
0
0
0
0
0
0
0
0
0
0
0
0
0
0
0
0
0
0
0
0
0
0
0
0
0
0
0
0
0
0
0
0
0
0
0
0
0
0
0
0
0
0
0
1
1
1
1
1
1
1
1
1
1
1
1
1
1
1
1
1
1
1
1
1
1
1
1
1
1
1
1
1
1
1
1
0
0
0
0
0
0
0
0
0
0
0
0
0
0
0
0
0
0
0
0
0
0
0
0
0
0
0
0
0
0
0
0
0
-9
0
-9
0
-9
0
-9
0
-9
0
-9
0
-9
0
-9
0
-9
0
-9
0
-9
0
-9
0
-9
0
-9
0
-9
0
-9
0
0
0
0
0
0
0
0
0
0
0
0
0
0
0
0
0
0
0
0
0
0
0
0
0
0
0
0
0
0
0
0
0
0
0
0
0
0
0
0
0
0
0
0
0
0
0
0
0
0
0
0
0
0
0
0
0
0
0
0
0
0
0
0
0
0
0
0
0
0
0
0
0
0
0
0
0
0
0
0
0
0
0
0
0
0
0
0
0
0
0
0
0
0
0
0
3
-19
3
-19
3
-19
3
-19
3
-19
3
-19
3
-19
3
-19
3
-19
3
-19
3
-19
3
-19
3
-19
3
-19
3
-19
3
-19
0
0
0
0
0
0
0
0
0
0
0
0
0
0
0
0
0
0
0
0
0
0
0
0
0
0
0
0
0
0
0
0
0
0
0
0
0
0
0
0
0
0
0
0
0
0
0
0
0
0
0
0
0
0
0
0
0
0
0
0
0
0
0
0
0
0
0
0
0
0
0
0
0
0
0
0
0
0
0
0
0
0
0
0
0
0
0
0
0
0
0
0
0
0
0
0
0
0
0
0
0
0
0
0
0
0
0
0
0
0
0
0
0
0
0
0
0
0
0
0
0
0
0
0
0
0
0
0
-1
-1
-1
-1
-1
-1
-1
-1
-1
-1
-1
-1
-1
-1
-1
-1
-1
-1
-1
-1
-1
-1
-1
-1
-1
-1
-1
-1
-1
-1
-1
-1
0
0
0
0
0
0
0
0
0
0
0
0
0
0
0
0
0
0
0
0
0
0
0
0
0
0
0
0
0
0
0
0
0
0
0
0
0
0
0
0
0
0
0
0
0
0
0
0
0
0
0
0
0
0
0
0
0
0
0
0
0
0
0
0
0
0
0
0
0
0
0
0
0
0
0
0
0
0
0
0
0
0
0
0
0
0
0
0
0
0
0
0
0
0
0
0
0
0
0
0
0
0
0
0
0
0
0
0
0
0
0
0
0
0
0
0
0
0
0
0
0
0
0
0
0
0
0
0
0
0
0
0
0
0
0
0
0
0
0
0
0
0
0
0
0
0
0
0
0
0
0
0
0
0
0
0
0
0
0
0
0
0
0
0
0
0
0
0
0
0
0
0
0
0
0
0
0
0
0
0
0
0
0
0
0
0
0
0
0
0
0
0
0
0
0
0
0
0
0
0
0
0
0
0
0
0
0
0
0
0
0
0
0
0
0
0
0
0
0
0
0
0
0
0
0
0
0
0
0
0
0
0
0
0
0
0
0
0
0
0
0
0
0
0
0
0
0
0
0
0
0
0
0
0
0
0
0
0
0
0
0
0
0
0
0
0
0
0
0
0
0
0
0
0
0
0
0
0
0
0
0
0
0
0
0
0
0
0
0
0
0
0
0
0
0
0
0
0
0
0
0
0
0
0
0
0
0
0
0
0
0
0
0
0
0
0
0
0
0
0
0
0
0
0
0
0
0
0
0
0
0
0
0
0
0
0
0
0
0
0
0
0
0
0
0
0
0
0
0
0
0
0
0
0
0
0
0
0
0
0
0
0
0
0
0
0
0
0
0
0
0
0
0
0
0
0
0
0
0
0
0
0
0
0
6
6
6
6
6
6
6
6
6
6
6
6
6
6
6
6
6
6
6
6
6
6
6
6
6
6
6
6
6
6
6
6
0
0
0
0
0
0
0
0
0
0
0
0
0
0
0
0
0
0
0
0
0
0
0
0
0
0
0
0
0
0
0
0
6
6
6
6
6
6
6
6
6
6
6
6
6
6
6
6
6
6
6
6
6
6
6
6
6
6
6
6
6
6
6
6
0
0
0
0
0
0
0
0
0
0
0
0
0
0
0
0
0
0
0
0
0
0
0
0
0
0
0
0
0
0
0
0
6
6
6
6
6
6
6
6
6
6
6
6
6
6
6
6
6
6
6
6
6
6
6
6
6
6
6
6
6
6
6
6
0
0
0
0
0
0
0
0
0
0
0
0
0
0
0
0
0
0
0
0
0
0
0
0
0
0
0
0
0
0
0
0
6
6
6
6
6
6
6
6
6
6
6
6
6
6
6
6
6
6
6
6
6
6
6
6
6
6
6
6
6
6
6
6
0
0
0
0
0
0
0
0
0
0
0
0
0
0
0
0
0
0
0
0
0
0
0
0
0
0
0
0
0
0
0
0
6
6
6
6
6
6
6
6
6
6
6
6
6
6
6
6
6
6
6
6
6
6
6
6
6
6
6
6
6
6
6
6
0
0
0
0
0
0
0
0
0
0
0
0
0
0
0
0
0
0
0
0
0
0
0
0
0
0
0
0
0
0
0
0
6
6
6
6
6
6
6
6
6
6
6
6
6
6
6
6
6
6
6
6
6
6
6
6
6
6
6
6
6
6
6
6
0
0
0
0
0
0
0
0
0
0
0
0
0
0
0
0
0
0
0
0
0
0
0
0
0
0
0
0
0
0
0
0
0
0
0
0
0
0
0
0
0
0
0
0
0
0
0
0
0
0
0
0
0
0
0
0
0
0
0
0
0
0
0
0
11
21
11
21
11
21
11
21
11
21
11
21
11
21
11
21
11
21
11
21
11
21
11
21
11
21
11
21
11
21
11
21
6
6
6
6
6
6
6
6
6
6
6
6
6
6
6
6
6
6
6
6
6
6
6
6
6
6
6
6
6
6
6
6
0
0
0
0
0
0
0
0
0
0
0
0
0
0
0
0
0
0
0
0
0
0
0
0
0
0
0
0
0
0
0
0
6
6
6
6
6
6
6
6
6
6
6
6
6
6
6
6
6
6
6
6
6
6
6
6
6
6
6
6
6
6
6
6
0
0
0
0
0
0
0
0
0
0
0
0
0
0
0
0
0
0
0
0
0
0
0
0
0
0
0
0
0
0
0
0
6
6
6
6
6
6
6
6
6
6
6
6
6
6
6
6
6
6
6
6
6
6
6
6
6
6
6
6
6
6
6
6
0
0
0
0
0
0
0
0
0
0
0
0
0
0
0
0
0
0
0
0
0
0
0
0
0
0
0
0
0
0
0
0
6
6
6
6
6
6
6
6
6
6
6
6
6
6
6
6
6
6
6
6
6
6
6
6
6
6
6
6
6
6
6
6
0
0
0
0
0
0
0
0
0
0
0
0
0
0
0
0
0
0
0
0
0
0
0
0
0
0
0
0
0
0
0
0
6
6
6
6
6
6
6
6
6
6
6
6
6
6
6
6
6
6
6
6
6
6
6
6
6
6
6
6
6
6
6
6
0
0
0
0
0
0
0
0
0
0
0
0
0
0
0
0
0
0
0
0
0
0
0
0
0
0
0
0
0
0
0
0
6
6
6
6
6
6
6
6
6
6
6
6
6
6
6
6
6
6
6
6
6
6
6
6
6
6
6
6
6
6
6
6
0
0
0
0
0
0
0
0
0
0
0
0
0
0
0
0
0
0
0
0
0
0
0
0
0
0
0
0
0
0
0
0
0
0
0
0
0
0
0
0
0
0
0
0
0
0
0
0
0
0
0
0
0
0
0
0
0
0
0
0
0
0
0
0
21
11
21
11
21
11
21
11
21
11
21
11
21
11
21
11
21
11
21
11
21
11
21
11
21
11
21
11
21
11
21
11
0
0
0
0
0
0
0
0
0
0
0
0
0
0
0
0
0
0
0
0
0
0
0
0
0
0
0
0
0
0
0
0
