%pattern_data
3
4
4
0
1
24
0
0
20
0
0
0
0
0
0
0
0
0
0
0
0
0
0
0
0
0
0
-1
-1
303
0
0
0
0
-4
0
87
92
-5
0
1
0
0
0
0
1
0
0
0
0
0
0
0
12
0
269
270
0
0
0
1
1
1
1
1
1
1
1
1
1
1
1
1
1
1
1
1
1
1
1
1
1
1
1
1
1
1
1
1
1
1
1
1
1
1
1
1
1
1
1
1
1
1
1
1
1
1
1
0
0
0
0
0
0
0
0
0
0
0
0
0
0
0
0
0
0
0
0
0
0
0
0
0
0
0
0
0
0
0
0
0
0
0
0
0
0
0
0
-54
-54
-54
-54
-54
-54
-54
-54
153875
337083
505625
672688
841896
1006958
1157479
1348313
1515375
1685396
1870854
2022479
2200438
2359542
2528083
2738146
2895625
3071167
3224729
3370792
3553500
3707875
3907063
4044938
2200438
2359542
2528083
2738146
2895625
3071167
3224729
3370792
3553500
3707875
3907063
4044938
153875
337083
505625
672688
841896
1006958
1157479
1348313
1515375
1685396
1870854
2022479
0
0
0
0
0
0
0
0
0
0
0
0
0
0
0
0
153875
337083
505625
672688
841896
1006958
1157479
1348313
1515375
1685396
1870854
2022479
2200438
2359542
2528083
2738146
2895625
3071167
3224729
3370792
3553500
3707875
3907063
4044938
2200438
2359542
2528083
2738146
2895625
3071167
3224729
3370792
3553500
3707875
3907063
4044938
153875
337083
505625
672688
841896
1006958
1157479
1348313
1515375
1685396
1870854
2022479
0
0
0
0
0
0
0
0
0
0
0
0
0
0
0
0
153875
337083
505625
672688
841896
1006958
1157479
1348313
1515375
1685396
1870854
2022479
2200438
2359542
2528083
2738146
2895625
3071167
3224729
3370792
3553500
3707875
3907063
4044938
2200438
2359542
2528083
2738146
2895625
3071167
3224729
3370792
3553500
3707875
3907063
4044938
153875
337083
505625
672688
841896
1006958
1157479
1348313
1515375
1685396
1870854
2022479
0
0
0
0
0
0
0
0
0
0
0
0
0
0
0
0
153875
337083
505625
672688
841896
1006958
1157479
1348313
1515375
1685396
1870854
2022479
2200438
2359542
2528083
2738146
2895625
3071167
3224729
3370792
3553500
3707875
3907063
4044938
2200438
2359542
2528083
2738146
2895625
3071167
3224729
3370792
3553500
3707875
3907063
4044938
153875
337083
505625
672688
841896
1006958
1157479
1348313
1515375
1685396
1870854
2022479
0
0
0
0
0
0
0
0
0
0
0
0
0
0
0
0
153875
337083
505625
672688
841896
1006958
1157479
1348313
1515375
1685396
1870854
2022479
2200438
2359542
2528083
2738146
2895625
3071167
3224729
3370792
3553500
3707875
3907063
4044938
2200438
2359542
2528083
2738146
2895625
3071167
3224729
3370792
3553500
3707875
3907063
4044938
153875
337083
505625
672688
841896
1006958
1157479
1348313
1515375
1685396
1870854
2022479
0
0
0
0
0
0
0
0
0
0
0
0
0
0
0
0
153875
337083
505625
672688
841896
1006958
1157479
1348313
1515375
1685396
1870854
2022479
2200438
2359542
2528083
2738146
2895625
3071167
3224729
3370792
3553500
3707875
3907063
4044938
2200438
2359542
2528083
2738146
2895625
3071167
3224729
3370792
3553500
3707875
3907063
4044938
153875
337083
505625
672688
841896
1006958
1157479
1348313
1515375
1685396
1870854
2022479
0
0
0
0
0
0
0
0
0
0
0
0
0
0
0
0
153875
337083
505625
672688
841896
1006958
1157479
1348313
1515375
1685396
1870854
2022479
2200438
2359542
2528083
2738146
2895625
3071167
3224729
3370792
3553500
3707875
3907063
4044938
2200438
2359542
2528083
2738146
2895625
3071167
3224729
3370792
3553500
3707875
3907063
4044938
153875
337083
505625
672688
841896
1006958
1157479
1348313
1515375
1685396
1870854
2022479
0
0
0
0
0
0
0
0
0
0
0
0
0
0
0
0
153875
337083
505625
672688
841896
1006958
1157479
1348313
1515375
1685396
1870854
2022479
2200438
2359542
2528083
2738146
2895625
3071167
3224729
3370792
3553500
3707875
3907063
4044938
2200438
2359542
2528083
2738146
2895625
3071167
3224729
3370792
3553500
3707875
3907063
4044938
153875
337083
505625
672688
841896
1006958
1157479
1348313
1515375
1685396
1870854
2022479
0
0
0
0
0
0
0
0
0
0
0
0
0
0
0
0
153875
337083
505625
672688
841896
1006958
1157479
1348313
1515375
1685396
1870854
2022479
2200438
2359542
2528083
2738146
2895625
3071167
3224729
3370792
3553500
3707875
3907063
4044938
2200438
2359542
2528083
2738146
2895625
3071167
3224729
3370792
3553500
3707875
3907063
4044938
153875
337083
505625
672688
841896
1006958
1157479
1348313
1515375
1685396
1870854
2022479
0
0
0
0
0
0
0
0
0
0
0
0
0
0
0
0
153875
337083
505625
672688
841896
1006958
1157479
1348313
1515375
1685396
1870854
2022479
2200438
2359542
2528083
2738146
2895625
3071167
3224729
3370792
3553500
3707875
3907063
4044938
2200438
2359542
2528083
2738146
2895625
3071167
3224729
3370792
3553500
3707875
3907063
4044938
153875
337083
505625
672688
841896
1006958
1157479
1348313
1515375
1685396
1870854
2022479
0
0
0
0
0
0
0
0
0
0
0
0
0
0
0
0
153875
337083
505625
672688
841896
1006958
1157479
1348313
1515375
1685396
1870854
2022479
2200438
2359542
2528083
2738146
2895625
3071167
3224729
3370792
3553500
3707875
3907063
4044938
2200438
2359542
2528083
2738146
2895625
3071167
3224729
3370792
3553500
3707875
3907063
4044938
153875
337083
505625
672688
841896
1006958
1157479
1348313
1515375
1685396
1870854
2022479
0
0
0
0
0
0
0
0
0
0
0
0
0
0
0
0
153875
337083
505625
672688
841896
1006958
1157479
1348313
1515375
1685396
1870854
2022479
2200438
2359542
2528083
2738146
2895625
3071167
3224729
3370792
3553500
3707875
3907063
4044938
2200438
2359542
2528083
2738146
2895625
3071167
3224729
3370792
3553500
3707875
3907063
4044938
153875
337083
505625
672688
841896
1006958
1157479
1348313
1515375
1685396
1870854
2022479
14147479
14423083
14725938
15000000
15323542
15576917
15908438
16153854
16460708
16730771
17052667
17307688
17596146
17884625
18208917
18461542
153875
337083
505625
672688
841896
1006958
1157479
1348313
1515375
1685396
1870854
2022479
2200438
2359542
2528083
2738146
2895625
3071167
3224729
3370792
3553500
3707875
3907063
4044938
2200438
2359542
2528083
2738146
2895625
3071167
3224729
3370792
3553500
3707875
3907063
4044938
153875
337083
505625
672688
841896
1006958
1157479
1348313
1515375
1685396
1870854
2022479
14158917
14423083
14742042
15000000
15324229
15576917
15879917
16153854
16449625
16730771
17045875
17307688
17596146
17884625
18196458
18461542
153875
337083
505625
672688
841896
1006958
1157479
1348313
1515375
1685396
1870854
2022479
2200438
2359542
2528083
2738146
2895625
3071167
3224729
3370792
3553500
3707875
3907063
4044938
2200438
2359542
2528083
2738146
2895625
3071167
3224729
3370792
3553500
3707875
3907063
4044938
153875
337083
505625
672688
841896
1006958
1157479
1348313
1515375
1685396
1870854
2022479
14182208
14423083
14750854
15000000
15328438
15576917
15896500
16153854
16499833
16730771
17037708
17307688
17596146
17884625
18202396
18461542
153875
337083
505625
672688
841896
1006958
1157479
1348313
1515375
1685396
1870854
2022479
2200438
2359542
2528083
2738146
2895625
3071167
3224729
3370792
3553500
3707875
3907063
4044938
2200438
2359542
2528083
2738146
2895625
3071167
3224729
3370792
3553500
3707875
3907063
4044938
153875
337083
505625
672688
841896
1006958
1157479
1348313
1515375
1685396
1870854
2022479
14153792
14423083
14750833
15000000
15327896
15576917
15896792
16153854
16472438
16730771
17062104
17307688
17596146
17884625
18165146
18461542
153875
337083
505625
672688
841896
1006958
1157479
1348313
1515375
1685396
1870854
2022479
2200438
2359542
2528083
2738146
2895625
3071167
3224729
3370792
3553500
3707875
3907063
4044938
2200438
2359542
2528083
2738146
2895625
3071167
3224729
3370792
3553500
3707875
3907063
4044938
153875
337083
505625
672688
841896
1006958
1157479
1348313
1515375
1685396
1870854
2022479
14166500
14423083
14718146
15000000
15311646
15576917
15915583
16153854
16499292
16730771
17081521
17307688
17596146
17884625
18182375
18461542
153875
337083
505625
672688
841896
1006958
1157479
1348313
1515375
1685396
1870854
2022479
2200438
2359542
2528083
2738146
2895625
3071167
3224729
3370792
3553500
3707875
3907063
4044938
2200438
2359542
2528083
2738146
2895625
3071167
3224729
3370792
3553500
3707875
3907063
4044938
153875
337083
505625
672688
841896
1006958
1157479
1348313
1515375
1685396
1870854
2022479
14151938
14423083
14734875
15000000
15309729
15576917
15889750
16153854
16484938
16730771
17046604
17307688
17596146
17884625
18192167
18461542
153875
337083
505625
672688
841896
1006958
1157479
1348313
1515375
1685396
1870854
2022479
2200438
2359542
2528083
2738146
2895625
3071167
3224729
3370792
3553500
3707875
3907063
4044938
2200438
2359542
2528083
2738146
2895625
3071167
3224729
3370792
3553500
3707875
3907063
4044938
153875
337083
505625
672688
841896
1006958
1157479
1348313
1515375
1685396
1870854
2022479
14166813
14423083
14742625
15000000
15309750
15576917
15880958
16153854
16444583
16730771
17052729
17307688
17596146
17884625
18181875
18461542
153875
337083
505625
672688
841896
1006958
1157479
1348313
1515375
1685396
1870854
2022479
2200438
2359542
2528083
2738146
2895625
3071167
3224729
3370792
3553500
3707875
3907063
4044938
2200438
2359542
2528083
2738146
2895625
3071167
3224729
3370792
3553500
3707875
3907063
4044938
153875
337083
505625
672688
841896
1006958
1157479
1348313
1515375
1685396
1870854
2022479
14181063
14423083
14757083
15000000
15329781
15576917
15928391
16153854
16495313
16730771
17044375
17307688
17596146
17884625
18173104
18461542
153875
337083
505625
672688
841896
1006958
1157479
1348313
1515375
1685396
1870854
2022479
2200438
2359542
2528083
2738146
2895625
3071167
3224729
3370792
3553500
3707875
3907063
4044938
2200438
2359542
2528083
2738146
2895625
3071167
3224729
3370792
3553500
3707875
3907063
4044938
153875
337083
505625
672688
841896
1006958
1157479
1348313
1515375
1685396
1870854
2022479
14140917
14423083
14704083
15000000
15289896
15576917
15887771
16153854
16461979
16730771
17064500
17307688
17596146
17884625
18186813
18461542
153875
337083
505625
672688
841896
1006958
1157479
1348313
1515375
1685396
1870854
2022479
2200438
2359542
2528083
2738146
2895625
3071167
3224729
3370792
3553500
3707875
3907063
4044938
2200438
2359542
2528083
2738146
2895625
3071167
3224729
3370792
3553500
3707875
3907063
4044938
153875
337083
505625
672688
841896
1006958
1157479
1348313
1515375
1685396
1870854
2022479
0
0
0
0
0
0
0
0
0
0
0
0
0
0
0
0
153875
337083
505625
672688
841896
1006958
1157479
1348313
1515375
1685396
1870854
2022479
2200438
2359542
2528083
2738146
2895625
3071167
3224729
3370792
3553500
3707875
3907063
4044938
2200438
2359542
2528083
2738146
2895625
3071167
3224729
3370792
3553500
3707875
3907063
4044938
153875
337083
505625
672688
841896
1006958
1157479
1348313
1515375
1685396
1870854
2022479
0
0
0
0
0
0
0
0
0
0
0
0
0
0
0
0
153875
337083
505625
672688
841896
1006958
1157479
1348313
1515375
1685396
1870854
2022479
2200438
2359542
2528083
2738146
2895625
3071167
3224729
3370792
3553500
3707875
3907063
4044938
2200438
2359542
2528083
2738146
2895625
3071167
3224729
3370792
3553500
3707875
3907063
4044938
153875
337083
505625
672688
841896
1006958
1157479
1348313
1515375
1685396
1870854
2022479
0
0
0
0
0
0
0
0
0
0
0
0
0
0
0
0
153875
337083
505625
672688
841896
1006958
1157479
1348313
1515375
1685396
1870854
2022479
2200438
2359542
2528083
2738146
2895625
3071167
3224729
3370792
3553500
3707875
3907063
4044938
2200438
2359542
2528083
2738146
2895625
3071167
3224729
3370792
3553500
3707875
3907063
4044938
153875
337083
505625
672688
841896
1006958
1157479
1348313
1515375
1685396
1870854
2022479
0
0
0
0
0
0
0
0
0
0
0
0
0
0
0
0
153875
337083
505625
672688
841896
1006958
1157479
1348313
1515375
1685396
1870854
2022479
2200438
2359542
2528083
2738146
2895625
3071167
3224729
3370792
3553500
3707875
3907063
4044938
2200438
2359542
2528083
2738146
2895625
3071167
3224729
3370792
3553500
3707875
3907063
4044938
153875
337083
505625
672688
841896
1006958
1157479
1348313
1515375
1685396
1870854
2022479
0
0
0
0
0
0
0
0
0
0
0
0
0
0
0
0
153875
337083
505625
672688
841896
1006958
1157479
1348313
1515375
1685396
1870854
2022479
2200438
2359542
2528083
2738146
2895625
3071167
3224729
3370792
3553500
3707875
3907063
4044938
2200438
2359542
2528083
2738146
2895625
3071167
3224729
3370792
3553500
3707875
3907063
4044938
153875
337083
505625
672688
841896
1006958
1157479
1348313
1515375
1685396
1870854
2022479
0
0
0
0
0
0
0
0
0
0
0
0
0
0
0
0
153875
337083
505625
672688
841896
1006958
1157479
1348313
1515375
1685396
1870854
2022479
2200438
2359542
2528083
2738146
2895625
3071167
3224729
3370792
3553500
3707875
3907063
4044938
2200438
2359542
2528083
2738146
2895625
3071167
3224729
3370792
3553500
3707875
3907063
4044938
153875
337083
505625
672688
841896
1006958
1157479
1348313
1515375
1685396
1870854
2022479
0
0
0
0
0
0
0
0
0
0
0
0
0
0
0
0
153875
337083
505625
672688
841896
1006958
1157479
1348313
1515375
1685396
1870854
2022479
2200438
2359542
2528083
2738146
2895625
3071167
3224729
3370792
3553500
3707875
3907063
4044938
2200438
2359542
2528083
2738146
2895625
3071167
3224729
3370792
3553500
3707875
3907063
4044938
153875
337083
505625
672688
841896
1006958
1157479
1348313
1515375
1685396
1870854
2022479
0
0
0
0
0
0
0
0
0
0
0
0
0
0
0
0
153875
337083
505625
672688
841896
1006958
1157479
1348313
1515375
1685396
1870854
2022479
2200438
2359542
2528083
2738146
2895625
3071167
3224729
3370792
3553500
3707875
3907063
4044938
2200438
2359542
2528083
2738146
2895625
3071167
3224729
3370792
3553500
3707875
3907063
4044938
153875
337083
505625
672688
841896
1006958
1157479
1348313
1515375
1685396
1870854
2022479
0
0
0
0
0
0
0
0
0
0
0
0
0
0
0
0
153875
337083
505625
672688
841896
1006958
1157479
1348313
1515375
1685396
1870854
2022479
2200438
2359542
2528083
2738146
2895625
3071167
3224729
3370792
3553500
3707875
3907063
4044938
2200438
2359542
2528083
2738146
2895625
3071167
3224729
3370792
3553500
3707875
3907063
4044938
153875
337083
505625
672688
841896
1006958
1157479
1348313
1515375
1685396
1870854
2022479
0
0
0
0
0
0
0
0
0
0
0
0
0
0
0
0
153875
337083
505625
672688
841896
1006958
1157479
1348313
1515375
1685396
1870854
2022479
2200438
2359542
2528083
2738146
2895625
3071167
3224729
3370792
3553500
3707875
3907063
4044938
2200438
2359542
2528083
2738146
2895625
3071167
3224729
3370792
3553500
3707875
3907063
4044938
153875
337083
505625
672688
841896
1006958
1157479
1348313
1515375
1685396
1870854
2022479
0
0
0
0
0
0
0
0
0
0
0
0
0
0
0
0
153875
337083
505625
672688
841896
1006958
1157479
1348313
1515375
1685396
1870854
2022479
2200438
2359542
2528083
2738146
2895625
3071167
3224729
3370792
3553500
3707875
3907063
4044938
2200438
2359542
2528083
2738146
2895625
3071167
3224729
3370792
3553500
3707875
3907063
4044938
153875
337083
505625
672688
841896
1006958
1157479
1348313
1515375
1685396
1870854
2022479
8388333
8522729
8713500
8863646
9057188
9204542
9392354
9545458
9729938
9886354
10076458
10227271
10397729
10568188
10771000
10909083
153875
337083
505625
672688
841896
1006958
1157479
1348313
1515375
1685396
1870854
2022479
2200438
2359542
2528083
2738146
2895625
3071167
3224729
3370792
3553500
3707875
3907063
4044938
2200438
2359542
2528083
2738146
2895625
3071167
3224729
3370792
3553500
3707875
3907063
4044938
153875
337083
505625
672688
841896
1006958
1157479
1348313
1515375
1685396
1870854
2022479
8357271
8522729
8699563
8863646
9044271
9204542
9387229
9545458
9737521
9886354
10080438
10227271
10397729
10568188
10756646
10909083
153875
337083
505625
672688
841896
1006958
1157479
1348313
1515375
1685396
1870854
2022479
2200438
2359542
2528083
2738146
2895625
3071167
3224729
3370792
3553500
3707875
3907063
4044938
2200438
2359542
2528083
2738146
2895625
3071167
3224729
3370792
3553500
3707875
3907063
4044938
153875
337083
505625
672688
841896
1006958
1157479
1348313
1515375
1685396
1870854
2022479
8357750
8522729
8696729
8863646
9032958
9204542
9402875
9545458
9746479
9886354
10089188
10227271
10397729
10568188
10775021
10909083
153875
337083
505625
672688
841896
1006958
1157479
1348313
1515375
1685396
1870854
2022479
2200438
2359542
2528083
2738146
2895625
3071167
3224729
3370792
3553500
3707875
3907063
4044938
2200438
2359542
2528083
2738146
2895625
3071167
3224729
3370792
3553500
3707875
3907063
4044938
153875
337083
505625
672688
841896
1006958
1157479
1348313
1515375
1685396
1870854
2022479
8394021
8522729
8727828
8863646
9057979
9204542
9408083
9545458
9736271
9886354
10077563
10227271
10397729
10568188
10761583
10909083
153875
337083
505625
672688
841896
1006958
1157479
1348313
1515375
1685396
1870854
2022479
2200438
2359542
2528083
2738146
2895625
3071167
3224729
3370792
3553500
3707875
3907063
4044938
2200438
2359542
2528083
2738146
2895625
3071167
3224729
3370792
3553500
3707875
3907063
4044938
153875
337083
505625
672688
841896
1006958
1157479
1348313
1515375
1685396
1870854
2022479
8397521
8522729
8736979
8863646
9078479
9204542
9421729
9545458
9762667
9886354
10098313
10227271
10397729
10568188
10761188
10909083
153875
337083
505625
672688
841896
1006958
1157479
1348313
1515375
1685396
1870854
2022479
2200438
2359542
2528083
2738146
2895625
3071167
3224729
3370792
3553500
3707875
3907063
4044938
2200438
2359542
2528083
2738146
2895625
3071167
3224729
3370792
3553500
3707875
3907063
4044938
153875
337083
505625
672688
841896
1006958
1157479
1348313
1515375
1685396
1870854
2022479
8387438
8522729
8724958
8863646
9063042
9204542
9394708
9545458
9725813
9886354
10062104
10227271
10397729
10568188
10773354
10909083
153875
337083
505625
672688
841896
1006958
1157479
1348313
1515375
1685396
1870854
2022479
2200438
2359542
2528083
2738146
2895625
3071167
3224729
3370792
3553500
3707875
3907063
4044938
2200438
2359542
2528083
2738146
2895625
3071167
3224729
3370792
3553500
3707875
3907063
4044938
153875
337083
505625
672688
841896
1006958
1157479
1348313
1515375
1685396
1870854
2022479
8377979
8522729
8713313
8863646
9046104
9204542
9399125
9545458
9742583
9886354
10089417
10227271
10397729
10568188
10782917
10909083
153875
337083
505625
672688
841896
1006958
1157479
1348313
1515375
1685396
1870854
2022479
2200438
2359542
2528083
2738146
2895625
3071167
3224729
3370792
3553500
3707875
3907063
4044938
2200438
2359542
2528083
2738146
2895625
3071167
3224729
3370792
3553500
3707875
3907063
4044938
153875
337083
505625
672688
841896
1006958
1157479
1348313
1515375
1685396
1870854
2022479
8373333
8522729
8713438
8863646
9055833
9204542
9389729
9545458
9744271
9886354
10081938
10227271
10397729
10568188
10787958
10909083
153875
337083
505625
672688
841896
1006958
1157479
1348313
1515375
1685396
1870854
2022479
2200438
2359542
2528083
2738146
2895625
3071167
3224729
3370792
3553500
3707875
3907063
4044938
2200438
2359542
2528083
2738146
2895625
3071167
3224729
3370792
3553500
3707875
3907063
4044938
153875
337083
505625
672688
841896
1006958
1157479
1348313
1515375
1685396
1870854
2022479
8372771
8522729
8720917
8863646
9057292
9204542
9392875
9545458
9716521
9886354
10066646
10227271
10397729
10568188
10780708
10909083
21693
20000
20000
21937
1
11335
16141
20000
18680
20000
2096
20000
29785
20000
20000
17776
30258
10991
26944
20000
19799
20000
2626
20000
29785
20000
20000
17776
30258
10991
26944
20000
19799
20000
2626
20000
21693
20000
20000
21937
1
11335
16141
20000
18680
20000
2096
20000
0
0
0
0
0
0
0
0
0
0
0
0
0
0
0
0
21693
20000
20000
21937
1
11335
16141
20000
18680
20000
2096
20000
29785
20000
20000
17776
30258
10991
26944
20000
19799
20000
2626
20000
29785
20000
20000
17776
30258
10991
26944
20000
19799
20000
2626
20000
21693
20000
20000
21937
1
11335
16141
20000
18680
20000
2096
20000
0
0
0
0
0
0
0
0
0
0
0
0
0
0
0
0
21693
20000
20000
21937
1
11335
16141
20000
18680
20000
2096
20000
29785
20000
20000
17776
30258
10991
26944
20000
19799
20000
2626
20000
29785
20000
20000
17776
30258
10991
26944
20000
19799
20000
2626
20000
21693
20000
20000
21937
1
11335
16141
20000
18680
20000
2096
20000
0
0
0
0
0
0
0
0
0
0
0
0
0
0
0
0
21693
20000
20000
21937
1
11335
16141
20000
18680
20000
2096
20000
29785
20000
20000
17776
30258
10991
26944
20000
19799
20000
2626
20000
29785
20000
20000
17776
30258
10991
26944
20000
19799
20000
2626
20000
21693
20000
20000
21937
1
11335
16141
20000
18680
20000
2096
20000
0
0
0
0
0
0
0
0
0
0
0
0
0
0
0
0
21693
20000
20000
21937
1
11335
16141
20000
18680
20000
2096
20000
29785
20000
20000
17776
30258
10991
26944
20000
19799
20000
2626
20000
29785
20000
20000
17776
30258
10991
26944
20000
19799
20000
2626
20000
21693
20000
20000
21937
1
11335
16141
20000
18680
20000
2096
20000
0
0
0
0
0
0
0
0
0
0
0
0
0
0
0
0
21693
20000
20000
21937
1
11335
16141
20000
18680
20000
2096
20000
29785
20000
20000
17776
30258
10991
26944
20000
19799
20000
2626
20000
29785
20000
20000
17776
30258
10991
26944
20000
19799
20000
2626
20000
21693
20000
20000
21937
1
11335
16141
20000
18680
20000
2096
20000
0
0
0
0
0
0
0
0
0
0
0
0
0
0
0
0
21693
20000
20000
21937
1
11335
16141
20000
18680
20000
2096
20000
29785
20000
20000
17776
30258
10991
26944
20000
19799
20000
2626
20000
29785
20000
20000
17776
30258
10991
26944
20000
19799
20000
2626
20000
21693
20000
20000
21937
1
11335
16141
20000
18680
20000
2096
20000
0
0
0
0
0
0
0
0
0
0
0
0
0
0
0
0
21693
20000
20000
21937
1
11335
16141
20000
18680
20000
2096
20000
29785
20000
20000
17776
30258
10991
26944
20000
19799
20000
2626
20000
29785
20000
20000
17776
30258
10991
26944
20000
19799
20000
2626
20000
21693
20000
20000
21937
1
11335
16141
20000
18680
20000
2096
20000
0
0
0
0
0
0
0
0
0
0
0
0
0
0
0
0
21693
20000
20000
21937
1
11335
16141
20000
18680
20000
2096
20000
29785
20000
20000
17776
30258
10991
26944
20000
19799
20000
2626
20000
29785
20000
20000
17776
30258
10991
26944
20000
19799
20000
2626
20000
21693
20000
20000
21937
1
11335
16141
20000
18680
20000
2096
20000
0
0
0
0
0
0
0
0
0
0
0
0
0
0
0
0
21693
20000
20000
21937
1
11335
16141
20000
18680
20000
2096
20000
29785
20000
20000
17776
30258
10991
26944
20000
19799
20000
2626
20000
29785
20000
20000
17776
30258
10991
26944
20000
19799
20000
2626
20000
21693
20000
20000
21937
1
11335
16141
20000
18680
20000
2096
20000
0
0
0
0
0
0
0
0
0
0
0
0
0
0
0
0
21693
20000
20000
21937
1
11335
16141
20000
18680
20000
2096
20000
29785
20000
20000
17776
30258
10991
26944
20000
19799
20000
2626
20000
29785
20000
20000
17776
30258
10991
26944
20000
19799
20000
2626
20000
21693
20000
20000
21937
1
11335
16141
20000
18680
20000
2096
20000
0
0
0
0
0
0
0
0
0
0
0
0
0
0
0
0
21693
20000
20000
21937
1
11335
16141
20000
18680
20000
2096
20000
29785
20000
20000
17776
30258
10991
26944
20000
19799
20000
2626
20000
29785
20000
20000
17776
30258
10991
26944
20000
19799
20000
2626
20000
21693
20000
20000
21937
1
11335
16141
20000
18680
20000
2096
20000
3811
0
3583
0
3164
0
1966
0
1851
0
5553
0
0
0
105
0
21693
20000
20000
21937
1
11335
16141
20000
18680
20000
2096
20000
29785
20000
20000
17776
30258
10991
26944
20000
19799
20000
2626
20000
29785
20000
20000
17776
30258
10991
26944
20000
19799
20000
2626
20000
21693
20000
20000
21937
1
11335
16141
20000
18680
20000
2096
20000
3648
0
4042
0
4849
0
4058
0
3992
0
5452
0
0
0
695
0
21693
20000
20000
21937
1
11335
16141
20000
18680
20000
2096
20000
29785
20000
20000
17776
30258
10991
26944
20000
19799
20000
2626
20000
29785
20000
20000
17776
30258
10991
26944
20000
19799
20000
2626
20000
21693
20000
20000
21937
1
11335
16141
20000
18680
20000
2096
20000
5671
0
6944
0
5029
0
6879
0
6159
0
8596
0
0
0
1
0
21693
20000
20000
21937
1
11335
16141
20000
18680
20000
2096
20000
29785
20000
20000
17776
30258
10991
26944
20000
19799
20000
2626
20000
29785
20000
20000
17776
30258
10991
26944
20000
19799
20000
2626
20000
21693
20000
20000
21937
1
11335
16141
20000
18680
20000
2096
20000
5317
0
6367
0
6172
0
6047
0
7478
0
8435
0
0
0
1518
0
21693
20000
20000
21937
1
11335
16141
20000
18680
20000
2096
20000
29785
20000
20000
17776
30258
10991
26944
20000
19799
20000
2626
20000
29785
20000
20000
17776
30258
10991
26944
20000
19799
20000
2626
20000
21693
20000
20000
21937
1
11335
16141
20000
18680
20000
2096
20000
7017
0
6668
0
7481
0
6714
0
7091
0
7764
0
0
0
1
0
21693
20000
20000
21937
1
11335
16141
20000
18680
20000
2096
20000
29785
20000
20000
17776
30258
10991
26944
20000
19799
20000
2626
20000
29785
20000
20000
17776
30258
10991
26944
20000
19799
20000
2626
20000
21693
20000
20000
21937
1
11335
16141
20000
18680
20000
2096
20000
6595
0
5740
0
6334
0
5996
0
6063
0
6726
0
0
0
1
0
21693
20000
20000
21937
1
11335
16141
20000
18680
20000
2096
20000
29785
20000
20000
17776
30258
10991
26944
20000
19799
20000
2626
20000
29785
20000
20000
17776
30258
10991
26944
20000
19799
20000
2626
20000
21693
20000
20000
21937
1
11335
16141
20000
18680
20000
2096
20000
8839
0
9140
0
8423
0
8802
0
7539
0
9160
0
0
0
1
0
21693
20000
20000
21937
1
11335
16141
20000
18680
20000
2096
20000
29785
20000
20000
17776
30258
10991
26944
20000
19799
20000
2626
20000
29785
20000
20000
17776
30258
10991
26944
20000
19799
20000
2626
20000
21693
20000
20000
21937
1
11335
16141
20000
18680
20000
2096
20000
7665
0
7342
0
7322
0
7147
0
7930
0
8852
0
0
0
20
0
21693
20000
20000
21937
1
11335
16141
20000
18680
20000
2096
20000
29785
20000
20000
17776
30258
10991
26944
20000
19799
20000
2626
20000
29785
20000
20000
17776
30258
10991
26944
20000
19799
20000
2626
20000
21693
20000
20000
21937
1
11335
16141
20000
18680
20000
2096
20000
7124
0
8853
0
8683
0
6779
0
8043
0
10000
0
0
0
1
0
21693
20000
20000
21937
1
11335
16141
20000
18680
20000
2096
20000
29785
20000
20000
17776
30258
10991
26944
20000
19799
20000
2626
20000
29785
20000
20000
17776
30258
10991
26944
20000
19799
20000
2626
20000
21693
20000
20000
21937
1
11335
16141
20000
18680
20000
2096
20000
0
0
0
0
0
0
0
0
0
0
0
0
0
0
0
0
21693
20000
20000
21937
1
11335
16141
20000
18680
20000
2096
20000
29785
20000
20000
17776
30258
10991
26944
20000
19799
20000
2626
20000
29785
20000
20000
17776
30258
10991
26944
20000
19799
20000
2626
20000
21693
20000
20000
21937
1
11335
16141
20000
18680
20000
2096
20000
0
0
0
0
0
0
0
0
0
0
0
0
0
0
0
0
21693
20000
20000
21937
1
11335
16141
20000
18680
20000
2096
20000
29785
20000
20000
17776
30258
10991
26944
20000
19799
20000
2626
20000
29785
20000
20000
17776
30258
10991
26944
20000
19799
20000
2626
20000
21693
20000
20000
21937
1
11335
16141
20000
18680
20000
2096
20000
0
0
0
0
0
0
0
0
0
0
0
0
0
0
0
0
21693
20000
20000
21937
1
11335
16141
20000
18680
20000
2096
20000
29785
20000
20000
17776
30258
10991
26944
20000
19799
20000
2626
20000
29785
20000
20000
17776
30258
10991
26944
20000
19799
20000
2626
20000
21693
20000
20000
21937
1
11335
16141
20000
18680
20000
2096
20000
0
0
0
0
0
0
0
0
0
0
0
0
0
0
0
0
21693
20000
20000
21937
1
11335
16141
20000
18680
20000
2096
20000
29785
20000
20000
17776
30258
10991
26944
20000
19799
20000
2626
20000
29785
20000
20000
17776
30258
10991
26944
20000
19799
20000
2626
20000
21693
20000
20000
21937
1
11335
16141
20000
18680
20000
2096
20000
0
0
0
0
0
0
0
0
0
0
0
0
0
0
0
0
21693
20000
20000
21937
1
11335
16141
20000
18680
20000
2096
20000
29785
20000
20000
17776
30258
10991
26944
20000
19799
20000
2626
20000
29785
20000
20000
17776
30258
10991
26944
20000
19799
20000
2626
20000
21693
20000
20000
21937
1
11335
16141
20000
18680
20000
2096
20000
0
0
0
0
0
0
0
0
0
0
0
0
0
0
0
0
21693
20000
20000
21937
1
11335
16141
20000
18680
20000
2096
20000
29785
20000
20000
17776
30258
10991
26944
20000
19799
20000
2626
20000
29785
20000
20000
17776
30258
10991
26944
20000
19799
20000
2626
20000
21693
20000
20000
21937
1
11335
16141
20000
18680
20000
2096
20000
0
0
0
0
0
0
0
0
0
0
0
0
0
0
0
0
21693
20000
20000
21937
1
11335
16141
20000
18680
20000
2096
20000
29785
20000
20000
17776
30258
10991
26944
20000
19799
20000
2626
20000
29785
20000
20000
17776
30258
10991
26944
20000
19799
20000
2626
20000
21693
20000
20000
21937
1
11335
16141
20000
18680
20000
2096
20000
0
0
0
0
0
0
0
0
0
0
0
0
0
0
0
0
21693
20000
20000
21937
1
11335
16141
20000
18680
20000
2096
20000
29785
20000
20000
17776
30258
10991
26944
20000
19799
20000
2626
20000
29785
20000
20000
17776
30258
10991
26944
20000
19799
20000
2626
20000
21693
20000
20000
21937
1
11335
16141
20000
18680
20000
2096
20000
0
0
0
0
0
0
0
0
0
0
0
0
0
0
0
0
21693
20000
20000
21937
1
11335
16141
20000
18680
20000
2096
20000
29785
20000
20000
17776
30258
10991
26944
20000
19799
20000
2626
20000
29785
20000
20000
17776
30258
10991
26944
20000
19799
20000
2626
20000
21693
20000
20000
21937
1
11335
16141
20000
18680
20000
2096
20000
0
0
0
0
0
0
0
0
0
0
0
0
0
0
0
0
21693
20000
20000
21937
1
11335
16141
20000
18680
20000
2096
20000
29785
20000
20000
17776
30258
10991
26944
20000
19799
20000
2626
20000
29785
20000
20000
17776
30258
10991
26944
20000
19799
20000
2626
20000
21693
20000
20000
21937
1
11335
16141
20000
18680
20000
2096
20000
0
0
0
0
0
0
0
0
0
0
0
0
0
0
0
0
21693
20000
20000
21937
1
11335
16141
20000
18680
20000
2096
20000
29785
20000
20000
17776
30258
10991
26944
20000
19799
20000
2626
20000
29785
20000
20000
17776
30258
10991
26944
20000
19799
20000
2626
20000
21693
20000
20000
21937
1
11335
16141
20000
18680
20000
2096
20000
6571
0
6733
0
6771
0
4322
0
5922
0
6910
0
0
0
2582
0
21693
20000
20000
21937
1
11335
16141
20000
18680
20000
2096
20000
29785
20000
20000
17776
30258
10991
26944
20000
19799
20000
2626
20000
29785
20000
20000
17776
30258
10991
26944
20000
19799
20000
2626
20000
21693
20000
20000
21937
1
11335
16141
20000
18680
20000
2096
20000
3121
0
4884
0
4558
0
4045
0
4283
0
5997
0
0
0
1892
0
21693
20000
20000
21937
1
11335
16141
20000
18680
20000
2096
20000
29785
20000
20000
17776
30258
10991
26944
20000
19799
20000
2626
20000
29785
20000
20000
17776
30258
10991
26944
20000
19799
20000
2626
20000
21693
20000
20000
21937
1
11335
16141
20000
18680
20000
2096
20000
6371
0
6408
0
8164
0
6339
0
7607
0
10000
0
0
0
1000
0
21693
20000
20000
21937
1
11335
16141
20000
18680
20000
2096
20000
29785
20000
20000
17776
30258
10991
26944
20000
19799
20000
2626
20000
29785
20000
20000
17776
30258
10991
26944
20000
19799
20000
2626
20000
21693
20000
20000
21937
1
11335
16141
20000
18680
20000
2096
20000
4545
0
6131
0
3661
0
5600
0
4867
0
5705
0
0
0
850
0
21693
20000
20000
21937
1
11335
16141
20000
18680
20000
2096
20000
29785
20000
20000
17776
30258
10991
26944
20000
19799
20000
2626
20000
29785
20000
20000
17776
30258
10991
26944
20000
19799
20000
2626
20000
21693
20000
20000
21937
1
11335
16141
20000
18680
20000
2096
20000
5041
0
5815
0
5702
0
5876
0
5558
0
4535
0
0
0
1
0
21693
20000
20000
21937
1
11335
16141
20000
18680
20000
2096
20000
29785
20000
20000
17776
30258
10991
26944
20000
19799
20000
2626
20000
29785
20000
20000
17776
30258
10991
26944
20000
19799
20000
2626
20000
21693
20000
20000
21937
1
11335
16141
20000
18680
20000
2096
20000
5983
0
7233
0
7470
0
8353
0
8978
0
10000
0
0
0
459
0
21693
20000
20000
21937
1
11335
16141
20000
18680
20000
2096
20000
29785
20000
20000
17776
30258
10991
26944
20000
19799
20000
2626
20000
29785
20000
20000
17776
30258
10991
26944
20000
19799
20000
2626
20000
21693
20000
20000
21937
1
11335
16141
20000
18680
20000
2096
20000
6372
0
5381
0
6721
0
5457
0
6712
0
7691
0
0
0
161
0
21693
20000
20000
21937
1
11335
16141
20000
18680
20000
2096
20000
29785
20000
20000
17776
30258
10991
26944
20000
19799
20000
2626
20000
29785
20000
20000
17776
30258
10991
26944
20000
19799
20000
2626
20000
21693
20000
20000
21937
1
11335
16141
20000
18680
20000
2096
20000
6456
0
6320
0
7088
0
6689
0
7534
0
6500
0
0
0
1
0
21693
20000
20000
21937
1
11335
16141
20000
18680
20000
2096
20000
29785
20000
20000
17776
30258
10991
26944
20000
19799
20000
2626
20000
29785
20000
20000
17776
30258
10991
26944
20000
19799
20000
2626
20000
21693
20000
20000
21937
1
11335
16141
20000
18680
20000
2096
20000
6642
0
6973
0
6247
0
6865
0
6843
0
6586
0
0
0
774
0
46
46
46
46
46
46
46
46
46
46
46
46
46
46
46
46
46
46
46
46
46
46
46
46
46
46
46
46
46
46
46
46
46
46
46
46
46
46
46
46
46
46
46
46
46
46
46
46
46
46
46
46
46
46
46
46
46
46
46
46
46
46
46
46
46
46
46
46
46
46
46
46
46
46
46
46
46
46
46
46
46
46
46
46
46
46
46
46
46
46
46
46
46
46
46
46
46
46
46
46
46
46
46
46
46
46
46
46
46
46
46
46
46
46
46
46
46
46
46
46
46
46
46
46
46
46
46
46
46
46
46
46
46
46
46
46
46
46
46
46
46
46
46
46
46
46
46
46
46
46
46
46
46
46
46
46
46
46
46
46
46
46
46
46
46
46
46
46
46
46
46
46
46
46
46
46
46
46
46
46
46
46
46
46
46
46
46
46
46
46
46
46
46
46
46
46
46
46
46
46
46
46
46
46
46
46
46
46
46
46
46
46
46
46
46
46
46
46
46
46
46
46
46
46
46
46
46
46
46
46
46
46
46
46
46
46
46
46
46
46
46
46
46
46
46
46
46
46
46
46
46
46
46
46
46
46
46
46
46
46
46
46
46
46
46
46
46
46
46
46
46
46
46
46
46
46
46
46
46
46
46
46
46
46
46
46
46
46
46
46
46
46
46
46
46
46
46
46
46
46
46
46
46
46
46
46
46
46
46
46
46
46
46
46
46
46
46
46
46
46
46
46
46
46
46
46
46
46
46
46
46
46
46
46
46
46
46
46
46
46
46
46
46
46
46
46
46
46
46
46
46
46
46
46
46
46
46
46
46
46
46
46
46
46
46
46
46
46
46
46
46
46
46
46
46
46
20
20
20
20
20
20
46
20
46
46
46
46
46
46
46
46
46
46
46
46
46
46
46
46
46
46
46
46
46
46
46
46
20
20
20
20
20
20
46
20
46
46
46
46
46
46
46
46
46
46
46
46
46
46
46
46
46
46
46
46
46
46
46
46
20
20
20
20
20
20
46
20
46
46
46
46
46
46
46
46
46
46
46
46
46
46
46
46
46
46
46
46
46
46
46
46
46
46
46
46
46
46
46
46
46
46
46
46
46
46
46
46
46
46
46
46
46
46
46
46
46
46
46
46
46
46
46
46
46
46
46
46
46
46
46
46
46
46
46
46
46
46
46
46
46
46
46
46
46
46
46
46
46
46
46
46
46
46
46
46
46
46
46
46
46
46
46
46
46
46
46
46
46
46
46
46
46
46
46
46
46
46
46
46
46
46
46
46
46
46
46
46
46
46
46
46
46
46
46
46
46
46
46
46
46
46
46
46
46
46
46
46
46
46
46
46
46
46
46
46
46
46
46
46
46
46
46
46
46
46
46
46
46
46
46
46
46
46
46
46
46
46
46
46
46
46
46
46
46
46
46
46
46
46
46
46
46
46
46
46
46
46
46
46
46
46
46
46
46
46
46
46
46
46
46
46
46
46
46
46
46
46
46
46
46
46
46
46
46
46
46
46
46
46
46
46
46
46
46
46
46
46
46
46
46
46
46
46
46
46
46
46
46
46
46
46
46
46
46
46
46
46
46
46
46
46
46
46
46
46
46
46
46
46
46
46
46
46
46
46
46
46
46
46
46
46
46
46
46
46
46
46
46
46
46
46
46
46
46
46
46
46
46
46
46
46
46
46
46
46
46
46
46
46
46
46
46
46
46
46
46
46
46
46
46
46
46
46
46
46
46
46
46
46
46
46
46
46
46
46
46
46
46
46
46
46
46
46
46
46
46
46
46
46
46
46
46
46
46
46
46
46
46
46
46
46
46
46
46
46
46
46
46
46
46
46
46
46
46
46
46
46
46
46
46
46
46
46
46
46
46
46
46
46
46
46
46
46
46
46
46
46
46
46
46
46
46
46
46
46
46
46
46
46
46
46
46
46
46
46
46
46
46
46
46
46
46
46
46
46
46
46
46
46
46
46
46
46
46
46
46
46
46
46
46
46
46
46
46
46
46
46
46
46
46
46
46
46
46
46
46
46
46
46
46
46
46
46
46
46
46
46
46
46
46
46
46
46
46
46
46
46
46
46
46
46
46
46
46
46
46
46
46
46
46
46
46
46
46
46
46
46
46
46
46
46
46
46
46
46
46
46
46
46
46
46
46
46
46
46
46
46
46
46
46
46
46
46
46
46
46
46
46
46
46
46
46
46
46
46
46
46
46
46
46
46
46
46
46
46
46
46
46
46
46
46
46
46
46
46
46
46
46
46
46
46
46
46
46
46
46
46
46
46
46
46
46
46
46
46
27
27
27
27
27
27
46
27
46
46
46
46
46
46
46
46
46
46
46
46
46
46
46
46
46
46
46
46
46
46
46
46
27
27
27
27
27
27
46
27
46
46
46
46
46
46
46
46
46
46
46
46
46
46
46
46
46
46
46
46
46
46
46
46
27
27
27
27
27
27
46
27
46
46
46
46
46
46
46
46
46
46
46
46
46
46
46
46
46
46
46
46
46
46
46
46
20
20
20
20
20
20
46
20
46
46
46
46
46
46
46
46
46
46
46
46
46
46
46
46
46
46
46
46
46
46
46
46
20
20
20
20
20
20
46
20
46
46
46
46
46
46
46
46
46
46
46
46
46
46
46
46
46
46
46
46
46
46
46
46
46
46
46
46
46
46
46
46
46
46
46
46
46
46
46
46
46
46
46
46
46
46
46
46
46
46
46
46
46
46
46
46
46
46
46
46
46
46
46
46
46
46
46
46
46
46
46
46
46
46
46
46
46
46
46
46
46
46
46
46
46
46
46
46
46
46
46
46
46
46
46
46
46
46
46
46
46
46
46
46
46
46
46
46
46
46
46
46
46
46
46
46
46
46
46
46
46
46
46
46
46
46
46
46
46
46
46
46
46
46
46
46
46
46
46
46
46
46
46
46
46
46
46
46
46
46
46
46
46
46
46
46
46
46
46
46
46
46
46
46
46
46
46
46
46
46
46
46
46
46
46
46
46
46
46
46
46
46
46
46
46
46
46
46
46
46
46
46
46
46
46
46
46
46
46
46
46
46
46
46
46
46
46
46
46
46
46
46
46
46
46
46
46
46
46
46
46
46
46
46
46
46
46
46
46
46
46
46
46
46
46
46
46
46
46
46
46
46
46
46
46
46
46
46
46
46
46
46
46
46
46
46
46
46
46
46
46
46
46
46
46
46
46
46
46
46
46
46
46
46
46
46
46
46
46
46
46
46
46
46
46
46
46
46
46
46
46
46
46
46
46
46
46
46
46
46
46
46
46
46
46
46
46
46
46
46
46
46
46
46
46
46
46
46
46
46
46
46
46
46
46
46
46
46
46
46
46
46
46
46
46
46
46
46
46
46
46
46
46
46
46
46
46
46
46
46
46
46
46
46
46
46
46
46
46
46
46
46
46
46
46
46
46
46
46
46
46
46
46
46
46
46
46
46
46
46
46
46
46
46
46
46
46
46
46
46
46
46
46
46
46
46
46
46
46
46
46
46
46
46
46
46
46
46
46
46
46
46
46
46
46
46
46
46
46
46
46
46
46
46
46
46
46
46
46
46
46
46
46
46
46
46
46
46
46
46
46
46
46
46
46
46
46
46
46
46
46
46
46
46
46
46
46
46
46
46
46
46
46
46
46
46
46
46
46
46
46
46
46
46
46
46
46
46
46
46
46
46
46
46
46
46
46
46
46
46
46
46
46
46
46
46
46
46
46
46
46
46
46
46
46
46
46
46
46
46
46
46
46
46
46
46
46
46
46
46
46
46
46
46
46
46
46
46
46
46
46
46
46
46
46
46
46
46
46
46
46
46
46
46
46
46
46
46
46
46
46
46
46
46
46
46
46
46
46
46
46
46
46
46
46
46
46
46
46
46
46
46
46
46
46
46
46
46
46
46
46
46
46
46
46
46
46
46
46
46
46
46
46
46
46
46
46
46
46
46
27
27
27
27
27
27
46
27
46
46
46
46
46
46
46
46
46
46
46
46
46
46
46
46
46
46
46
46
46
46
46
46
27
27
27
27
27
27
46
27
46
46
46
46
46
46
46
46
46
46
46
46
46
46
46
46
46
46
46
46
46
46
46
46
20
20
20
20
20
20
46
20
46
46
46
46
46
46
46
46
46
46
46
46
46
46
46
46
46
46
46
46
46
46
46
46
46
46
46
46
46
46
46
46
46
46
46
46
46
46
46
46
46
46
46
46
46
46
46
46
46
46
46
46
46
46
46
46
46
46
46
46
46
46
46
46
46
46
46
46
46
46
46
46
46
46
46
46
46
46
46
46
46
46
46
46
46
46
46
46
46
46
46
46
46
46
46
46
46
46
46
46
46
46
46
46
46
46
46
46
46
46
46
46
46
46
46
46
46
46
46
46
46
46
46
46
46
46
46
46
46
46
46
46
46
46
46
46
46
46
46
46
46
46
46
46
46
46
46
46
46
46
46
46
46
46
46
46
46
46
46
46
46
46
46
46
46
46
46
46
46
46
46
46
46
46
46
46
46
46
46
46
46
46
46
46
46
46
46
46
46
46
46
46
46
46
46
46
46
46
46
46
46
46
46
46
46
46
46
46
46
46
46
46
46
46
46
46
46
46
46
46
46
46
46
46
46
46
46
46
46
46
46
46
46
46
46
46
46
46
46
46
46
46
46
46
46
46
46
46
46
46
46
46
46
46
46
46
46
46
46
46
46
46
46
46
46
46
46
46
46
46
46
46
46
46
46
46
46
46
46
46
46
46
46
46
46
46
46
46
46
46
46
46
46
46
46
46
46
46
46
46
46
46
46
46
46
46
46
46
46
46
46
46
46
46
46
46
46
46
46
46
46
46
46
46
46
46
46
46
46
46
46
46
46
46
46
46
46
46
46
46
46
46
46
46
46
46
46
46
46
46
46
46
46
46
46
46
46
46
46
46
46
46
46
46
46
46
46
46
46
46
46
46
46
46
46
46
46
46
46
46
46
46
46
46
46
46
46
46
46
46
46
46
46
46
46
46
46
46
46
46
46
46
46
46
46
46
46
46
46
46
46
46
46
46
46
46
46
46
46
46
46
46
46
46
46
46
46
46
46
46
46
46
46
46
46
46
46
46
46
46
46
46
46
46
46
46
46
46
46
46
46
46
46
46
46
46
46
46
46
46
46
46
46
46
46
46
46
46
46
46
46
46
46
46
46
46
46
46
46
46
46
46
46
46
46
46
46
46
46
46
46
46
46
46
46
46
46
46
46
46
46
46
46
46
46
46
46
46
46
46
46
46
46
46
46
46
46
46
46
46
46
46
46
46
46
46
46
46
46
46
46
46
46
46
46
46
46
46
46
46
46
46
46
46
46
46
46
46
46
46
46
46
46
46
46
46
46
46
46
46
46
46
46
46
46
46
46
46
46
46
46
46
46
46
46
46
46
46
46
46
46
46
46
46
46
46
46
46
46
46
46
46
46
46
46
46
46
46
46
46
46
46
46
46
46
46
46
46
46
46
46
46
46
46
46
46
46
46
46
46
46
46
46
46
46
46
46
46
46
46
46
46
27
27
27
27
27
27
46
27
46
46
46
46
46
46
46
46
46
46
46
46
46
46
46
46
46
46
46
46
46
46
46
46
20
20
20
20
20
20
46
20
46
46
46
46
46
46
46
46
46
46
46
46
46
46
46
46
46
46
46
46
46
46
46
46
20
20
20
20
20
20
46
20
46
46
46
46
46
46
46
46
46
46
46
46
46
46
46
46
46
46
46
46
46
46
46
46
46
46
46
46
46
46
46
46
46
46
46
46
46
46
46
46
46
46
46
46
46
46
46
46
46
46
46
46
46
46
46
46
46
46
46
46
46
46
46
46
46
46
46
46
46
46
46
46
46
46
46
46
46
46
46
46
46
46
46
46
46
46
46
46
46
46
46
46
46
46
46
46
46
46
46
46
46
46
46
46
46
46
46
46
46
46
46
46
46
46
46
46
46
46
46
46
46
46
46
46
46
46
46
46
46
46
46
46
46
46
46
46
46
46
46
46
46
46
46
46
46
46
46
46
46
46
46
46
46
46
46
46
46
46
46
46
46
46
46
46
46
46
46
46
46
46
46
46
46
46
46
46
46
46
46
46
46
46
46
46
46
46
46
46
46
46
46
46
46
46
46
46
46
46
46
46
46
46
46
46
46
46
46
46
46
46
46
46
46
46
46
46
46
46
46
46
46
46
46
46
46
46
46
46
46
46
46
46
46
46
46
46
46
46
46
46
46
46
46
46
46
46
46
46
46
46
46
46
46
46
46
46
46
46
46
46
46
46
46
46
46
46
46
46
46
46
46
46
46
46
46
46
46
46
46
46
46
46
46
46
46
46
46
46
46
46
46
46
46
46
46
46
46
46
46
46
46
46
46
46
46
46
46
46
46
46
46
46
46
46
46
46
46
46
46
46
46
46
46
46
46
46
46
46
46
46
46
46
46
46
46
46
46
46
46
46
46
46
46
46
46
46
46
46
46
46
46
46
46
46
46
46
46
46
46
46
46
46
46
46
46
46
46
46
46
46
46
46
46
46
46
46
46
46
46
46
46
46
46
46
46
46
46
46
46
46
46
46
46
46
46
46
46
46
46
46
46
46
46
46
46
46
46
46
46
46
46
46
46
46
46
46
46
46
46
46
46
46
46
46
46
46
46
46
46
46
46
46
46
46
46
46
46
46
46
46
46
46
46
46
46
46
46
46
46
46
46
46
46
46
46
46
46
46
46
46
46
46
46
46
46
46
46
46
46
46
46
46
46
46
46
46
46
46
46
46
46
46
46
46
46
46
46
46
46
46
46
46
46
46
46
46
46
46
46
46
46
46
46
46
46
46
46
46
46
46
46
46
46
46
46
46
46
46
46
46
46
46
46
46
46
46
46
46
46
46
46
46
46
46
46
46
46
46
46
46
46
46
46
46
46
46
46
46
46
46
46
46
46
46
46
46
46
46
46
46
46
46
46
46
46
46
46
46
46
46
46
46
46
46
46
46
46
46
46
46
46
46
46
46
46
46
46
46
46
46
46
46
46
46
46
46
46
46
46
46
27
27
27
27
27
27
46
27
46
46
46
46
46
46
46
46
46
46
46
46
46
46
46
46
46
46
46
46
46
46
46
46
27
27
27
27
27
27
46
27
46
46
46
46
46
46
46
46
46
46
46
46
46
46
46
46
46
46
46
46
46
46
46
46
20
20
20
20
20
20
46
20
46
46
46
46
46
46
46
46
46
46
46
46
46
46
46
46
46
46
46
46
46
46
46
46
46
46
46
46
46
46
46
46
46
46
46
46
46
46
46
46
46
46
46
46
46
46
46
46
46
46
46
46
46
46
46
46
46
46
46
46
46
46
46
46
46
46
46
46
46
46
46
46
46
46
46
46
46
46
46
46
46
46
46
46
46
46
46
46
46
46
46
46
46
46
46
46
46
46
46
46
46
46
46
46
46
46
46
46
46
46
46
46
46
46
46
46
46
46
46
46
46
46
46
46
46
46
46
46
46
46
46
46
46
46
46
46
46
46
46
46
46
46
46
46
46
46
46
46
46
46
46
46
46
46
46
46
46
46
46
46
46
46
46
46
46
46
46
46
46
46
46
46
46
46
46
46
46
46
46
46
46
46
46
46
46
46
46
46
46
46
46
46
46
46
46
46
46
46
46
46
46
46
46
46
46
46
46
46
46
46
46
46
46
46
46
46
46
46
46
46
46
46
46
46
46
46
46
46
46
46
46
46
46
46
46
46
46
46
46
46
46
46
46
46
46
46
46
46
46
46
46
46
46
46
46
46
46
46
46
46
46
46
46
46
46
46
46
46
46
46
46
46
46
46
46
46
46
46
46
46
46
46
46
46
46
46
46
46
46
46
46
46
46
46
46
46
46
46
46
46
46
46
46
46
46
46
46
46
46
46
46
46
46
46
46
46
46
46
46
46
46
46
46
46
46
46
46
46
46
46
46
46
46
46
46
46
46
46
46
46
46
46
46
46
46
46
46
46
46
46
46
46
46
46
46
46
46
46
46
46
46
46
46
46
46
46
46
46
46
46
46
46
46
46
46
46
46
46
46
46
46
46
46
46
46
46
46
46
46
46
46
46
46
46
46
46
46
46
46
46
46
46
46
46
46
46
46
46
46
46
46
46
46
46
46
46
46
46
46
46
46
46
46
46
46
46
46
46
46
46
46
46
46
46
46
46
46
46
46
46
46
46
46
46
46
46
46
46
46
46
46
46
46
46
46
46
46
46
46
46
46
46
46
46
46
46
46
46
46
46
46
46
46
46
46
46
46
46
46
46
46
46
46
46
46
46
46
46
46
46
46
46
46
46
46
46
46
46
46
46
46
46
46
46
46
46
46
46
46
46
46
46
46
46
46
46
46
46
46
46
46
46
46
46
46
46
46
46
46
46
46
46
46
46
46
46
46
46
46
46
46
46
46
46
46
46
46
46
46
46
46
46
46
46
46
46
46
46
46
46
46
46
46
46
46
46
46
46
46
46
46
46
46
46
46
46
46
46
46
46
46
46
46
46
46
46
46
46
46
46
46
46
46
46
46
46
46
46
46
46
46
46
46
46
46
46
46
46
46
46
46
46
46
46
46
46
46
46
46
46
46
46
46
46
46
46
46
46
46
46
46
46
27
27
27
27
27
27
46
27
2
2
2
2
2
2
2
2
2
2
2
2
2
2
2
2
2
2
2
2
2
2
2
2
2
2
2
2
2
2
2
2
0
0
0
0
0
0
0
0
0
0
0
0
0
0
0
0
0
0
0
0
0
0
0
0
0
0
0
0
0
0
0
0
1
0
0
0
0
0
1
0
1
0
1
0
1
0
0
0
0
0
1
0
1
0
1
0
0
0
0
0
0
0
0
0
0
-1
-1
0
0
0
0
-1
0
-1
0
-1
0
-1
-1
0
0
0
0
-1
0
-1
0
-1
0
0
0
0
0
0
0
0
13
0
0
-15
-9
-5
5
0
10
0
0
0
13
0
0
0
0
0
4
0
10
0
0
0
0
0
0
0
0
0
0
0
0
0
0
0
0
0
0
0
0
0
0
0
0
0
0
0
0
0
0
0
0
0
0
0
0
0
0
0
0
0
0
0
0
0
0
0
0
0
0
0
0
0
0
0
0
0
0
0
0
0
0
0
0
0
0
0
0
0
0
0
0
0
0
0
0
0
0
0
0
0
0
0
0
0
0
0
0
0
0
0
0
0
0
0
0
0
0
0
0
0
0
0
0
0
0
0
0
0
0
0
0
0
0
0
0
0
0
0
0
0
0
0
0
0
0
0
0
0
0
0
0
0
0
0
0
0
0
0
0
0
0
0
0
0
0
0
0
0
0
0
0
0
0
0
0
0
0
0
0
0
0
0
0
0
0
0
0
0
0
0
0
0
0
0
0
0
0
0
0
0
0
0
0
0
0
0
0
0
0
0
0
0
0
0
0
0
0
0
0
0
0
0
0
0
0
0
0
0
0
0
0
0
0
0
0
0
0
0
0
0
0
0
0
0
0
0
0
0
0
0
0
0
0
0
-1
-1
-1
-1
-1
-1
-1
-1
-1
-1
-1
-1
-1
-1
-1
-1
-1
-1
-1
-1
-1
-1
-1
-1
0
0
0
0
0
0
0
0
-1
-1
-1
-1
-1
-1
-1
-1
-1
-1
-1
-1
-1
-1
-1
-1
-1
-1
-1
-1
-1
-1
-1
-1
0
0
0
0
0
0
0
0
0
6
6
6
6
0
0
6
0
6
0
6
0
6
6
6
6
0
0
6
0
6
0
6
0
0
0
0
0
0
0
0
0
0
0
0
0
0
1
0
0
0
0
0
0
0
0
0
0
0
1
0
0
0
0
0
0
0
0
0
0
0
0
0
0
6
6
0
6
0
1
6
0
6
0
6
0
6
6
0
6
0
1
6
0
6
0
6
0
0
0
0
0
0
0
0
1
0
0
0
0
0
1
0
0
0
0
0
1
0
0
0
0
0
1
0
0
0
0
0
0
0
0
0
0
0
0
0
0
6
6
1
2
1
2
6
1
6
1
6
0
6
6
1
2
1
2
6
1
6
1
6
0
0
0
0
0
0
0
0
0
0
0
1
2
1
2
0
1
0
1
0
0
0
0
1
2
1
2
0
1
0
1
0
0
0
0
0
0
0
0
0
0
6
6
1
2
1
3
6
2
6
1
6
0
6
6
1
2
1
3
6
2
6
1
6
0
0
0
0
0
0
0
0
0
0
0
1
2
1
3
0
2
0
1
0
0
0
0
1
2
1
3
0
2
0
1
0
0
0
0
0
0
0
0
0
0
6
6
1
2
3
4
6
3
6
2
6
0
6
6
1
2
3
4
6
3
6
2
6
0
0
0
0
0
0
0
0
0
0
0
1
2
3
4
0
3
0
2
0
0
0
0
1
2
3
4
0
3
0
2
0
0
0
0
0
0
0
0
0
0
6
6
1
2
3
4
6
3
6
2
6
0
6
6
1
2
3
4
6
3
6
2
6
0
0
0
0
0
0
0
0
0
0
0
1
2
3
4
0
3
0
2
0
0
0
0
1
2
3
4
0
3
0
2
0
0
0
0
0
0
0
0
0
6
6
6
6
6
6
6
6
6
6
6
6
6
6
6
6
6
6
6
6
6
6
6
6
6
6
6
6
6
6
6
6
0
0
0
0
0
0
0
0
0
0
0
0
0
0
0
0
0
0
0
0
0
0
0
0
0
0
0
0
0
0
0
0
6
6
6
6
6
6
6
6
6
6
6
6
6
6
6
6
6
6
6
6
6
6
6
6
6
6
6
6
6
6
6
6
0
0
0
0
0
0
0
0
0
0
0
0
0
0
0
0
0
0
0
0
0
0
0
0
0
0
0
0
0
0
0
0
6
6
6
6
6
6
6
6
6
6
6
6
6
6
6
6
6
6
6
6
6
6
6
6
6
6
6
6
6
6
6
6
0
0
0
0
0
0
0
0
0
0
0
0
0
0
0
0
0
0
0
0
0
0
0
0
0
0
0
0
0
0
0
0
6
6
6
6
6
6
6
6
6
6
6
6
6
6
6
6
6
6
6
6
6
6
6
6
6
6
6
6
6
6
6
6
0
0
0
0
0
0
0
0
0
0
0
0
0
0
0
0
0
0
0
0
0
0
0
0
0
0
0
0
0
0
0
0
6
6
6
6
6
6
6
6
6
6
6
6
6
6
6
6
6
6
6
6
6
6
6
6
6
6
6
6
6
6
6
6
0
0
0
0
0
0
0
0
0
0
0
0
0
0
0
0
0
0
0
0
0
0
0
0
0
0
0
0
0
0
0
0
6
6
6
6
6
6
5
6
6
6
6
6
6
6
6
6
6
6
5
6
6
6
6
6
6
6
6
6
6
6
6
6
0
0
0
0
0
0
5
0
0
0
0
0
0
0
0
0
0
0
5
0
0
0
0
0
0
0
0
0
0
0
0
0
0
0
0
0
0
0
0
0
0
0
0
0
0
0
0
0
0
0
0
0
0
0
0
0
0
0
0
0
0
0
0
0
0
0
0
0
0
0
0
0
0
0
0
0
0
0
0
0
0
0
0
0
0
0
0
0
0
0
0
0
0
0
0
0
6
6
6
6
6
6
6
6
6
6
6
6
6
6
6
6
6
6
6
6
6
6
6
6
6
6
6
6
6
6
6
6
0
0
0
0
0
0
0
0
0
0
0
0
0
0
0
0
0
0
0
0
0
0
0
0
0
0
0
0
0
0
0
0
6
6
6
6
6
6
6
6
6
6
6
6
6
6
6
6
6
6
6
6
6
6
6
6
6
6
6
6
6
6
6
6
0
0
0
0
0
0
0
0
0
0
0
0
0
0
0
0
0
0
0
0
0
0
0
0
0
0
0
0
0
0
0
0
6
6
6
6
6
6
6
6
6
6
6
6
6
6
6
6
6
6
6
6
6
6
6
6
6
6
6
6
6
6
6
6
0
0
0
0
0
0
0
0
0
0
0
0
0
0
0
0
0
0
0
0
0
0
0
0
0
0
0
0
0
0
0
0
6
6
6
6
6
6
6
6
6
6
6
6
6
6
6
6
6
6
6
6
6
6
6
6
6
6
6
6
6
6
6
6
0
0
0
0
0
0
0
0
0
0
0
0
0
0
0
0
0
0
0
0
0
0
0
0
0
0
0
0
0
0
0
0
6
6
6
6
6
6
6
6
6
6
6
6
6
6
6
6
6
6
6
6
6
6
6
6
6
6
6
6
6
6
6
6
0
0
0
0
0
0
0
0
0
0
0
0
0
0
0
0
0
0
0
0
0
0
0
0
0
0
0
0
0
0
0
0
6
6
6
6
6
6
6
6
6
6
6
6
6
6
6
6
6
6
6
6
6
6
6
6
6
6
6
6
6
6
6
6
0
0
0
0
0
0
0
0
0
0
0
0
0
0
0
0
0
0
0
0
0
0
0
0
0
0
0
0
0
0
0
0
1
6
6
1
1
1
1
6
1
6
1
6
1
6
6
1
1
1
1
6
1
6
1
6
6
6
6
6
6
6
6
6
0
0
0
0
0
0
0
0
0
0
0
0
0
0
0
0
0
0
0
0
0
0
0
0
0
0
0
0
0
0
0
0
6
6
6
6
6
6
6
6
6
6
6
6
6
6
6
6
6
6
6
6
6
6
6
6
6
6
6
6
6
6
6
6
0
0
0
0
0
0
0
0
0
0
0
0
0
0
0
0
0
0
0
0
0
0
0
0
0
0
0
0
0
0
0
0
6
6
6
6
6
6
6
6
6
6
6
6
6
6
6
6
6
6
6
6
6
6
6
6
6
6
6
6
6
6
6
6
0
0
0
0
0
0
0
0
0
0
0
0
0
0
0
0
0
0
0
0
0
0
0
0
0
0
0
0
0
0
0
0
6
6
6
6
6
6
6
6
6
6
6
6
6
6
6
6
6
6
6
6
6
6
6
6
6
6
6
6
6
6
6
6
0
0
0
0
0
0
0
0
0
0
0
0
0
0
0
0
0
0
0
0
0
0
0
0
0
0
0
0
0
0
0
0
6
6
6
6
6
6
6
6
6
6
6
6
6
6
6
6
6
6
6
6
6
6
6
6
6
6
6
6
6
6
6
6
0
0
0
0
0
0
0
0
0
0
0
0
0
0
0
0
0
0
0
0
0
0
0
0
0
0
0
0
0
0
0
0
6
6
6
6
6
6
6
6
6
6
6
6
6
6
6
6
6
6
6
6
6
6
6
6
6
6
6
6
6
6
6
6
0
0
0
0
0
0
0
0
0
0
0
0
0
0
0
0
0
0
0
0
0
0
0
0
0
0
0
0
0
0
0
0
6
6
6
6
6
6
6
6
6
6
6
6
6
6
6
6
6
6
6
6
6
6
6
6
6
6
6
6
6
6
6
6
0
0
0
0
0
0
0
0
0
0
0
0
0
0
0
0
0
0
0
0
0
0
0
0
0
0
0
0
0
0
0
0
0
0
0
0
0
0
0
0
0
0
0
0
0
0
0
0
0
0
0
0
0
0
0
0
0
0
0
0
0
0
0
0
0
0
0
0
0
0
0
0
0
0
0
0
0
0
0
0
0
0
0
0
0
0
0
0
0
0
0
0
0
0
0
0
0
0
0
0
0
0
0
0
0
0
0
0
0
0
0
0
0
0
0
0
0
0
0
0
0
0
0
0
0
0
0
0
