%pattern_data
4
4
4
0
1
32
-31
0
52
68
0
1
1
0
0
0
10
0
7
0
0
0
0
0
0
0
0
29
-1
-1
0
0
0
10
0
0
111
127
-10
0
0
0
1
1
0
0
0
0
0
0
0
0
0
0
0
15
43
0
0
0
1
106
0
1
106
0
1
0
1
106
0
1
106
0
1
0
1
106
0
1
106
0
1
0
1
106
0
1
106
0
1
0
1
106
0
1
106
0
1
0
1
106
0
1
106
0
1
0
1
106
0
1
106
0
1
0
1
106
0
1
106
0
1
0
-50
-39
-50
-50
-40
-50
-50
-50
-50
-39
-50
-50
-41
-50
-50
-50
-50
-40
-50
-50
-38
-50
-50
-50
-50
-41
-50
-50
-41
-50
-50
-50
302396
540917
865375
1182021
1406313
1730771
2037146
2307688
2599917
2848625
3173083
3481396
3714000
4038458
4346875
4615375
4905583
5156313
5480771
5799979
6021688
6346146
6678708
6923083
7240479
7496868
7788458
8110354
8329375
8653854
8957917
9230771
4905583
5156313
5480771
5799979
6021688
6346146
6678708
6923083
7240479
7496868
7788458
8110354
8329375
8653854
8957917
9230771
302396
540917
865375
1182021
1406313
1730771
2037146
2307688
2599917
2848625
3173083
3481396
3714000
4038458
4346875
4615375
308917
539209
865375
1198250
1406313
1730771
2045083
2307688
2615688
2848625
3173083
3502604
3714000
4038458
4340792
4615375
4921917
5156313
5480771
5818313
6021688
6346146
6654625
6923083
7227875
7464576
7788458
8113875
8329375
8653854
8978604
9230771
4921917
5156313
5480771
5818313
6021688
6346146
6654625
6923083
7227875
7464576
7788458
8113875
8329375
8653854
8978604
9230771
308917
539209
865375
1198250
1406313
1730771
2045083
2307688
2615688
2848625
3173083
3502604
3714000
4038458
4340792
4615375
297792
540917
865375
1197354
1406313
1730771
2036750
2307688
2599354
2848625
3173083
3481417
3714000
4038458
4367625
4615375
4921271
5156313
5480771
5791208
6021688
6346146
6643688
6923083
7218229
7464000
7788458
8103750
8329375
8653854
8984479
9230771
4921271
5156313
5480771
5791208
6021688
6346146
6643688
6923083
7218229
7464000
7788458
8103750
8329375
8653854
8984479
9230771
297792
540917
865375
1197354
1406313
1730771
2036750
2307688
2599354
2848625
3173083
3481417
3714000
4038458
4367625
4615375
297729
540917
865375
1198521
1406313
1730771
2041771
2307688
2602479
2848625
3173083
3491042
3715116
4038458
4361313
4615375
4921042
5158005
5480771
5812208
6025072
6346146
6658125
6923083
7234917
7469652
7788458
8108604
8329375
8653854
8966583
9230771
4921042
5158005
5480771
5812208
6025072
6346146
6658125
6923083
7234917
7469652
7788458
8108604
8329375
8653854
8966583
9230771
297729
540917
865375
1198521
1406313
1730771
2041771
2307688
2602479
2848625
3173083
3491042
3715116
4038458
4361313
4615375
290771
540917
865375
1191625
1406313
1730771
2029896
2307688
2611917
2848625
3173083
3480958
3714000
4038458
4362771
4615375
4917021
5156313
5480771
5824688
6021688
6346146
6647625
6923083
7224729
7464000
7788458
8092292
8329375
8653854
8954354
9230771
4917021
5156313
5480771
5824688
6021688
6346146
6647625
6923083
7224729
7464000
7788458
8092292
8329375
8653854
8954354
9230771
290771
540917
865375
1191625
1406313
1730771
2029896
2307688
2611917
2848625
3173083
3480958
3714000
4038458
4362771
4615375
297792
540917
865375
1184271
1406313
1730771
2028875
2307688
2610625
2853161
3173083
3501583
3723648
4038458
4353333
4615375
4915417
5161965
5480771
5793292
6021688
6346146
6631313
6923083
7204354
7464000
7788458
8102063
8329375
8653854
8960104
9230771
4915417
5161965
5480771
5793292
6021688
6346146
6631313
6923083
7204354
7464000
7788458
8102063
8329375
8653854
8960104
9230771
297792
540917
865375
1184271
1406313
1730771
2028875
2307688
2610625
2853161
3173083
3501583
3723648
4038458
4353333
4615375
297500
540917
865375
1206625
1406313
1730771
2036167
2307688
2616708
2848625
3173083
3494271
3714000
4038458
4337771
4615375
4909896
5156313
5480771
5801646
6023380
6346146
6657604
6923083
7216750
7465692
7788458
8104021
8329375
8653854
8954146
9230771
4909896
5156313
5480771
5801646
6023380
6346146
6657604
6923083
7216750
7465692
7788458
8104021
8329375
8653854
8954146
9230771
297500
540917
865375
1206625
1406313
1730771
2036167
2307688
2616708
2848625
3173083
3494271
3714000
4038458
4337771
4615375
288771
540917
865375
1175875
1406313
1730771
2035479
2307688
2611333
2852585
3173083
3490771
3714000
4038458
4338229
4615375
4909542
5156313
5480771
5805813
6031876
6346146
6648479
6923083
7225708
7465116
7788458
8103188
8329375
8653854
8969354
9230771
4909542
5156313
5480771
5805813
6031876
6346146
6648479
6923083
7225708
7465116
7788458
8103188
8329375
8653854
8969354
9230771
288771
540917
865375
1175875
1406313
1730771
2035479
2307688
2611333
2852585
3173083
3490771
3714000
4038458
4338229
4615375
312625
540917
865375
1166604
1406313
1730771
2030042
2307688
2624667
2848625
3173083
3482958
3715116
4038458
4348479
4615375
4922063
5156313
5480771
5781938
6023956
6346146
6660188
6923083
7231458
7464000
7788458
8129646
8329375
8653854
8970521
9230771
4922063
5156313
5480771
5781938
6023956
6346146
6660188
6923083
7231458
7464000
7788458
8129646
8329375
8653854
8970521
9230771
312625
540917
865375
1166604
1406313
1730771
2030042
2307688
2624667
2848625
3173083
3482958
3715116
4038458
4348479
4615375
305250
540917
865375
1163250
1406313
1730771
2017917
2307688
2607667
2850893
3173083
3489667
3714576
4038458
4349104
4615375
4903750
5159697
5480771
5796958
6021688
6346146
6650063
6923083
7224229
7464000
7788458
8103979
8329375
8653854
8963208
9230771
4903750
5159697
5480771
5796958
6021688
6346146
6650063
6923083
7224229
7464000
7788458
8103979
8329375
8653854
8963208
9230771
305250
540917
865375
1163250
1406313
1730771
2017917
2307688
2607667
2850893
3173083
3489667
3714576
4038458
4349104
4615375
298125
540917
865375
1175833
1406313
1730771
2020729
2307688
2590438
2848625
3173083
3479000
3715692
4038458
4348021
4615375
4929292
5156889
5480771
5790042
6021688
6346146
6643458
6923083
7233313
7464000
7788458
8093542
8329375
8653854
8941917
9230771
4929292
5156889
5480771
5790042
6021688
6346146
6643458
6923083
7233313
7464000
7788458
8093542
8329375
8653854
8941917
9230771
298125
540917
865375
1175833
1406313
1730771
2020729
2307688
2590438
2848625
3173083
3479000
3715692
4038458
4348021
4615375
296708
540917
865375
1172750
1406313
1730771
2039604
2307688
2599104
2848625
3173083
3469354
3714000
4038458
4360000
4615375
4918208
5158581
5480771
5788458
6023956
6346146
6635125
6923083
7192083
7464576
7788458
8073750
8329375
8653854
8944979
9230771
4918208
5158581
5480771
5788458
6023956
6346146
6635125
6923083
7192083
7464576
7788458
8073750
8329375
8653854
8944979
9230771
296708
540917
865375
1172750
1406313
1730771
2039604
2307688
2599104
2848625
3173083
3469354
3714000
4038458
4360000
4615375
299333
540917
865375
1180104
1406313
1730771
2040125
2307688
2604833
2848625
3173083
3489979
3714000
4038458
4339688
4615375
4922396
5156313
5480771
5803938
6021688
6346146
6642792
6923083
7218938
7464000
7788458
8099000
8329375
8653854
8948438
9230771
4922396
5156313
5480771
5803938
6021688
6346146
6642792
6923083
7218938
7464000
7788458
8099000
8329375
8653854
8948438
9230771
299333
540917
865375
1180104
1406313
1730771
2040125
2307688
2604833
2848625
3173083
3489979
3714000
4038458
4339688
4615375
316750
540917
865375
1183875
1406313
1730771
2024458
2307688
2607896
2848625
3173083
3483688
3716268
4038458
4348583
4615375
4921958
5165385
5480771
5803771
6030760
6346146
6645250
6923083
7228063
7469112
7788458
8091771
8329375
8653854
8949146
9230771
4921958
5165385
5480771
5803771
6030760
6346146
6645250
6923083
7228063
7469112
7788458
8091771
8329375
8653854
8949146
9230771
316750
540917
865375
1183875
1406313
1730771
2024458
2307688
2607896
2848625
3173083
3483688
3716268
4038458
4348583
4615375
279792
540917
865375
1161250
1406313
1730771
2031208
2307688
2611625
2848625
3173083
3473771
3714576
4038458
4334104
4615375
4924000
5159157
5480771
5805292
6023380
6346146
6661146
6923083
7222292
7464000
7788458
8114188
8329375
8653854
8950354
9230771
4924000
5159157
5480771
5805292
6023380
6346146
6661146
6923083
7222292
7464000
7788458
8114188
8329375
8653854
8950354
9230771
279792
540917
865375
1161250
1406313
1730771
2031208
2307688
2611625
2848625
3173083
3473771
3714576
4038458
4334104
4615375
292333
540917
865375
1183708
1406313
1730771
2032625
2307688
2599583
2848625
3173083
3503250
3714000
4038458
4338396
4615375
4921271
5156313
5480771
5799063
6021688
6346146
6642042
6923083
7217813
7464000
7788458
8108042
8329375
8653854
8957000
9230771
4921271
5156313
5480771
5799063
6021688
6346146
6642042
6923083
7217813
7464000
7788458
8108042
8329375
8653854
8957000
9230771
292333
540917
865375
1183708
1406313
1730771
2032625
2307688
2599583
2848625
3173083
3503250
3714000
4038458
4338396
4615375
285083
540917
865375
1184063
1406313
1730771
2035625
2307688
2596563
2848625
3173083
3477604
3714000
4038458
4354958
4615375
4907500
5156313
5480771
5797021
6021688
6346146
6668042
6923083
7223625
7464000
7788458
8118458
8329375
8653854
8970333
9230771
4907500
5156313
5480771
5797021
6021688
6346146
6668042
6923083
7223625
7464000
7788458
8118458
8329375
8653854
8970333
9230771
285083
540917
865375
1184063
1406313
1730771
2035625
2307688
2596563
2848625
3173083
3477604
3714000
4038458
4354958
4615375
282333
540917
865375
1180521
1406313
1730771
2025563
2307688
2609146
2848625
3173083
3483979
3714000
4038458
4337625
4615375
4917271
5156313
5480771
5799688
6021688
6346146
6647375
6923083
7221646
7464000
7788458
8113854
8329375
8653854
8963188
9230771
4917271
5156313
5480771
5799688
6021688
6346146
6647375
6923083
7221646
7464000
7788458
8113854
8329375
8653854
8963188
9230771
282333
540917
865375
1180521
1406313
1730771
2025563
2307688
2609146
2848625
3173083
3483979
3714000
4038458
4337625
4615375
290625
540917
865375
1164125
1406313
1730771
2028646
2307688
2606167
2848625
3173083
3484646
3714000
4038458
4332313
4615375
4909979
5156313
5480771
5806604
6021688
6346146
6631229
6923083
7214667
7464000
7788458
8104396
8329375
8653854
8948729
9230771
4909979
5156313
5480771
5806604
6021688
6346146
6631229
6923083
7214667
7464000
7788458
8104396
8329375
8653854
8948729
9230771
290625
540917
865375
1164125
1406313
1730771
2028646
2307688
2606167
2848625
3173083
3484646
3714000
4038458
4332313
4615375
0
0
0
0
0
0
0
0
0
0
0
0
0
0
0
0
0
0
0
0
0
0
0
0
0
0
0
0
0
0
0
0
0
0
0
0
0
0
0
0
0
0
0
0
0
0
0
0
0
0
0
0
0
0
0
0
0
0
0
0
0
0
0
0
266396
405167
661771
919563
1066938
1323521
1564042
1764708
2012417
2169875
2426479
2682854
2831646
3088229
3322813
3529417
3760417
3934583
4191167
4439354
4596354
4852938
5088917
5294125
5527271
5699292
5955875
6199854
6361063
6617646
6861854
7058833
3760417
3934583
4191167
4439354
4596354
4852938
5088917
5294125
5527271
5699292
5955875
6199854
6361063
6617646
6861854
7058833
266396
405167
661771
919563
1066938
1323521
1564042
1764708
2012417
2169875
2426479
2682854
2831646
3088229
3322813
3529417
254813
405167
661771
927479
1066938
1323521
1568042
1764708
2033729
2169875
2426479
2686479
2831646
3088229
3323417
3529417
3781438
3934583
4191167
4454563
4596354
4852938
5099500
5294125
5553604
5699292
5955875
6225917
6361063
6617646
6856958
7058833
3781438
3934583
4191167
4454563
4596354
4852938
5099500
5294125
5553604
5699292
5955875
6225917
6361063
6617646
6856958
7058833
254813
405167
661771
927479
1066938
1323521
1568042
1764708
2033729
2169875
2426479
2686479
2831646
3088229
3323417
3529417
240583
430665
661771
919958
1090118
1323521
1575896
1764708
1982792
2169875
2426479
2689625
2859950
3088229
3362292
3529417
3768500
3934583
4191167
4440993
4596354
4852938
5114563
5294125
5521688
5699292
5955875
6189292
6361063
6617646
6854042
7058833
3768500
3934583
4191167
4440993
4596354
4852938
5114563
5294125
5521688
5699292
5955875
6189292
6361063
6617646
6854042
7058833
240583
430665
661771
919958
1090118
1323521
1575896
1764708
1982792
2169875
2426479
2689625
2859950
3088229
3362292
3529417
229521
405167
661771
944208
1066938
1323521
1572292
1764708
1994063
2169875
2426479
2686542
2831646
3088229
3333438
3529417
3785563
3934583
4191167
4445875
4596354
4852938
5097000
5294125
5530708
5699292
5955875
6204458
6361063
6617646
6860333
7058833
3785563
3934583
4191167
4445875
4596354
4852938
5097000
5294125
5530708
5699292
5955875
6204458
6361063
6617646
6860333
7058833
229521
405167
661771
944208
1066938
1323521
1572292
1764708
1994063
2169875
2426479
2686542
2831646
3088229
3333438
3529417
245458
405167
661771
926833
1066938
1323521
1570104
1764708
1999063
2169875
2426479
2685792
2831646
3088229
3325333
3529417
3771021
3938543
4191167
4440583
4600314
4852938
5093063
5294125
5528813
5699292
5955875
6207000
6361063
6617646
6862854
7058833
3771021
3938543
4191167
4440583
4600314
4852938
5093063
5294125
5528813
5699292
5955875
6207000
6361063
6617646
6862854
7058833
245458
405167
661771
926833
1066938
1323521
1570104
1764708
1999063
2169875
2426479
2685792
2831646
3088229
3325333
3529417
267708
405167
661771
918042
1066938
1323521
1559917
1764708
2019083
2169875
2426479
2669646
2831646
3088229
3314229
3529417
3784854
3934583
4191167
4442979
4596354
4852938
5090688
5294125
5551813
5699292
5955875
6197896
6361063
6617646
6859750
7058833
3784854
3934583
4191167
4442979
4596354
4852938
5090688
5294125
5551813
5699292
5955875
6197896
6361063
6617646
6859750
7058833
267708
405167
661771
918042
1066938
1323521
1559917
1764708
2019083
2169875
2426479
2669646
2831646
3088229
3314229
3529417
242354
405167
661771
924458
1066938
1323521
1568625
1764708
2022813
2169875
2426479
2681958
2831646
3088229
3351542
3529417
3793646
3934583
4191167
4442250
4596354
4852938
5089938
5294125
5532938
5699292
5955875
6204104
6361063
6617646
6874771
7058833
3793646
3934583
4191167
4442250
4596354
4852938
5089938
5294125
5532938
5699292
5955875
6204104
6361063
6617646
6874771
7058833
242354
405167
661771
924458
1066938
1323521
1568625
1764708
2022813
2169875
2426479
2681958
2831646
3088229
3351542
3529417
261146
405167
661771
922813
1066938
1323521
1565646
1764708
2018563
2169875
2426479
2666917
2831646
3088229
3326375
3529417
3793458
3934583
4191167
4438042
4596354
4852938
5100604
5294125
5560167
5699292
5955875
6219979
6361063
6617646
6865875
7058833
3793458
3934583
4191167
4438042
4596354
4852938
5100604
5294125
5560167
5699292
5955875
6219979
6361063
6617646
6865875
7058833
261146
405167
661771
922813
1066938
1323521
1565646
1764708
2018563
2169875
2426479
2666917
2831646
3088229
3326375
3529417
251042
405167
661771
920188
1066938
1323521
1551229
1764708
2011771
2169875
2426479
2668000
2831646
3088229
3333292
3529417
3782688
3934583
4191167
4446813
4596354
4852938
5099625
5294125
5540146
5699292
5955875
6219688
6361063
6617646
6869188
7058833
3782688
3934583
4191167
4446813
4596354
4852938
5099625
5294125
5540146
5699292
5955875
6219688
6361063
6617646
6869188
7058833
251042
405167
661771
920188
1066938
1323521
1551229
1764708
2011771
2169875
2426479
2668000
2831646
3088229
3333292
3529417
241354
405167
661771
919938
1066938
1323521
1557521
1764708
2006646
2169875
2426479
2681104
2831646
3088229
3338438
3529417
3785375
3934583
4191167
4436875
4596354
4852938
5093292
5294125
5537875
5699292
5955875
6198104
6361063
6617646
6858375
7058833
3785375
3934583
4191167
4436875
4596354
4852938
5093292
5294125
5537875
5699292
5955875
6198104
6361063
6617646
6858375
7058833
241354
405167
661771
919938
1066938
1323521
1557521
1764708
2006646
2169875
2426479
2681104
2831646
3088229
3338438
3529417
235750
441167
661771
901729
1102938
1323521
1558813
1764708
2008875
2205875
2426479
2654583
2867646
3088229
3341229
3529417
3777083
3970583
4191167
4426542
4632354
4852938
5087479
5294125
5527917
5735292
5955875
6178875
6397063
6617646
6869125
7058833
3777083
3970583
4191167
4426542
4632354
4852938
5087479
5294125
5527917
5735292
5955875
6178875
6397063
6617646
6869125
7058833
235750
441167
661771
901729
1102938
1323521
1558813
1764708
2008875
2205875
2426479
2654583
2867646
3088229
3341229
3529417
262646
429539
661771
920750
1089042
1323521
1568917
1764708
2005833
2190863
2426479
2681458
2853174
3088229
3341292
3529417
3779479
3957839
4191167
4444333
4619610
4852938
5117271
5294125
5540542
5721396
5955875
6213708
6374671
6617646
6879563
7058833
3779479
3957839
4191167
4444333
4619610
4852938
5117271
5294125
5540542
5721396
5955875
6213708
6374671
6617646
6879563
7058833
262646
429539
661771
920750
1089042
1323521
1568917
1764708
2005833
2190863
2426479
2681458
2853174
3088229
3341292
3529417
240313
405167
661771
902167
1066938
1323521
1546313
1764708
2012500
2169875
2426479
2667604
2831646
3088229
3327563
3529417
3783375
3934583
4191167
4451083
4596354
4852938
5105417
5294125
5538750
5699292
5955875
6214688
6361063
6617646
6869417
7058833
3783375
3934583
4191167
4451083
4596354
4852938
5105417
5294125
5538750
5699292
5955875
6214688
6361063
6617646
6869417
7058833
240313
405167
661771
902167
1066938
1323521
1546313
1764708
2012500
2169875
2426479
2667604
2831646
3088229
3327563
3529417
239833
405167
661771
907563
1066938
1323521
1572604
1764708
2021125
2169875
2426479
2678375
2831646
3088229
3341021
3529417
3801583
3934583
4191167
4447104
4596354
4852938
5099438
5294125
5544896
5699292
5955875
6207229
6361063
6617646
6844313
7058833
3801583
3934583
4191167
4447104
4596354
4852938
5099438
5294125
5544896
5699292
5955875
6207229
6361063
6617646
6844313
7058833
239833
405167
661771
907563
1066938
1323521
1572604
1764708
2021125
2169875
2426479
2678375
2831646
3088229
3341021
3529417
257875
405167
661771
925979
1066938
1323521
1571896
1764708
2016396
2169875
2426479
2667250
2831646
3088229
3334208
3529417
3780896
3934583
4191167
4447188
4596354
4852938
5094208
5294125
5529146
5699292
5955875
6215208
6361063
6617646
6865313
7058833
3780896
3934583
4191167
4447188
4596354
4852938
5094208
5294125
5529146
5699292
5955875
6215208
6361063
6617646
6865313
7058833
257875
405167
661771
925979
1066938
1323521
1571896
1764708
2016396
2169875
2426479
2667250
2831646
3088229
3334208
3529417
242438
405167
661771
910875
1066938
1323521
1566333
1764708
2008167
2169875
2426479
2673646
2831646
3088229
3335083
3529417
3787063
3934583
4191167
4444229
4596354
4852938
5102021
5294125
5535188
5699292
5955875
6202729
6361063
6617646
6869229
7058833
3787063
3934583
4191167
4444229
4596354
4852938
5102021
5294125
5535188
5699292
5955875
6202729
6361063
6617646
6869229
7058833
242438
405167
661771
910875
1066938
1323521
1566333
1764708
2008167
2169875
2426479
2673646
2831646
3088229
3335083
3529417
253625
405167
661771
902792
1066938
1323521
1555063
1764708
2006583
2169875
2426479
2675500
2831646
3088229
3326667
3529417
3756750
3934583
4191167
4431125
4596354
4852938
5108167
5294125
5545146
5699292
5955875
6193792
6361063
6617646
6855854
7058833
3756750
3934583
4191167
4431125
4596354
4852938
5108167
5294125
5545146
5699292
5955875
6193792
6361063
6617646
6855854
7058833
253625
405167
661771
902792
1066938
1323521
1555063
1764708
2006583
2169875
2426479
2675500
2831646
3088229
3326667
3529417
272875
405167
661771
894646
1066938
1323521
1564729
1764708
2014708
2169875
2426479
2690813
2831646
3088229
3327333
3529417
3761021
3934583
4191167
4441250
4596354
4852938
5084750
5294125
5534833
5699292
5955875
6203604
6361063
6617646
6872521
7058833
3761021
3934583
4191167
4441250
4596354
4852938
5084750
5294125
5534833
5699292
5955875
6203604
6361063
6617646
6872521
7058833
272875
405167
661771
894646
1066938
1323521
1564729
1764708
2014708
2169875
2426479
2690813
2831646
3088229
3327333
3529417
255646
405167
661771
912771
1066938
1323521
1562021
1764708
2020479
2169875
2426479
2676646
2831646
3088229
3336354
3529417
3780271
3934583
4191167
4441000
4596354
4852938
5093021
5294125
5526750
5699292
5955875
6203083
6361063
6617646
6854563
7058833
3780271
3934583
4191167
4441000
4596354
4852938
5093021
5294125
5526750
5699292
5955875
6203083
6361063
6617646
6854563
7058833
255646
405167
661771
912771
1066938
1323521
1562021
1764708
2020479
2169875
2426479
2676646
2831646
3088229
3336354
3529417
0
0
0
0
0
0
0
0
0
0
0
0
0
0
0
0
0
0
0
0
0
0
0
0
0
0
0
0
0
0
0
0
0
0
0
0
0
0
0
0
0
0
0
0
0
0
0
0
0
0
0
0
0
0
0
0
0
0
0
0
0
0
0
0
8636
0
0
1193
0
0
5016
0
7005
0
0
2604
0
0
5295
0
10000
0
0
3425
0
0
6832
0
6756
0
0
1
0
0
5557
0
10000
0
0
3425
0
0
6832
0
6756
0
0
1
0
0
5557
0
8636
0
0
1193
0
0
5016
0
7005
0
0
2604
0
0
5295
0
889
0
0
1306
0
0
3
0
10000
0
0
921
0
0
95
0
6464
0
0
1
0
0
4
0
3830
0
0
21
0
0
6438
0
6464
0
0
1
0
0
4
0
3830
0
0
21
0
0
6438
0
889
0
0
1306
0
0
3
0
10000
0
0
921
0
0
95
0
6451
0
0
8902
0
0
2859
0
5790
0
0
6429
0
0
7869
0
2846
0
0
6103
0
0
10000
0
4474
0
0
1
0
0
5554
0
2846
0
0
6103
0
0
10000
0
4474
0
0
1
0
0
5554
0
6451
0
0
8902
0
0
2859
0
5790
0
0
6429
0
0
7869
0
6566
0
0
5964
0
0
10000
0
4729
0
0
972
0
0
8613
0
4450
0
0
1
0
0
8844
0
2369
0
0
9417
0
0
1433
0
4450
0
0
1
0
0
8844
0
2369
0
0
9417
0
0
1433
0
6566
0
0
5964
0
0
10000
0
4729
0
0
972
0
0
8613
0
1
0
0
3575
0
0
8400
0
4836
0
0
4731
0
0
8398
0
2868
0
0
6207
0
0
7066
0
4221
0
0
6005
0
0
10000
0
2868
0
0
6207
0
0
7066
0
4221
0
0
6005
0
0
10000
0
1
0
0
3575
0
0
8400
0
4836
0
0
4731
0
0
8398
0
1866
0
0
1
0
0
4297
0
5258
0
0
3815
0
0
4061
0
7569
0
0
8493
0
0
7852
0
10000
0
0
2006
0
0
2519
0
7569
0
0
8493
0
0
7852
0
10000
0
0
2006
0
0
2519
0
1866
0
0
1
0
0
4297
0
5258
0
0
3815
0
0
4061
0
9016
0
0
1
0
0
4156
0
10000
0
0
260
0
0
2045
0
7808
0
0
5199
0
0
4900
0
9539
0
0
300
0
0
3131
0
7808
0
0
5199
0
0
4900
0
9539
0
0
300
0
0
3131
0
9016
0
0
1
0
0
4156
0
10000
0
0
260
0
0
2045
0
6917
0
0
1
0
0
3177
0
3836
0
0
2236
0
0
5791
0
2974
0
0
1737
0
0
236
0
3113
0
0
1464
0
0
10000
0
2974
0
0
1737
0
0
236
0
3113
0
0
1464
0
0
10000
0
6917
0
0
1
0
0
3177
0
3836
0
0
2236
0
0
5791
0
6400
0
0
1
0
0
6700
0
3873
0
0
4678
0
0
7084
0
10000
0
0
7928
0
0
4697
0
7409
0
0
3777
0
0
5749
0
10000
0
0
7928
0
0
4697
0
7409
0
0
3777
0
0
5749
0
6400
0
0
1
0
0
6700
0
3873
0
0
4678
0
0
7084
0
6055
0
0
1
0
0
2999
0
6105
0
0
1937
0
0
7552
0
7743
0
0
4060
0
0
4295
0
4854
0
0
3968
0
0
10000
0
7743
0
0
4060
0
0
4295
0
4854
0
0
3968
0
0
10000
0
6055
0
0
1
0
0
2999
0
6105
0
0
1937
0
0
7552
0
3541
0
0
1
0
0
4194
0
3611
0
0
1390
0
0
8583
0
10000
0
0
9999
0
0
7215
0
8612
0
0
5251
0
0
8691
0
10000
0
0
9999
0
0
7215
0
8612
0
0
5251
0
0
8691
0
3541
0
0
1
0
0
4194
0
3611
0
0
1390
0
0
8583
0
10000
0
0
4601
0
0
2500
0
3077
0
0
440
0
0
2445
0
1
0
0
7278
0
0
9723
0
9216
0
0
2785
0
0
5409
0
1
0
0
7278
0
0
9723
0
9216
0
0
2785
0
0
5409
0
10000
0
0
4601
0
0
2500
0
3077
0
0
440
0
0
2445
0
4951
0
0
5195
0
0
6472
0
2988
0
0
5318
0
0
9801
0
1
0
0
2774
0
0
5737
0
4217
0
0
7762
0
0
10000
0
1
0
0
2774
0
0
5737
0
4217
0
0
7762
0
0
10000
0
4951
0
0
5195
0
0
6472
0
2988
0
0
5318
0
0
9801
0
4416
0
0
4341
0
0
10000
0
5903
0
0
4123
0
0
5301
0
921
0
0
4511
0
0
6127
0
1
0
0
3547
0
0
9292
0
921
0
0
4511
0
0
6127
0
1
0
0
3547
0
0
9292
0
4416
0
0
4341
0
0
10000
0
5903
0
0
4123
0
0
5301
0
3706
0
0
2201
0
0
6406
0
941
0
0
186
0
0
7388
0
1
0
0
852
0
0
10000
0
3335
0
0
1296
0
0
3501
0
1
0
0
852
0
0
10000
0
3335
0
0
1296
0
0
3501
0
3706
0
0
2201
0
0
6406
0
941
0
0
186
0
0
7388
0
7429
0
0
4895
0
0
7371
0
7005
0
0
5940
0
0
8509
0
10000
0
0
5434
0
0
7836
0
1
0
0
231
0
0
8818
0
10000
0
0
5434
0
0
7836
0
1
0
0
231
0
0
8818
0
7429
0
0
4895
0
0
7371
0
7005
0
0
5940
0
0
8509
0
3219
0
0
271
0
0
3699
0
5741
0
0
6033
0
0
1
0
10000
0
0
4418
0
0
5199
0
2247
0
0
5140
0
0
5904
0
10000
0
0
4418
0
0
5199
0
2247
0
0
5140
0
0
5904
0
3219
0
0
271
0
0
3699
0
5741
0
0
6033
0
0
1
0
10000
0
0
3075
0
0
7077
0
5530
0
0
1
0
0
8463
0
5352
0
0
3469
0
0
8899
0
2506
0
0
7758
0
0
5734
0
5352
0
0
3469
0
0
8899
0
2506
0
0
7758
0
0
5734
0
10000
0
0
3075
0
0
7077
0
5530
0
0
1
0
0
8463
0
1160
0
0
2525
0
0
10000
0
1
0
0
1308
0
0
3243
0
4735
0
0
6276
0
0
1983
0
5512
0
0
5262
0
0
989
0
4735
0
0
6276
0
0
1983
0
5512
0
0
5262
0
0
989
0
1160
0
0
2525
0
0
10000
0
1
0
0
1308
0
0
3243
0
0
0
0
0
0
0
0
0
0
0
0
0
0
0
0
0
0
0
0
0
0
0
0
0
0
0
0
0
0
0
0
0
0
0
0
0
0
0
0
0
0
0
0
0
0
0
0
0
0
0
0
0
0
0
0
0
0
0
0
0
0
0
0
0
5012
0
0
4050
0
0
2007
0
7795
0
0
4436
0
0
6100
0
3201
0
0
1419
0
0
1
0
10000
0
0
4366
0
0
4585
0
3201
0
0
1419
0
0
1
0
10000
0
0
4366
0
0
4585
0
5012
0
0
4050
0
0
2007
0
7795
0
0
4436
0
0
6100
0
1917
0
0
1133
0
0
3422
0
1628
0
0
890
0
0
4598
0
5451
0
0
1
0
0
2240
0
2785
0
0
3439
0
0
10000
0
5451
0
0
1
0
0
2240
0
2785
0
0
3439
0
0
10000
0
1917
0
0
1133
0
0
3422
0
1628
0
0
890
0
0
4598
0
9363
0
0
6268
0
0
10000
0
4286
0
0
9325
0
0
1994
0
7311
0
0
6386
0
0
6794
0
7379
0
0
8558
0
0
1
0
7311
0
0
6386
0
0
6794
0
7379
0
0
8558
0
0
1
0
9363
0
0
6268
0
0
10000
0
4286
0
0
9325
0
0
1994
0
2001
0
0
134
0
0
18
0
4136
0
0
2077
0
0
1670
0
4664
0
0
1
0
0
1658
0
10000
0
0
765
0
0
8029
0
4664
0
0
1
0
0
1658
0
10000
0
0
765
0
0
8029
0
2001
0
0
134
0
0
18
0
4136
0
0
2077
0
0
1670
0
9985
0
0
1123
0
0
7782
0
10000
0
0
1
0
0
4732
0
4959
0
0
3005
0
0
5732
0
3371
0
0
3114
0
0
8547
0
4959
0
0
3005
0
0
5732
0
3371
0
0
3114
0
0
8547
0
9985
0
0
1123
0
0
7782
0
10000
0
0
1
0
0
4732
0
3311
0
0
9
0
0
3363
0
4590
0
0
4845
0
0
1959
0
3200
0
0
1
0
0
6520
0
10000
0
0
1074
0
0
2349
0
3200
0
0
1
0
0
6520
0
10000
0
0
1074
0
0
2349
0
3311
0
0
9
0
0
3363
0
4590
0
0
4845
0
0
1959
0
8251
0
0
5217
0
0
10000
0
7542
0
0
3559
0
0
6790
0
1
0
0
4136
0
0
3283
0
8543
0
0
4778
0
0
5653
0
1
0
0
4136
0
0
3283
0
8543
0
0
4778
0
0
5653
0
8251
0
0
5217
0
0
10000
0
7542
0
0
3559
0
0
6790
0
7583
0
0
3144
0
0
293
0
8341
0
0
958
0
0
10000
0
3883
0
0
1863
0
0
4831
0
2923
0
0
1
0
0
3856
0
3883
0
0
1863
0
0
4831
0
2923
0
0
1
0
0
3856
0
7583
0
0
3144
0
0
293
0
8341
0
0
958
0
0
10000
0
8786
0
0
1
0
0
5833
0
9784
0
0
1966
0
0
7608
0
7957
0
0
6473
0
0
3591
0
8845
0
0
10000
0
0
5077
0
7957
0
0
6473
0
0
3591
0
8845
0
0
10000
0
0
5077
0
8786
0
0
1
0
0
5833
0
9784
0
0
1966
0
0
7608
0
5933
0
0
4072
0
0
5468
0
9785
0
0
1
0
0
5505
0
2790
0
0
952
0
0
6092
0
5827
0
0
214
0
0
10000
0
2790
0
0
952
0
0
6092
0
5827
0
0
214
0
0
10000
0
5933
0
0
4072
0
0
5468
0
9785
0
0
1
0
0
5505
0
1
0
0
1682
0
0
5719
0
6431
0
0
159
0
0
8385
0
2813
0
0
10000
0
0
9873
0
9238
0
0
5745
0
0
4961
0
2813
0
0
10000
0
0
9873
0
9238
0
0
5745
0
0
4961
0
1
0
0
1682
0
0
5719
0
6431
0
0
159
0
0
8385
0
7951
0
0
4277
0
0
7489
0
8101
0
0
6590
0
0
4055
0
10000
0
0
4029
0
0
1
0
5362
0
0
1703
0
0
9675
0
10000
0
0
4029
0
0
1
0
5362
0
0
1703
0
0
9675
0
7951
0
0
4277
0
0
7489
0
8101
0
0
6590
0
0
4055
0
1822
0
0
3053
0
0
3691
0
1731
0
0
1538
0
0
3301
0
1
0
0
8919
0
0
10000
0
2135
0
0
991
0
0
4934
0
1
0
0
8919
0
0
10000
0
2135
0
0
991
0
0
4934
0
1822
0
0
3053
0
0
3691
0
1731
0
0
1538
0
0
3301
0
8081
0
0
6209
0
0
10000
0
4664
0
0
6832
0
0
9018
0
1
0
0
1829
0
0
5116
0
5844
0
0
4732
0
0
5184
0
1
0
0
1829
0
0
5116
0
5844
0
0
4732
0
0
5184
0
8081
0
0
6209
0
0
10000
0
4664
0
0
6832
0
0
9018
0
1178
0
0
8833
0
0
8484
0
4178
0
0
4489
0
0
10000
0
6065
0
0
6587
0
0
7682
0
5403
0
0
1
0
0
3647
0
6065
0
0
6587
0
0
7682
0
5403
0
0
1
0
0
3647
0
1178
0
0
8833
0
0
8484
0
4178
0
0
4489
0
0
10000
0
6078
0
0
4131
0
0
5582
0
7002
0
0
1676
0
0
10000
0
3752
0
0
1138
0
0
7650
0
1
0
0
1109
0
0
5806
0
3752
0
0
1138
0
0
7650
0
1
0
0
1109
0
0
5806
0
6078
0
0
4131
0
0
5582
0
7002
0
0
1676
0
0
10000
0
3401
0
0
3185
0
0
9645
0
9101
0
0
3548
0
0
8372
0
9207
0
0
1
0
0
6816
0
10000
0
0
1306
0
0
4144
0
9207
0
0
1
0
0
6816
0
10000
0
0
1306
0
0
4144
0
3401
0
0
3185
0
0
9645
0
9101
0
0
3548
0
0
8372
0
4751
0
0
914
0
0
10000
0
3272
0
0
579
0
0
7107
0
6666
0
0
6665
0
0
6295
0
1207
0
0
1
0
0
5346
0
6666
0
0
6665
0
0
6295
0
1207
0
0
1
0
0
5346
0
4751
0
0
914
0
0
10000
0
3272
0
0
579
0
0
7107
0
8026
0
0
417
0
0
1955
0
2327
0
0
2220
0
0
10000
0
3310
0
0
4583
0
0
3547
0
4375
0
0
1824
0
0
1
0
3310
0
0
4583
0
0
3547
0
4375
0
0
1824
0
0
1
0
8026
0
0
417
0
0
1955
0
2327
0
0
2220
0
0
10000
0
0
0
0
0
0
0
0
0
0
0
0
0
0
0
0
0
0
0
0
0
0
0
0
0
0
0
0
0
0
0
0
0
0
0
0
0
0
0
0
0
0
0
0
0
0
0
0
0
0
0
0
0
0
0
0
0
0
0
0
0
0
0
0
0
20
46
20
20
46
20
20
20
20
46
20
20
46
20
20
20
20
46
20
20
46
20
20
20
20
46
20
20
46
20
20
20
20
46
20
20
46
20
20
20
20
46
20
20
46
20
20
20
20
46
20
20
46
20
20
20
20
46
20
20
46
20
20
20
46
46
46
46
46
46
46
46
46
46
46
46
46
46
46
46
46
46
46
46
46
46
46
46
46
46
46
46
46
46
46
46
46
46
46
46
46
46
46
46
46
46
46
46
46
46
46
46
46
46
46
46
46
46
46
46
46
46
46
46
46
46
46
46
46
46
46
46
46
46
46
46
46
46
46
46
46
46
46
46
46
46
46
46
46
46
46
46
46
46
46
46
46
46
46
46
46
46
46
46
46
46
46
46
46
46
46
46
46
46
46
46
46
46
46
46
46
46
46
46
46
46
46
46
46
46
46
46
46
46
46
46
46
46
46
46
46
46
46
46
46
46
46
46
46
46
46
46
46
46
46
46
46
46
46
46
46
46
46
46
46
46
46
46
46
46
46
46
46
46
46
46
46
46
46
46
46
46
46
46
46
46
46
46
46
46
46
46
46
46
46
46
46
46
46
46
46
46
46
46
46
46
46
46
46
46
46
46
46
46
46
46
46
46
46
46
46
46
46
46
46
46
46
46
46
46
46
46
46
46
46
46
46
46
46
46
46
46
46
46
46
46
46
46
46
46
46
46
46
46
46
46
46
46
46
46
46
46
46
46
46
46
46
46
46
46
46
46
46
46
46
46
46
46
46
46
46
46
46
46
46
46
46
46
46
46
46
46
20
46
20
20
46
20
20
20
20
46
20
20
46
20
20
20
20
46
20
20
46
20
20
20
20
46
20
20
46
20
20
20
20
46
20
20
46
20
20
20
20
46
20
20
46
20
20
20
20
46
20
20
46
20
20
20
20
46
20
20
46
20
20
20
46
46
46
46
46
46
46
46
46
46
46
46
46
46
46
46
46
46
46
46
46
46
46
46
46
46
46
46
46
46
46
46
46
46
46
46
46
46
46
46
46
46
46
46
46
46
46
46
46
46
46
46
46
46
46
46
46
46
46
46
46
46
46
46
46
46
46
46
46
46
46
46
46
46
46
46
46
46
46
46
46
46
46
46
46
46
46
46
46
46
46
46
46
46
46
46
46
46
46
46
46
46
46
46
46
46
46
46
46
46
46
46
46
46
46
46
46
46
46
46
46
46
46
46
46
46
46
46
46
46
46
46
46
46
46
46
46
46
46
46
46
46
46
46
46
46
46
46
46
46
46
46
46
46
46
46
46
46
46
46
46
46
46
46
46
46
46
46
46
46
46
46
46
46
46
46
46
46
46
46
46
46
46
46
46
46
46
46
46
46
46
46
46
46
46
46
46
46
46
46
46
46
46
46
46
46
46
46
46
46
46
46
46
46
46
46
46
46
46
46
46
46
46
46
46
46
46
46
46
46
46
46
46
46
46
46
46
46
46
46
46
46
46
46
46
46
46
46
46
46
46
46
46
46
46
46
46
46
46
46
46
46
46
46
46
46
46
46
46
46
46
46
46
46
46
46
46
46
46
46
46
46
46
46
46
46
46
46
20
46
20
20
46
20
20
20
20
46
20
20
46
20
20
20
20
46
20
20
46
20
20
20
20
46
20
20
46
20
20
20
20
46
20
20
46
20
20
20
20
46
20
20
46
20
20
20
20
46
20
20
46
20
20
20
20
46
20
20
46
20
20
20
46
46
46
46
46
46
46
46
46
46
46
46
46
46
46
46
46
46
46
46
46
46
46
46
46
46
46
46
46
46
46
46
46
46
46
46
46
46
46
46
46
46
46
46
46
46
46
46
46
46
46
46
46
46
46
46
46
46
46
46
46
46
46
46
46
46
46
46
46
46
46
46
46
46
46
46
46
46
46
46
46
46
46
46
46
46
46
46
46
46
46
46
46
46
46
46
46
46
46
46
46
46
46
46
46
46
46
46
46
46
46
46
46
46
46
46
46
46
46
46
46
46
46
46
46
46
46
46
46
46
46
46
46
46
46
46
46
46
46
46
46
46
46
46
46
46
46
46
46
46
46
46
46
46
46
46
46
46
46
46
46
46
46
46
46
46
46
46
46
46
46
46
46
46
46
46
46
46
46
46
46
46
46
46
46
46
46
46
46
46
46
46
46
46
46
46
46
46
46
46
46
46
46
46
46
46
46
46
46
46
46
46
46
46
46
46
46
46
46
46
46
46
46
46
27
46
27
27
46
27
27
27
27
46
27
27
46
27
27
27
27
46
27
27
46
27
27
27
27
46
27
27
46
27
27
27
27
46
27
27
46
27
27
27
27
46
27
27
46
27
27
27
27
46
27
27
46
27
27
27
27
46
27
27
46
27
27
27
20
46
20
20
46
20
20
20
20
46
20
20
46
20
20
20
20
46
20
20
46
20
20
20
20
46
20
20
46
20
20
20
20
46
20
20
46
20
20
20
20
46
20
20
46
20
20
20
20
46
20
20
46
20
20
20
20
46
20
20
46
20
20
20
46
46
46
46
46
46
46
46
46
46
46
46
46
46
46
46
46
46
46
46
46
46
46
46
46
46
46
46
46
46
46
46
46
46
46
46
46
46
46
46
46
46
46
46
46
46
46
46
46
46
46
46
46
46
46
46
46
46
46
46
46
46
46
46
46
46
46
46
46
46
46
46
46
46
46
46
46
46
46
46
46
46
46
46
46
46
46
46
46
46
46
46
46
46
46
46
46
46
46
46
46
46
46
46
46
46
46
46
46
46
46
46
46
46
46
46
46
46
46
46
46
46
46
46
46
46
46
46
46
46
46
46
46
46
46
46
46
46
46
46
46
46
46
46
46
46
46
46
46
46
46
46
46
46
46
46
46
46
46
46
46
46
46
46
46
46
46
46
46
46
46
46
46
46
46
46
46
46
46
46
46
46
46
46
46
46
46
46
46
46
46
46
46
46
46
46
46
46
46
46
46
46
46
46
46
46
46
46
46
46
46
46
46
46
46
46
46
46
46
46
46
46
46
46
46
46
46
46
46
46
46
46
46
46
46
46
46
46
46
46
46
46
46
46
46
46
46
46
46
46
46
46
46
46
46
46
46
46
46
46
46
46
46
46
46
46
46
46
46
46
46
46
46
46
46
46
46
46
46
46
46
46
46
46
46
46
46
46
20
46
20
20
46
20
20
20
20
46
20
20
46
20
20
20
20
46
20
20
46
20
20
20
20
46
20
20
46
20
20
20
46
46
46
46
46
46
46
46
46
46
46
46
46
46
46
46
46
46
46
46
46
46
46
46
46
46
46
46
46
46
46
46
46
46
46
46
46
46
46
46
46
46
46
46
46
46
46
46
46
46
46
46
46
46
46
46
46
46
46
46
46
46
46
46
46
46
46
46
46
46
46
46
46
46
46
46
46
46
46
46
46
46
46
46
46
46
46
46
46
46
46
46
46
46
46
46
46
46
46
46
46
46
46
46
46
46
46
46
46
46
46
46
46
46
46
46
46
46
46
46
46
46
46
46
46
46
46
46
46
46
46
46
46
46
46
46
46
46
46
46
46
46
46
46
46
46
46
46
46
46
46
46
46
46
46
46
46
46
46
46
46
46
46
46
46
46
46
46
46
46
46
46
46
46
46
46
46
46
46
46
46
46
46
46
46
46
46
46
46
46
46
46
46
46
46
46
46
46
46
46
46
46
46
46
46
46
46
46
46
46
46
46
46
46
46
46
46
46
46
46
46
46
46
46
46
46
46
46
46
46
46
46
46
46
46
46
46
46
46
46
46
46
46
46
46
46
46
46
46
46
46
46
46
46
46
46
27
46
27
27
46
27
27
27
27
46
27
27
46
27
27
27
27
46
27
27
46
27
27
27
27
46
27
27
46
27
27
27
27
46
27
27
46
27
27
27
27
46
27
27
46
27
27
27
27
46
27
27
46
27
27
27
27
46
27
27
46
27
27
27
20
46
20
20
46
20
20
20
20
46
20
20
46
20
20
20
20
46
20
20
46
20
20
20
20
46
20
20
46
20
20
20
46
46
46
46
46
46
46
46
46
46
46
46
46
46
46
46
46
46
46
46
46
46
46
46
46
46
46
46
46
46
46
46
46
46
46
46
46
46
46
46
46
46
46
46
46
46
46
46
46
46
46
46
46
46
46
46
46
46
46
46
46
46
46
46
46
46
46
46
46
46
46
46
46
46
46
46
46
46
46
46
46
46
46
46
46
46
46
46
46
46
46
46
46
46
46
46
46
46
46
46
46
46
46
46
46
46
46
46
46
46
46
46
46
46
46
46
46
46
46
46
46
46
46
46
46
46
46
46
46
46
46
46
46
46
46
46
46
46
46
46
46
46
46
46
46
46
46
46
46
46
46
46
46
46
46
46
46
46
46
46
46
46
46
46
46
46
46
46
46
46
46
46
46
46
46
46
46
46
46
46
46
46
46
46
46
46
46
46
46
46
46
46
46
46
46
46
46
46
46
46
46
46
46
46
46
46
46
46
46
46
46
46
46
46
46
46
46
46
46
46
46
46
46
46
46
46
46
46
46
46
46
46
46
46
46
46
46
46
46
46
46
46
46
46
46
46
46
46
46
46
46
46
46
46
46
46
46
46
46
46
46
46
46
46
46
46
46
46
46
46
46
46
46
46
46
46
46
46
46
46
46
46
46
46
46
46
46
46
20
46
20
20
46
20
20
20
20
46
20
20
46
20
20
20
20
46
20
20
46
20
20
20
20
46
20
20
46
20
20
20
46
46
46
46
46
46
46
46
46
46
46
46
46
46
46
46
46
46
46
46
46
46
46
46
46
46
46
46
46
46
46
46
46
46
46
46
46
46
46
46
46
46
46
46
46
46
46
46
46
46
46
46
46
46
46
46
46
46
46
46
46
46
46
46
46
46
46
46
46
46
46
46
46
46
46
46
46
46
46
46
46
46
46
46
46
46
46
46
46
46
46
46
46
46
46
46
46
46
46
46
46
46
46
46
46
46
46
46
46
46
46
46
46
46
46
46
46
46
46
46
46
46
46
46
46
46
46
46
46
46
46
46
46
46
46
46
46
46
46
46
46
46
46
46
46
46
46
46
46
46
46
46
46
46
46
46
46
46
46
46
46
46
46
46
46
46
46
46
46
46
46
46
46
46
46
46
46
46
46
46
46
46
46
46
46
46
46
46
46
46
46
46
46
46
46
46
46
46
46
46
46
46
46
46
46
46
46
46
46
46
46
46
46
46
46
46
46
46
46
46
46
46
46
46
46
46
46
46
46
46
46
46
46
46
46
46
46
46
46
46
46
46
46
46
46
46
46
46
46
46
46
46
46
46
46
46
46
46
46
46
46
46
46
46
46
46
46
46
46
46
46
46
46
46
46
46
46
46
46
46
46
46
46
46
46
46
46
46
27
46
27
27
46
27
27
27
27
46
27
27
46
27
27
27
27
46
27
27
46
27
27
27
27
46
27
27
46
27
27
27
20
46
20
20
46
20
20
20
20
46
20
20
46
20
20
20
20
46
20
20
46
20
20
20
20
46
20
20
46
20
20
20
46
46
46
46
46
46
46
46
46
46
46
46
46
46
46
46
46
46
46
46
46
46
46
46
46
46
46
46
46
46
46
46
46
46
46
46
46
46
46
46
46
46
46
46
46
46
46
46
46
46
46
46
46
46
46
46
46
46
46
46
46
46
46
46
20
46
20
20
46
20
20
20
20
46
20
20
46
20
20
20
20
46
20
20
46
20
20
20
20
46
20
20
46
20
20
20
46
46
46
46
46
46
46
46
46
46
46
46
46
46
46
46
46
46
46
46
46
46
46
46
46
46
46
46
46
46
46
46
46
46
46
46
46
46
46
46
46
46
46
46
46
46
46
46
46
46
46
46
46
46
46
46
46
46
46
46
46
46
46
46
46
46
46
46
46
46
46
46
46
46
46
46
46
46
46
46
46
46
46
46
46
46
46
46
46
46
46
46
46
46
46
46
46
46
46
46
46
46
46
46
46
46
46
46
46
46
46
46
46
46
46
46
46
46
46
46
46
46
46
46
46
46
46
46
46
46
46
46
46
46
46
46
46
46
46
46
46
46
46
46
46
46
46
46
46
46
46
46
46
46
46
46
46
46
46
46
46
46
46
46
46
46
46
46
46
46
46
46
46
46
46
46
46
46
46
46
46
46
46
46
46
46
46
46
46
46
46
46
20
46
20
20
46
20
20
20
20
46
20
20
46
20
20
20
20
46
20
20
46
20
20
20
20
46
20
20
46
20
20
20
20
46
20
20
46
20
20
20
20
46
20
20
46
20
20
20
20
46
20
20
46
20
20
20
20
46
20
20
46
20
20
20
46
46
46
46
46
46
46
46
46
46
46
46
46
46
46
46
46
46
46
46
46
46
46
46
46
46
46
46
46
46
46
46
46
46
46
46
46
46
46
46
46
46
46
46
46
46
46
46
46
46
46
46
46
46
46
46
46
46
46
46
46
46
46
46
46
46
46
46
46
46
46
46
46
46
46
46
46
46
46
46
46
46
46
46
46
46
46
46
46
46
46
46
46
46
46
46
46
46
46
46
46
46
46
46
46
46
46
46
46
46
46
46
46
46
46
46
46
46
46
46
46
46
46
46
46
46
46
46
46
46
46
46
46
46
46
46
46
46
46
46
46
46
46
46
46
46
46
46
46
46
46
46
46
46
46
46
46
46
46
46
46
46
46
46
46
46
46
46
46
46
46
46
46
46
46
46
46
46
46
46
46
46
46
46
46
46
46
46
46
46
46
46
46
46
46
46
46
46
46
46
46
46
46
46
46
46
46
46
46
46
46
46
46
46
46
46
46
46
46
46
46
46
46
46
46
46
46
46
46
46
46
46
46
46
46
46
46
46
46
46
46
46
46
46
46
46
46
46
46
46
46
46
46
46
46
46
27
46
27
27
46
27
27
27
27
46
27
27
46
27
27
27
27
46
27
27
46
27
27
27
27
46
27
27
46
27
27
27
20
46
20
20
46
20
20
20
20
46
20
20
46
20
20
20
20
46
20
20
46
20
20
20
20
46
20
20
46
20
20
20
20
46
20
20
46
20
20
20
20
46
20
20
46
20
20
20
20
46
20
20
46
20
20
20
20
46
20
20
46
20
20
20
27
46
27
27
46
27
27
27
27
46
27
27
46
27
27
27
27
46
27
27
46
27
27
27
27
46
27
27
46
27
27
27
46
46
46
46
46
46
46
46
46
46
46
46
46
46
46
46
46
46
46
46
46
46
46
46
46
46
46
46
46
46
46
46
46
46
46
46
46
46
46
46
46
46
46
46
46
46
46
46
46
46
46
46
46
46
46
46
46
46
46
46
46
46
46
46
46
46
46
46
46
46
46
46
46
46
46
46
46
46
46
46
46
46
46
46
46
46
46
46
46
46
46
46
46
46
46
46
46
46
46
46
46
46
46
46
46
46
46
46
46
46
46
46
46
46
46
46
46
46
46
46
46
46
46
46
46
46
46
46
46
46
46
46
46
46
46
46
46
46
46
46
46
46
46
46
46
46
46
46
46
46
46
46
46
46
46
46
46
46
46
46
46
46
46
46
46
46
46
46
46
46
46
46
46
46
46
46
46
46
46
46
46
46
46
46
46
46
46
46
46
46
46
46
46
46
46
46
46
46
46
46
46
46
46
46
46
46
46
46
46
46
46
46
46
46
46
46
46
46
46
46
46
46
46
46
46
46
46
46
46
46
46
46
46
46
46
46
46
46
46
46
46
46
46
46
46
46
46
46
46
46
46
46
46
46
46
46
20
46
20
20
46
20
20
20
20
46
20
20
46
20
20
20
20
46
20
20
46
20
20
20
20
46
20
20
46
20
20
20
20
46
20
20
46
20
20
20
20
46
20
20
46
20
20
20
20
46
20
20
46
20
20
20
20
46
20
20
46
20
20
20
20
46
20
20
46
20
20
20
20
46
20
20
46
20
20
20
20
46
20
20
46
20
20
20
20
46
20
20
46
20
20
20
46
46
46
46
46
46
46
46
46
46
46
46
46
46
46
46
46
46
46
46
46
46
46
46
46
46
46
46
46
46
46
46
46
46
46
46
46
46
46
46
46
46
46
46
46
46
46
46
46
46
46
46
46
46
46
46
46
46
46
46
46
46
46
46
46
46
46
46
46
46
46
46
46
46
46
46
46
46
46
46
46
46
46
46
46
46
46
46
46
46
46
46
46
46
46
46
46
46
46
46
46
46
46
46
46
46
46
46
46
46
46
46
46
46
46
46
46
46
46
46
46
46
46
46
46
46
46
46
46
46
46
46
46
46
46
46
46
46
46
46
46
46
46
46
46
46
46
46
46
46
46
46
46
46
46
46
46
46
46
46
46
46
46
46
46
46
46
46
46
46
46
46
46
46
46
46
46
46
46
46
46
46
46
46
46
46
46
46
46
46
46
46
27
46
27
27
46
27
27
27
27
46
27
27
46
27
27
27
27
46
27
27
46
27
27
27
27
46
27
27
46
27
27
27
27
46
27
27
46
27
27
27
27
46
27
27
46
27
27
27
27
46
27
27
46
27
27
27
27
46
27
27
46
27
27
27
46
46
46
46
46
46
46
46
46
46
46
46
46
46
46
46
46
46
46
46
46
46
46
46
46
46
46
46
46
46
46
46
0
0
0
0
0
0
0
0
0
0
0
0
0
0
0
0
0
0
0
0
0
0
0
0
0
0
0
0
0
0
0
0
0
0
0
0
0
0
0
0
0
0
0
0
0
0
0
0
0
0
0
0
0
0
0
0
0
0
0
0
0
0
0
0
1
0
0
1
0
0
1
0
1
0
0
1
0
0
1
0
1
0
0
1
0
0
1
0
1
0
0
1
0
0
1
0
0
19
0
0
19
0
0
0
0
19
0
0
19
0
0
0
0
19
0
0
19
0
0
0
0
19
0
0
19
0
0
0
0
0
0
0
0
0
0
0
0
0
0
0
0
0
0
0
0
0
0
0
0
0
0
0
0
0
0
0
0
0
0
0
0
0
0
0
0
0
0
0
0
0
0
0
0
0
0
0
0
0
0
0
0
0
0
0
0
0
0
0
0
0
0
0
0
0
0
0
0
0
0
0
0
0
0
0
0
0
0
0
0
0
0
0
0
0
0
0
0
0
0
0
0
0
0
0
0
0
0
0
0
0
0
0
0
0
0
0
0
0
0
0
0
0
0
0
0
0
0
0
0
0
0
0
0
0
0
0
3
0
0
3
0
0
3
0
3
0
0
3
0
0
3
0
3
0
0
3
0
0
3
0
3
0
0
3
0
0
3
0
0
0
0
0
0
0
0
0
0
0
0
0
0
0
0
0
0
0
0
0
0
0
0
0
0
0
0
0
0
0
0
0
0
0
0
0
0
0
0
0
0
0
0
0
0
0
0
0
0
0
0
0
0
0
0
0
0
0
0
0
0
0
0
0
0
0
0
0
0
0
0
0
0
0
0
0
0
0
0
0
0
0
0
0
0
0
0
0
0
0
0
0
0
0
0
0
0
-1
0
0
-1
0
0
0
0
-1
0
0
-1
0
0
0
0
-1
0
0
-1
0
0
0
0
-1
0
0
-1
0
0
0
0
-1
0
0
-1
0
0
0
0
-1
0
0
-1
0
0
0
0
-1
0
0
-1
0
0
0
0
-1
0
0
-1
0
0
0
0
0
0
0
0
0
0
0
0
0
0
0
0
0
0
0
0
0
0
0
0
0
0
0
0
0
0
0
0
0
0
0
0
0
0
0
0
0
0
0
0
0
0
0
0
0
0
0
0
0
0
0
0
0
0
0
0
0
0
0
0
0
0
0
0
0
0
0
0
0
0
0
0
0
0
0
0
0
0
0
0
0
0
0
0
0
0
0
0
0
0
0
0
0
0
0
0
0
0
0
0
0
0
0
0
0
0
0
0
0
0
0
0
0
0
0
0
0
0
0
0
0
0
0
0
0
0
0
0
0
0
0
0
0
0
0
0
0
0
0
0
0
0
0
0
0
0
0
0
0
0
0
0
0
0
0
0
0
0
0
0
0
0
0
0
0
0
0
0
0
0
0
0
0
0
0
0
0
0
0
0
0
0
0
0
0
0
0
0
0
0
0
0
0
0
0
0
0
0
0
0
0
0
0
0
0
0
0
0
0
0
0
0
0
0
0
0
0
0
0
0
0
0
0
0
0
0
0
0
0
0
0
0
0
0
0
0
0
0
0
0
0
0
0
0
0
0
0
0
0
0
0
0
0
0
0
0
0
0
0
0
0
0
0
0
0
0
0
0
0
0
0
0
0
0
0
0
0
0
0
0
0
0
0
0
0
0
0
0
0
0
0
0
0
0
0
0
0
0
0
0
0
0
0
0
0
0
0
0
0
0
0
0
0
0
0
0
0
0
0
0
0
0
0
0
0
0
0
0
0
0
0
0
0
0
0
0
0
0
0
0
0
0
0
0
0
0
0
0
0
0
0
0
0
0
0
0
0
0
0
0
0
0
0
0
0
0
0
0
0
0
0
0
0
0
0
0
0
0
0
0
0
0
0
6
6
6
6
6
6
6
6
6
6
6
6
6
6
6
6
6
6
6
6
6
6
6
6
6
6
6
6
6
6
6
6
0
0
0
0
0
0
0
0
0
0
0
0
0
0
0
0
0
0
0
0
0
0
0
0
0
0
0
0
0
0
0
0
6
6
6
6
6
6
6
6
6
6
6
6
6
6
6
6
6
6
6
6
6
6
6
6
6
6
6
6
6
6
6
6
0
0
0
0
0
0
0
0
0
0
0
0
0
0
0
0
0
0
0
0
0
0
0
0
0
0
0
0
0
0
0
0
6
6
6
6
6
6
6
6
6
6
6
6
6
6
6
6
6
6
6
6
6
6
6
6
6
6
6
6
6
6
6
6
0
0
0
0
0
0
0
0
0
0
0
0
0
0
0
0
0
0
0
0
0
0
0
0
0
0
0
0
0
0
0
0
6
6
6
6
6
6
6
6
6
6
6
6
6
6
6
6
6
6
6
6
6
6
6
6
6
6
6
6
6
6
6
6
0
0
0
0
0
0
0
0
0
0
0
0
0
0
0
0
0
0
0
0
0
0
0
0
0
0
0
0
0
0
0
0
6
6
6
6
6
6
6
6
6
6
6
6
6
6
6
6
6
6
6
6
6
6
6
6
6
6
6
6
6
6
6
6
0
0
0
0
0
0
0
0
0
0
0
0
0
0
0
0
0
0
0
0
0
0
0
0
0
0
0
0
0
0
0
0
6
6
6
6
6
6
6
6
6
6
6
6
6
6
6
6
6
6
6
6
6
6
6
6
6
6
6
6
6
6
6
6
0
0
0
0
0
0
0
0
0
0
0
0
0
0
0
0
0
0
0
0
0
0
0
0
0
0
0
0
0
0
0
0
0
0
0
0
0
0
0
0
0
0
0
0
0
0
0
0
0
0
0
0
0
0
0
0
0
0
0
0
0
0
0
0
11
0
0
11
0
0
11
0
11
0
0
11
0
0
11
0
11
0
0
11
0
0
11
0
11
0
0
11
0
0
11
0
6
6
6
6
6
6
6
6
6
6
6
6
6
6
6
6
6
6
6
6
6
6
6
6
6
6
6
6
6
6
6
6
0
0
0
0
0
0
0
0
0
0
0
0
0
0
0
0
0
0
0
0
0
0
0
0
0
0
0
0
0
0
0
0
6
6
6
6
6
6
6
6
6
6
6
6
6
6
6
6
6
6
6
6
6
6
6
6
6
6
6
6
6
6
6
6
0
0
0
0
0
0
0
0
0
0
0
0
0
0
0
0
0
0
0
0
0
0
0
0
0
0
0
0
0
0
0
0
6
6
6
6
6
6
6
6
6
6
6
6
6
6
6
6
6
6
6
6
6
6
6
6
6
6
6
6
6
6
6
6
0
0
0
0
0
0
0
0
0
0
0
0
0
0
0
0
0
0
0
0
0
0
0
0
0
0
0
0
0
0
0
0
6
6
6
6
6
6
6
6
6
6
6
6
6
6
6
6
6
6
6
6
6
6
6
6
6
6
6
6
6
6
6
6
0
0
0
0
0
0
0
0
0
0
0
0
0
0
0
0
0
0
0
0
0
0
0
0
0
0
0
0
0
0
0
0
6
6
6
6
6
6
6
6
6
6
6
6
6
6
6
6
6
6
6
6
6
6
6
6
6
6
6
6
6
6
6
6
0
0
0
0
0
0
0
0
0
0
0
0
0
0
0
0
0
0
0
0
0
0
0
0
0
0
0
0
0
0
0
0
6
6
6
6
6
6
6
6
6
6
6
6
6
6
6
6
6
6
6
6
6
6
6
6
6
6
6
6
6
6
6
6
0
0
0
0
0
0
0
0
0
0
0
0
0
0
0
0
0
0
0
0
0
0
0
0
0
0
0
0
0
0
0
0
0
0
0
0
0
0
0
0
0
0
0
0
0
0
0
0
0
0
0
0
0
0
0
0
0
0
0
0
0
0
0
0
21
0
0
21
0
0
21
0
21
0
0
21
0
0
21
0
21
0
0
21
0
0
21
0
21
0
0
21
0
0
21
0
0
0
0
0
0
0
0
0
0
0
0
0
0
0
0
0
0
0
0
0
0
0
0
0
0
0
0
0
0
0
0
0
