%pattern_data
-60
3
9
4
4
4
0
0
0
1
0
0
0
0
0
0
0
0
0
0
0
0
1
32
127
0
0
52
74
0
0
0
0
0
0
32
1
-70
-27
1
2
0
0
0
2
0
0
0
2
0
0
0
2
0
0
0
2
0
0
0
2
0
0
0
2
0
0
0
2
0
0
0
2
0
0
0
2
0
0
0
2
0
0
0
2
0
0
0
2
0
0
0
2
0
0
0
2
0
0
0
2
0
0
0
0
0
0
0
0
0
0
0
0
0
0
0
0
0
0
0
0
0
0
0
0
0
0
0
0
0
0
0
0
0
0
0
320249
0
0
0
1477664
0
0
0
2620227
0
0
0
3754694
0
0
0
4948503
0
0
0
6078345
0
0
0
7220907
0
0
0
8394626
0
0
0
4948503
0
0
0
6078345
0
0
0
7220907
0
0
0
8394626
0
0
0
320249
0
0
0
1477664
0
0
0
2620227
0
0
0
3754694
0
0
0
323741
0
0
0
1453764
0
0
0
2572880
0
0
0
3789002
0
0
0
4912268
0
0
0
6070113
0
0
0
7220839
0
0
0
8371995
0
0
0
4912268
0
0
0
6070113
0
0
0
7220839
0
0
0
8371995
0
0
0
323741
0
0
0
1453764
0
0
0
2572880
0
0
0
3789002
0
0
0
269048
0
0
0
1450045
0
0
0
2600907
0
0
0
3761497
0
0
0
4913515
0
0
0
6074830
0
0
0
7233107
0
0
0
8371315
0
0
0
4913515
0
0
0
6074830
0
0
0
7233107
0
0
0
8371315
0
0
0
269048
0
0
0
1450045
0
0
0
2600907
0
0
0
3761497
0
0
0
307098
0
0
0
1446190
0
0
0
2621678
0
0
0
3775556
0
0
0
4939388
0
0
0
6071791
0
0
0
7228776
0
0
0
8386077
0
0
0
4939388
0
0
0
6071791
0
0
0
7228776
0
0
0
8386077
0
0
0
307098
0
0
0
1446190
0
0
0
2621678
0
0
0
3775556
0
0
0
302245
0
0
0
1464830
0
0
0
2626349
0
0
0
3770794
0
0
0
4904286
0
0
0
6078277
0
0
0
7222200
0
0
0
8376689
0
0
0
4904286
0
0
0
6078277
0
0
0
7222200
0
0
0
8376689
0
0
0
302245
0
0
0
1464830
0
0
0
2626349
0
0
0
3770794
0
0
0
276621
0
0
0
1427370
0
0
0
2597075
0
0
0
3752721
0
0
0
4905488
0
0
0
6046961
0
0
0
7219478
0
0
0
8365896
0
0
0
4905488
0
0
0
6046961
0
0
0
7219478
0
0
0
8365896
0
0
0
276621
0
0
0
1427370
0
0
0
2597075
0
0
0
3752721
0
0
0
231497
0
0
0
1052789
0
0
0
1845079
0
0
0
2655782
0
0
0
3472290
0
0
0
4257302
0
0
0
5086349
0
0
0
5900658
0
0
0
3472290
0
0
0
4257302
0
0
0
5086349
0
0
0
5900658
0
0
0
231497
0
0
0
1052789
0
0
0
1845079
0
0
0
2655782
0
0
0
214875
0
0
0
1045420
0
0
0
1842381
0
0
0
2629410
0
0
0
3456825
0
0
0
4301678
0
0
0
5109093
0
0
0
4301678
0
0
0
3456825
0
0
0
4301678
0
0
0
5109093
0
0
0
4301678
0
0
0
214875
0
0
0
1045420
0
0
0
1842381
0
0
0
2629410
0
0
0
248345
0
0
0
1036077
0
0
0
1837800
0
0
0
2630907
0
0
0
3480998
0
0
0
4282948
0
0
0
5092245
0
0
0
5906259
0
0
0
3480998
0
0
0
4282948
0
0
0
5092245
0
0
0
5906259
0
0
0
248345
0
0
0
1036077
0
0
0
1837800
0
0
0
2630907
0
0
0
257755
0
0
0
2670181
0
0
0
1870907
0
0
0
2670181
0
0
0
3484739
0
0
0
4294490
0
0
0
5114490
0
0
0
5945283
0
0
0
3484739
0
0
0
4294490
0
0
0
5114490
0
0
0
5945283
0
0
0
257755
0
0
0
5114490
0
0
0
1870907
0
0
0
2670181
0
0
0
216599
0
0
0
1038980
0
0
0
1859683
0
0
0
2667891
0
0
0
3471587
0
0
0
4276531
0
0
0
5088662
0
0
0
5894354
0
0
0
3471587
0
0
0
4276531
0
0
0
5088662
0
0
0
5894354
0
0
0
216599
0
0
0
1038980
0
0
0
1859683
0
0
0
2667891
0
0
0
212290
0
0
0
1061156
0
0
0
1866803
0
0
0
2656599
0
0
0
3487800
0
0
0
4301814
0
0
0
5081791
0
0
0
5881406
0
0
0
3487800
0
0
0
4301814
0
0
0
5081791
0
0
0
5881406
0
0
0
212290
0
0
0
1061156
0
0
0
1866803
0
0
0
2656599
0
0
0
0
0
0
0
0
0
0
0
0
0
0
0
0
0
0
0
0
0
0
0
0
0
0
0
0
0
0
0
0
0
0
0
0
0
0
0
0
0
0
0
0
0
0
0
0
0
0
0
0
0
0
0
0
0
0
0
0
0
0
0
0
0
0
0
0
0
0
0
0
0
0
0
0
0
0
0
0
0
0
0
0
0
0
0
0
0
0
0
0
0
0
0
0
0
0
0
0
0
0
0
0
0
0
0
0
0
0
0
0
0
0
0
0
0
0
0
0
0
0
0
0
0
0
0
0
0
0
0
0
0
0
0
0
0
0
0
0
0
0
0
0
0
0
0
0
0
0
0
0
0
0
0
0
0
0
0
0
0
0
0
0
0
0
0
0
0
0
0
0
0
0
0
0
0
0
0
0
0
0
0
0
0
0
0
0
0
0
0
0
0
0
0
0
0
0
0
0
0
0
0
0
0
0
0
0
0
0
0
0
0
0
0
0
0
0
0
0
0
0
0
0
0
0
0
0
0
0
0
0
0
0
0
0
0
0
0
0
0
0
0
0
0
0
0
0
0
0
0
0
0
0
0
0
0
0
0
0
0
0
0
0
0
0
0
0
0
0
0
0
0
0
0
0
0
0
0
0
0
0
0
0
0
0
0
0
0
0
0
0
0
0
0
0
0
0
0
0
0
0
0
0
0
0
0
0
0
0
0
0
0
0
0
0
0
0
0
0
0
0
0
0
0
0
0
0
0
0
0
0
0
0
0
0
0
0
0
0
0
0
0
0
0
0
0
0
0
0
0
0
0
0
0
0
0
0
0
0
0
0
0
0
0
0
0
0
0
0
0
0
0
0
0
0
0
0
0
0
0
0
0
0
0
0
0
0
0
0
0
0
0
0
0
0
0
0
0
0
0
0
0
0
0
0
0
0
0
0
0
0
0
0
0
0
0
0
0
0
0
0
0
0
0
0
0
0
0
0
0
0
0
0
0
0
0
0
0
0
0
0
0
0
0
0
0
0
0
0
0
0
0
0
0
0
0
0
0
0
0
0
0
0
0
0
0
0
0
0
0
0
0
0
0
0
0
0
0
0
0
0
0
0
0
0
0
0
0
0
0
0
0
0
0
0
0
0
0
0
0
0
0
0
0
0
0
0
0
0
0
0
0
0
0
0
0
0
0
0
0
0
0
0
0
0
0
0
0
0
0
0
0
0
0
0
0
0
0
0
0
0
0
0
0
0
0
0
0
0
0
0
0
0
0
0
0
0
0
0
0
0
0
0
0
0
0
0
0
0
0
0
0
0
0
0
0
0
0
0
0
0
0
0
0
0
0
0
0
0
0
0
0
0
0
0
0
0
0
0
0
0
0
0
0
0
0
0
0
0
0
0
0
0
0
0
0
0
0
0
0
0
0
0
0
0
0
0
0
0
0
0
0
0
0
0
0
0
0
0
0
0
0
0
0
0
0
0
0
0
0
0
0
0
0
0
0
0
0
0
0
0
0
0
0
0
0
0
0
0
0
0
0
0
0
0
0
0
0
0
0
0
0
0
0
0
0
0
0
0
0
0
0
0
0
0
0
0
0
0
0
0
0
0
0
0
0
0
0
0
0
0
0
0
0
0
0
0
0
0
0
0
0
0
0
0
0
0
0
0
0
0
0
0
0
0
0
0
0
0
0
0
0
0
0
0
0
0
0
0
0
0
0
0
0
0
0
0
0
0
0
0
0
0
0
0
0
0
0
0
0
0
0
0
0
0
0
0
0
0
0
0
0
0
0
0
0
0
0
0
0
0
0
0
0
0
0
0
0
0
0
0
0
0
0
0
0
0
0
0
0
0
0
0
0
0
0
0
0
0
0
0
0
0
0
0
0
0
0
0
0
0
0
0
0
0
0
0
0
0
0
0
0
0
0
0
0
0
0
0
0
0
0
0
0
0
0
0
0
0
0
0
0
0
0
0
0
0
0
0
0
0
0
0
0
0
0
0
0
0
0
0
0
0
0
0
0
0
0
0
0
0
0
0
0
0
0
0
0
0
0
0
0
0
0
0
0
0
0
0
0
0
0
0
0
0
0
0
0
0
0
0
0
0
0
0
0
0
0
0
0
0
0
0
0
0
0
0
0
0
0
0
0
0
0
0
0
0
0
0
0
0
0
0
0
0
0
0
0
0
0
0
0
0
0
0
0
0
0
0
0
0
0
0
0
0
0
0
0
0
0
0
0
0
0
0
0
0
0
0
0
0
0
0
0
0
0
0
0
0
0
0
0
0
0
0
0
0
0
0
0
0
0
0
0
0
0
0
0
0
0
0
0
0
0
0
0
0
0
0
0
0
0
0
0
0
0
0
0
0
0
0
0
0
0
0
0
0
0
0
0
0
0
0
0
0
0
0
0
0
0
0
0
0
0
0
0
0
0
0
0
0
0
0
0
0
0
0
0
0
0
0
0
0
0
0
0
0
0
0
0
0
0
0
0
0
0
0
0
0
0
0
0
0
0
0
0
0
0
0
0
0
0
0
0
0
0
0
0
0
0
0
0
0
0
0
0
0
0
0
0
0
0
0
0
0
0
0
0
0
0
0
0
0
0
0
0
0
0
0
0
0
0
0
0
0
0
0
0
0
0
0
0
0
0
0
0
0
0
0
0
0
0
0
0
0
0
0
0
0
0
0
0
0
0
0
0
0
0
0
0
0
0
0
0
0
0
0
0
0
0
0
0
0
0
0
0
0
0
0
0
0
0
0
0
0
0
0
0
0
0
0
0
0
0
0
0
0
0
0
0
0
0
0
0
0
0
0
0
0
0
0
0
0
0
0
0
0
0
0
0
0
0
0
0
0
0
0
0
0
0
0
0
0
0
0
0
0
0
0
0
0
0
0
0
0
0
0
0
0
0
0
0
0
0
0
0
0
0
0
0
0
0
0
0
0
0
0
0
0
0
0
0
0
0
0
0
0
0
0
0
0
0
0
0
0
0
0
0
0
0
0
0
0
0
0
0
0
0
0
0
0
0
0
0
0
0
0
0
0
0
0
0
0
0
0
0
0
0
0
0
0
0
0
0
0
0
0
0
0
0
0
0
0
0
0
0
0
0
0
0
0
0
0
0
0
0
0
0
0
0
0
0
0
0
0
0
0
0
0
0
0
0
0
0
0
0
0
0
0
0
0
0
0
0
0
0
0
0
0
0
0
0
0
0
0
0
0
0
0
0
0
0
0
0
0
0
0
0
0
0
0
0
0
0
0
0
0
0
0
0
0
0
0
0
0
0
0
0
0
0
0
0
0
0
0
0
0
0
0
0
0
0
0
0
0
0
0
0
0
0
0
0
0
0
0
0
0
0
0
0
0
0
0
0
0
0
0
0
0
0
0
0
0
0
0
0
0
0
0
0
0
0
0
0
0
0
0
0
0
0
0
0
0
0
0
0
0
0
0
0
0
0
0
0
0
0
0
0
0
0
0
0
0
0
0
0
0
0
308866
0
0
0
1492902
0
0
0
2647460
0
0
0
3793016
0
0
0
4954830
0
0
0
6093810
0
0
0
7253084
0
0
0
8385351
0
0
0
4954830
0
0
0
6093810
0
0
0
7253084
0
0
0
8385351
0
0
0
308866
0
0
0
1492902
0
0
0
2647460
0
0
0
3793016
0
0
0
334626
0
0
0
1472971
0
0
0
2601837
0
0
0
3784921
0
0
0
4950045
0
0
0
6068277
0
0
0
7228821
0
0
0
8377868
0
0
0
4950045
0
0
0
6068277
0
0
0
7228821
0
0
0
8377868
0
0
0
334626
0
0
0
1472971
0
0
0
2601837
0
0
0
3784921
0
0
0
351224
0
0
0
1504558
0
0
0
2672358
0
0
0
3779297
0
0
0
4929456
0
0
0
6073923
0
0
0
7233311
0
0
0
8396644
0
0
0
4929456
0
0
0
6073923
0
0
0
7233311
0
0
0
8396644
0
0
0
351224
0
0
0
1504558
0
0
0
2672358
0
0
0
3779297
0
0
0
286712
0
0
0
1465057
0
0
0
2603673
0
0
0
3771542
0
0
0
4925057
0
0
0
6084014
0
0
0
7215510
0
0
0
8378050
0
0
0
4925057
0
0
0
6084014
0
0
0
7215510
0
0
0
8378050
0
0
0
286712
0
0
0
1465057
0
0
0
2603673
0
0
0
3771542
0
0
0
310544
0
0
0
1500952
0
0
0
2617891
0
0
0
3785147
0
0
0
4946100
0
0
0
6082562
0
0
0
7242857
0
0
0
8405533
0
0
0
4946100
0
0
0
6082562
0
0
0
6082562
0
0
0
8405533
0
0
0
3785147
0
0
0
1500952
0
0
0
2617891
0
0
0
3785147
0
0
0
292834
0
0
0
1468776
0
0
0
2624739
0
0
0
3746032
0
0
0
4909161
0
0
0
6100136
0
0
0
7251247
0
0
0
8390952
0
0
0
4909161
0
0
0
6100136
0
0
0
7251247
0
0
0
8390952
0
0
0
292834
0
0
0
1468776
0
0
0
2624739
0
0
0
3746032
0
0
0
263673
0
0
0
1059365
0
0
0
1867120
0
0
0
2701837
0
0
0
3504104
0
0
0
4307007
0
0
0
5118934
0
0
0
5912676
0
0
0
3504104
0
0
0
4307007
0
0
0
5118934
0
0
0
5912676
0
0
0
263673
0
0
0
1059365
0
0
0
1867120
0
0
0
2701837
0
0
0
217075
0
0
0
1051565
0
0
0
1843401
0
0
0
2636372
0
0
0
3488571
0
0
0
4309161
0
0
0
5087211
0
0
0
5904127
0
0
0
3488571
0
0
0
4309161
0
0
0
5087211
0
0
0
5904127
0
0
0
217075
0
0
0
1051565
0
0
0
1843401
0
0
0
2636372
0
0
0
245465
0
0
0
1037891
0
0
0
1832404
0
0
0
2640023
0
0
0
3470385
0
0
0
4314671
0
0
0
5111746
0
0
0
5914943
0
0
0
3470385
0
0
0
4314671
0
0
0
5111746
0
0
0
5914943
0
0
0
245465
0
0
0
1037891
0
0
0
1832404
0
0
0
2640023
0
0
0
198776
0
0
0
1038685
0
0
0
1831587
0
0
0
2666009
0
0
0
3461995
0
0
0
4270499
0
0
0
5096780
0
0
0
4270499
0
0
0
3461995
0
0
0
4270499
0
0
0
5096780
0
0
0
4270499
0
0
0
198776
0
0
0
1038685
0
0
0
1831587
0
0
0
2666009
0
0
0
251542
0
0
0
1075034
0
0
0
1856780
0
0
0
2662744
0
0
0
3511950
0
0
0
4308617
0
0
0
5128776
0
0
0
5902222
0
0
0
3511710
0
0
0
4308617
0
0
0
5128776
0
0
0
5902222
0
0
0
251542
0
0
0
1075034
0
0
0
1856780
0
0
0
2662744
0
0
0
240317
0
0
0
1072948
0
0
0
1880510
0
0
0
2688685
0
0
0
3492721
0
0
0
4311224
0
0
0
5124966
0
0
0
5940023
0
0
0
3492721
0
0
0
4311224
0
0
0
5124966
0
0
0
5940023
0
0
0
240317
0
0
0
1072948
0
0
0
2688685
0
0
0
2691415
0
0
0
0
0
0
0
0
0
0
0
0
0
0
0
0
0
0
0
0
0
0
0
0
0
0
0
0
0
0
0
0
0
0
0
0
0
0
0
0
0
0
0
0
0
0
0
0
0
0
0
0
0
0
0
0
0
0
0
0
0
0
0
0
0
0
0
0
0
0
0
0
0
0
0
0
0
0
0
0
0
0
0
0
0
0
0
0
0
0
0
0
0
0
0
0
0
0
0
0
0
0
0
0
0
0
0
0
0
0
0
0
0
0
0
0
0
0
0
0
0
0
0
0
0
0
0
0
0
0
0
0
0
0
0
0
0
0
0
0
0
0
0
0
0
0
0
0
0
0
0
0
0
0
0
0
0
0
0
0
0
0
0
0
0
0
0
0
0
0
0
0
0
0
0
0
0
0
0
0
0
0
0
0
0
0
0
0
0
0
0
0
0
0
0
0
0
0
0
0
0
0
0
0
0
0
0
0
0
0
0
0
0
0
0
0
0
0
0
0
0
0
0
0
0
0
0
0
0
0
0
0
0
0
0
0
0
0
0
0
0
0
0
0
0
0
0
0
0
0
0
0
0
0
0
0
0
0
0
0
0
0
0
0
0
0
0
0
0
0
0
0
0
0
0
0
0
0
0
0
0
0
0
0
0
0
0
0
0
0
0
0
0
0
0
0
0
0
0
0
0
0
0
0
0
0
0
0
0
0
0
0
0
0
0
0
0
0
0
0
0
0
0
0
0
0
0
0
0
0
0
0
0
0
0
0
0
0
0
0
0
0
0
0
0
0
0
0
0
0
0
0
0
0
0
0
0
0
0
0
0
0
0
0
0
0
0
0
0
0
0
0
0
0
0
0
0
0
0
0
0
0
0
0
0
0
0
0
0
0
0
0
0
0
0
0
0
0
0
0
0
0
0
0
0
0
0
0
0
0
0
0
0
0
0
0
0
0
0
0
0
0
0
0
0
0
0
0
0
0
0
0
0
0
0
0
0
0
0
0
0
0
0
0
0
0
0
0
0
0
0
0
0
0
0
0
0
0
0
0
0
0
0
0
0
0
0
0
0
0
0
0
0
0
0
0
0
0
0
0
0
0
0
0
0
0
0
0
0
0
0
0
0
0
0
0
0
0
0
0
0
0
0
0
0
0
0
0
0
0
0
0
0
0
0
0
0
0
0
0
0
0
0
0
0
0
0
0
0
0
0
0
0
0
0
0
0
0
0
0
0
0
0
0
0
0
0
0
0
0
0
0
0
0
0
0
0
0
0
0
0
0
0
0
0
0
0
0
0
0
0
0
0
0
0
0
0
0
0
0
0
0
0
0
0
0
0
0
0
0
0
0
0
0
0
0
0
0
0
0
0
0
0
0
0
0
0
0
0
0
0
0
0
0
0
0
0
0
0
0
0
0
0
0
0
0
0
0
0
0
0
0
0
0
0
0
0
0
0
0
0
0
0
0
0
0
0
0
0
0
0
0
0
0
0
0
0
0
0
0
0
0
0
0
0
0
0
0
0
0
0
0
0
0
0
0
0
0
0
0
0
0
0
0
0
0
0
0
0
0
0
0
0
0
0
0
0
0
0
0
0
0
0
0
0
0
0
0
0
0
0
0
0
0
0
0
0
0
0
0
0
0
0
0
0
0
0
0
0
0
0
0
0
0
0
0
0
0
0
0
0
0
0
0
0
0
0
0
0
0
0
0
0
0
0
0
0
0
0
0
0
0
0
0
0
0
0
0
0
0
0
0
0
0
0
0
0
0
0
0
0
0
0
0
0
0
0
0
0
0
0
0
0
0
0
0
0
0
0
0
0
0
0
0
0
0
0
0
0
0
0
0
0
0
0
0
0
0
0
0
0
0
0
0
0
0
0
0
0
0
0
0
0
0
0
0
0
0
0
0
0
0
0
0
0
0
0
0
0
0
0
0
0
0
0
0
0
0
0
0
0
0
0
0
0
0
0
0
0
0
0
0
0
0
0
0
0
0
0
0
0
0
0
0
0
0
0
0
0
0
0
0
0
0
0
0
0
0
0
0
0
0
0
0
0
0
0
0
0
0
0
0
0
0
0
0
0
0
0
0
0
0
0
0
0
0
0
0
0
0
0
0
0
0
0
0
0
0
0
0
0
0
0
0
0
0
0
0
0
0
0
0
0
0
0
0
0
0
0
0
0
0
0
0
0
0
0
0
0
0
0
0
0
0
0
0
0
0
0
0
0
0
0
0
0
0
0
0
0
0
0
0
0
0
0
0
0
0
0
0
0
0
0
0
0
0
0
0
0
0
0
0
0
0
0
0
0
0
0
0
0
0
0
0
0
0
0
0
0
0
0
0
0
0
0
0
0
0
0
0
0
0
0
0
0
0
0
0
0
0
0
0
0
0
0
0
0
0
0
0
0
0
0
0
0
0
0
0
0
0
0
0
0
0
0
0
0
0
0
0
0
0
0
0
0
0
0
0
0
0
0
0
0
0
0
0
0
0
0
0
0
0
0
0
0
0
0
0
0
0
0
0
0
0
0
0
0
0
0
0
0
0
0
0
0
0
0
0
0
0
0
0
0
0
0
0
0
0
0
0
0
0
0
0
0
0
0
0
0
0
0
0
0
0
0
0
0
0
0
0
0
0
0
0
0
0
0
0
0
0
0
0
0
0
0
0
0
0
0
0
0
0
0
0
0
0
0
0
0
0
0
0
0
0
0
0
0
0
0
0
0
0
0
0
0
0
0
0
0
0
0
0
0
0
0
0
0
0
0
0
0
0
0
0
0
0
0
0
0
0
0
0
0
0
0
0
0
0
0
0
0
0
0
0
0
0
0
0
0
0
0
0
0
0
0
0
0
0
0
0
0
0
0
0
0
0
0
0
0
0
0
0
0
0
0
0
0
0
0
0
0
0
0
0
0
0
0
0
0
0
0
0
0
0
0
0
0
0
0
0
0
0
0
0
0
0
0
0
0
0
0
0
0
0
0
0
0
0
0
0
0
0
0
0
0
0
0
0
0
0
0
0
0
0
0
0
0
0
0
0
0
0
0
0
0
0
0
0
0
0
0
0
0
0
0
0
0
0
0
0
0
0
0
0
0
0
0
0
0
0
0
0
0
0
0
0
0
0
0
0
0
0
0
0
0
0
0
0
0
0
0
0
0
0
0
0
0
0
0
0
0
0
0
0
0
0
0
0
0
0
0
0
0
0
0
0
0
0
0
0
0
0
0
0
0
0
0
0
0
0
0
0
0
0
0
0
0
0
0
0
0
0
0
0
0
0
0
0
0
0
0
0
0
0
0
0
0
0
0
0
0
0
0
0
0
0
0
0
0
0
0
0
0
0
0
0
0
0
0
0
0
0
0
0
0
0
0
0
0
0
0
0
0
0
0
0
0
0
0
0
0
0
0
0
0
0
0
0
0
0
0
0
0
0
0
0
0
0
0
0
0
0
0
0
0
0
0
0
0
0
0
0
0
0
0
0
0
0
0
1010
0
0
0
865
0
0
0
831
0
0
0
818
0
0
0
750
0
0
0
779
0
0
0
793
0
0
0
825
0
0
0
750
0
0
0
779
0
0
0
793
0
0
0
825
0
0
0
1010
0
0
0
865
0
0
0
831
0
0
0
818
0
0
0
542
0
0
0
635
0
0
0
404
0
0
0
556
0
0
0
526
0
0
0
503
0
0
0
551
0
0
0
543
0
0
0
526
0
0
0
503
0
0
0
551
0
0
0
543
0
0
0
542
0
0
0
635
0
0
0
404
0
0
0
556
0
0
0
806
0
0
0
676
0
0
0
732
0
0
0
763
0
0
0
744
0
0
0
1010
0
0
0
842
0
0
0
743
0
0
0
744
0
0
0
1010
0
0
0
842
0
0
0
743
0
0
0
806
0
0
0
676
0
0
0
732
0
0
0
763
0
0
0
947
0
0
0
728
0
0
0
887
0
0
0
810
0
0
0
706
0
0
0
875
0
0
0
690
0
0
0
793
0
0
0
706
0
0
0
875
0
0
0
690
0
0
0
793
0
0
0
947
0
0
0
728
0
0
0
887
0
0
0
810
0
0
0
947
0
0
0
1188
0
0
0
1125
0
0
0
1128
0
0
0
1148
0
0
0
1146
0
0
0
1122
0
0
0
1108
0
0
0
1148
0
0
0
1146
0
0
0
1122
0
0
0
1108
0
0
0
947
0
0
0
1188
0
0
0
1125
0
0
0
1128
0
0
0
1134
0
0
0
1181
0
0
0
1304
0
0
0
1060
0
0
0
1302
0
0
0
1231
0
0
0
1296
0
0
0
1345
0
0
0
1302
0
0
0
1231
0
0
0
1296
0
0
0
1345
0
0
0
1134
0
0
0
1181
0
0
0
1304
0
0
0
1060
0
0
0
991
0
0
0
958
0
0
0
888
0
0
0
852
0
0
0
900
0
0
0
849
0
0
0
783
0
0
0
959
0
0
0
900
0
0
0
849
0
0
0
783
0
0
0
959
0
0
0
991
0
0
0
958
0
0
0
888
0
0
0
852
0
0
0
621
0
0
0
623
0
0
0
672
0
0
0
536
0
0
0
593
0
0
0
708
0
0
0
682
0
0
0
708
0
0
0
593
0
0
0
708
0
0
0
682
0
0
0
708
0
0
0
621
0
0
0
623
0
0
0
672
0
0
0
536
0
0
0
988
0
0
0
903
0
0
0
1036
0
0
0
1030
0
0
0
1175
0
0
0
1088
0
0
0
868
0
0
0
1020
0
0
0
1175
0
0
0
1088
0
0
0
868
0
0
0
1020
0
0
0
988
0
0
0
903
0
0
0
1036
0
0
0
1030
0
0
0
1297
0
0
0
753
0
0
0
868
0
0
0
753
0
0
0
915
0
0
0
886
0
0
0
923
0
0
0
943
0
0
0
915
0
0
0
886
0
0
0
923
0
0
0
943
0
0
0
1297
0
0
0
923
0
0
0
868
0
0
0
753
0
0
0
1467
0
0
0
1451
0
0
0
1345
0
0
0
1176
0
0
0
1459
0
0
0
1198
0
0
0
1083
0
0
0
1374
0
0
0
1459
0
0
0
1198
0
0
0
1083
0
0
0
1374
0
0
0
1467
0
0
0
1451
0
0
0
1345
0
0
0
1176
0
0
0
1751
0
0
0
1643
0
0
0
1413
0
0
0
1294
0
0
0
1565
0
0
0
1360
0
0
0
1428
0
0
0
1613
0
0
0
1565
0
0
0
1360
0
0
0
1428
0
0
0
1613
0
0
0
1751
0
0
0
1643
0
0
0
1413
0
0
0
1294
0
0
0
0
0
0
0
0
0
0
0
0
0
0
0
0
0
0
0
0
0
0
0
0
0
0
0
0
0
0
0
0
0
0
0
0
0
0
0
0
0
0
0
0
0
0
0
0
0
0
0
0
0
0
0
0
0
0
0
0
0
0
0
0
0
0
0
0
0
0
0
0
0
0
0
0
0
0
0
0
0
0
0
0
0
0
0
0
0
0
0
0
0
0
0
0
0
0
0
0
0
0
0
0
0
0
0
0
0
0
0
0
0
0
0
0
0
0
0
0
0
0
0
0
0
0
0
0
0
0
0
0
0
0
0
0
0
0
0
0
0
0
0
0
0
0
0
0
0
0
0
0
0
0
0
0
0
0
0
0
0
0
0
0
0
0
0
0
0
0
0
0
0
0
0
0
0
0
0
0
0
0
0
0
0
0
0
0
0
0
0
0
0
0
0
0
0
0
0
0
0
0
0
0
0
0
0
0
0
0
0
0
0
0
0
0
0
0
0
0
0
0
0
0
0
0
0
0
0
0
0
0
0
0
0
0
0
0
0
0
0
0
0
0
0
0
0
0
0
0
0
0
0
0
0
0
0
0
0
0
0
0
0
0
0
0
0
0
0
0
0
0
0
0
0
0
0
0
0
0
0
0
0
0
0
0
0
0
0
0
0
0
0
0
0
0
0
0
0
0
0
0
0
0
0
0
0
0
0
0
0
0
0
0
0
0
0
0
0
0
0
0
0
0
0
0
0
0
0
0
0
0
0
0
0
0
0
0
0
0
0
0
0
0
0
0
0
0
0
0
0
0
0
0
0
0
0
0
0
0
0
0
0
0
0
0
0
0
0
0
0
0
0
0
0
0
0
0
0
0
0
0
0
0
0
0
0
0
0
0
0
0
0
0
0
0
0
0
0
0
0
0
0
0
0
0
0
0
0
0
0
0
0
0
0
0
0
0
0
0
0
0
0
0
0
0
0
0
0
0
0
0
0
0
0
0
0
0
0
0
0
0
0
0
0
0
0
0
0
0
0
0
0
0
0
0
0
0
0
0
0
0
0
0
0
0
0
0
0
0
0
0
0
0
0
0
0
0
0
0
0
0
0
0
0
0
0
0
0
0
0
0
0
0
0
0
0
0
0
0
0
0
0
0
0
0
0
0
0
0
0
0
0
0
0
0
0
0
0
0
0
0
0
0
0
0
0
0
0
0
0
0
0
0
0
0
0
0
0
0
0
0
0
0
0
0
0
0
0
0
0
0
0
0
0
0
0
0
0
0
0
0
0
0
0
0
0
0
0
0
0
0
0
0
0
0
0
0
0
0
0
0
0
0
0
0
0
0
0
0
0
0
0
0
0
0
0
0
0
0
0
0
0
0
0
0
0
0
0
0
0
0
0
0
0
0
0
0
0
0
0
0
0
0
0
0
0
0
0
0
0
0
0
0
0
0
0
0
0
0
0
0
0
0
0
0
0
0
0
0
0
0
0
0
0
0
0
0
0
0
0
0
0
0
0
0
0
0
0
0
0
0
0
0
0
0
0
0
0
0
0
0
0
0
0
0
0
0
0
0
0
0
0
0
0
0
0
0
0
0
0
0
0
0
0
0
0
0
0
0
0
0
0
0
0
0
0
0
0
0
0
0
0
0
0
0
0
0
0
0
0
0
0
0
0
0
0
0
0
0
0
0
0
0
0
0
0
0
0
0
0
0
0
0
0
0
0
0
0
0
0
0
0
0
0
0
0
0
0
0
0
0
0
0
0
0
0
0
0
0
0
0
0
0
0
0
0
0
0
0
0
0
0
0
0
0
0
0
0
0
0
0
0
0
0
0
0
0
0
0
0
0
0
0
0
0
0
0
0
0
0
0
0
0
0
0
0
0
0
0
0
0
0
0
0
0
0
0
0
0
0
0
0
0
0
0
0
0
0
0
0
0
0
0
0
0
0
0
0
0
0
0
0
0
0
0
0
0
0
0
0
0
0
0
0
0
0
0
0
0
0
0
0
0
0
0
0
0
0
0
0
0
0
0
0
0
0
0
0
0
0
0
0
0
0
0
0
0
0
0
0
0
0
0
0
0
0
0
0
0
0
0
0
0
0
0
0
0
0
0
0
0
0
0
0
0
0
0
0
0
0
0
0
0
0
0
0
0
0
0
0
0
0
0
0
0
0
0
0
0
0
0
0
0
0
0
0
0
0
0
0
0
0
0
0
0
0
0
0
0
0
0
0
0
0
0
0
0
0
0
0
0
0
0
0
0
0
0
0
0
0
0
0
0
0
0
0
0
0
0
0
0
0
0
0
0
0
0
0
0
0
0
0
0
0
0
0
0
0
0
0
0
0
0
0
0
0
0
0
0
0
0
0
0
0
0
0
0
0
0
0
0
0
0
0
0
0
0
0
0
0
0
0
0
0
0
0
0
0
0
0
0
0
0
0
0
0
0
0
0
0
0
0
0
0
0
0
0
0
0
0
0
0
0
0
0
0
0
0
0
0
0
0
0
0
0
0
0
0
0
0
0
0
0
0
0
0
0
0
0
0
0
0
0
0
0
0
0
0
0
0
0
0
0
0
0
0
0
0
0
0
0
0
0
0
0
0
0
0
0
0
0
0
0
0
0
0
0
0
0
0
0
0
0
0
0
0
0
0
0
0
0
0
0
0
0
0
0
0
0
0
0
0
0
0
0
0
0
0
0
0
0
0
0
0
0
0
0
0
0
0
0
0
0
0
0
0
0
0
0
0
0
0
0
0
0
0
0
0
0
0
0
0
0
0
0
0
0
0
0
0
0
0
0
0
0
0
0
0
0
0
0
0
0
0
0
0
0
0
0
0
0
0
0
0
0
0
0
0
0
0
0
0
0
0
0
0
0
0
0
0
0
0
0
0
0
0
0
0
0
0
0
0
0
0
0
0
0
0
0
0
0
0
0
0
0
0
0
0
0
0
0
0
0
0
0
0
0
0
0
0
0
0
0
0
0
0
0
0
0
0
0
0
0
0
0
0
0
0
0
0
0
0
0
0
0
0
0
0
0
0
0
0
0
0
0
0
0
0
0
0
0
0
0
0
0
0
0
0
0
0
0
0
0
0
0
0
0
0
0
0
0
0
0
0
0
0
0
0
0
0
0
0
0
0
0
0
0
0
0
0
0
0
0
0
0
0
0
0
0
0
0
0
0
0
0
0
0
0
0
0
0
0
0
0
0
0
0
0
0
0
0
0
0
0
0
0
0
0
0
0
0
0
0
0
0
0
0
0
0
0
0
0
0
0
0
0
0
0
0
0
0
0
0
0
0
0
0
0
0
0
0
0
0
0
0
0
0
0
0
0
0
0
0
0
0
0
0
0
0
0
0
0
0
0
0
0
0
0
0
0
0
0
0
0
0
0
0
0
0
0
0
0
0
0
0
0
0
0
0
0
0
0
0
0
0
0
0
0
0
0
0
0
0
0
0
0
0
0
0
0
0
0
0
0
0
0
0
0
2253
0
0
0
1936
0
0
0
1848
0
0
0
1529
0
0
0
1524
0
0
0
1557
0
0
0
1587
0
0
0
1966
0
0
0
1524
0
0
0
1557
0
0
0
1587
0
0
0
1966
0
0
0
2253
0
0
0
1936
0
0
0
1848
0
0
0
1529
0
0
0
1960
0
0
0
1399
0
0
0
1290
0
0
0
1292
0
0
0
1174
0
0
0
782
0
0
0
935
0
0
0
1253
0
0
0
1174
0
0
0
782
0
0
0
935
0
0
0
1253
0
0
0
1960
0
0
0
1399
0
0
0
1290
0
0
0
1292
0
0
0
2915
0
0
0
1712
0
0
0
1779
0
0
0
2854
0
0
0
2733
0
0
0
2830
0
0
0
2573
0
0
0
2251
0
0
0
2733
0
0
0
2830
0
0
0
2573
0
0
0
2251
0
0
0
2915
0
0
0
1712
0
0
0
1779
0
0
0
2854
0
0
0
3889
0
0
0
2481
0
0
0
2245
0
0
0
2293
0
0
0
2158
0
0
0
2242
0
0
0
2376
0
0
0
2555
0
0
0
2158
0
0
0
2242
0
0
0
2376
0
0
0
2555
0
0
0
3889
0
0
0
2481
0
0
0
2245
0
0
0
2293
0
0
0
4990
0
0
0
2572
0
0
0
2818
0
0
0
2492
0
0
0
2747
0
0
0
2442
0
0
0
3487
0
0
0
1626
0
0
0
2747
0
0
0
2442
0
0
0
2442
0
0
0
1626
0
0
0
2492
0
0
0
2572
0
0
0
2818
0
0
0
2492
0
0
0
5224
0
0
0
6032
0
0
0
4583
0
0
0
4826
0
0
0
4043
0
0
0
3969
0
0
0
4682
0
0
0
3576
0
0
0
4043
0
0
0
3969
0
0
0
4682
0
0
0
3576
0
0
0
5224
0
0
0
6032
0
0
0
4583
0
0
0
4826
0
0
0
1930
0
0
0
1493
0
0
0
1615
0
0
0
1140
0
0
0
1448
0
0
0
1748
0
0
0
1718
0
0
0
1572
0
0
0
1448
0
0
0
1748
0
0
0
1718
0
0
0
1572
0
0
0
1930
0
0
0
1493
0
0
0
1615
0
0
0
1140
0
0
0
1860
0
0
0
2287
0
0
0
2344
0
0
0
1860
0
0
0
1828
0
0
0
2286
0
0
0
2260
0
0
0
2221
0
0
0
1828
0
0
0
2286
0
0
0
2260
0
0
0
2221
0
0
0
1860
0
0
0
2287
0
0
0
2344
0
0
0
1860
0
0
0
3602
0
0
0
4405
0
0
0
3479
0
0
0
3971
0
0
0
3793
0
0
0
3253
0
0
0
3252
0
0
0
2844
0
0
0
3793
0
0
0
3253
0
0
0
3252
0
0
0
2844
0
0
0
3602
0
0
0
4405
0
0
0
3479
0
0
0
3971
0
0
0
3086
0
0
0
2792
0
0
0
2532
0
0
0
2610
0
0
0
3438
0
0
0
2518
0
0
0
3682
0
0
0
2518
0
0
0
3438
0
0
0
2518
0
0
0
3682
0
0
0
2518
0
0
0
3086
0
0
0
2792
0
0
0
2532
0
0
0
2610
0
0
0
3664
0
0
0
3124
0
0
0
2329
0
0
0
3336
0
0
0
2123
0
0
0
2903
0
0
0
2853
0
0
0
2619
0
0
0
2102
0
0
0
2903
0
0
0
2853
0
0
0
2619
0
0
0
3664
0
0
0
3124
0
0
0
2329
0
0
0
3336
0
0
0
4846
0
0
0
3595
0
0
0
3165
0
0
0
3287
0
0
0
3265
0
0
0
3692
0
0
0
3459
0
0
0
2688
0
0
0
3265
0
0
0
3692
0
0
0
3459
0
0
0
2688
0
0
0
4846
0
0
0
3595
0
0
0
3287
0
0
0
3169
0
0
0
0
0
0
0
0
0
0
0
0
0
0
0
0
0
0
0
0
0
0
0
0
0
0
0
0
0
0
0
0
0
0
0
0
0
0
0
0
0
0
0
0
0
0
0
0
0
0
0
0
0
0
0
0
0
0
0
0
0
0
0
0
0
0
0
0
0
0
0
0
0
0
0
0
0
0
0
0
0
0
0
0
0
0
0
0
0
0
0
0
0
0
0
0
0
0
0
0
0
0
0
0
0
0
0
0
0
0
0
0
0
0
0
0
0
0
0
0
0
0
0
0
0
0
0
0
0
0
0
0
0
0
0
0
0
0
0
0
0
0
0
0
0
0
0
0
0
0
0
0
0
0
0
0
0
0
0
0
0
0
0
0
0
0
0
0
0
0
0
0
0
0
0
0
0
0
0
0
0
0
0
0
0
0
0
0
0
0
0
0
0
0
0
0
0
0
0
0
0
0
0
0
0
0
0
0
0
0
0
0
0
0
0
0
0
0
0
0
0
0
0
0
0
0
0
0
0
0
0
0
0
0
0
0
0
0
0
0
0
0
0
0
0
0
0
0
0
0
0
0
0
0
0
0
0
0
0
0
0
0
0
0
0
0
0
0
0
0
0
0
0
0
0
0
0
0
0
0
0
0
0
0
0
0
0
0
0
0
0
0
0
0
0
0
0
0
0
0
0
0
0
0
0
0
0
0
0
0
0
0
0
0
0
0
0
0
0
0
0
0
0
0
0
0
0
0
0
0
0
0
0
0
0
0
0
0
0
0
0
0
0
0
0
0
0
0
0
0
0
0
0
0
0
0
0
0
0
0
0
0
0
0
0
0
0
0
0
0
0
0
0
0
0
0
0
0
0
0
0
0
0
0
0
0
0
0
0
0
0
0
0
0
0
0
0
0
0
0
0
0
0
0
0
0
0
0
0
0
0
0
0
0
0
0
0
0
0
0
0
0
0
0
0
0
0
0
0
0
0
0
0
0
0
0
0
0
0
0
0
0
0
0
0
0
0
0
0
0
0
0
0
0
0
0
0
0
0
0
0
0
0
0
0
0
0
0
0
0
0
0
0
0
0
0
0
0
0
0
0
0
0
0
0
0
0
0
0
0
0
0
0
0
0
0
0
0
0
0
0
0
0
0
0
0
0
0
0
0
0
0
0
0
0
0
0
0
0
0
0
0
0
0
0
0
0
0
0
0
0
0
0
0
0
0
0
0
0
0
0
0
0
0
0
0
0
0
0
0
0
0
0
0
0
0
0
0
0
0
0
0
0
0
0
0
0
0
0
0
0
0
0
0
0
0
0
0
0
0
0
0
0
0
0
0
0
0
0
0
0
0
0
0
0
0
0
0
0
0
0
0
0
0
0
0
0
0
0
0
0
0
0
0
0
0
0
0
0
0
0
0
0
0
0
0
0
0
0
0
0
0
0
0
0
0
0
0
0
0
0
0
0
0
0
0
0
0
0
0
0
0
0
0
0
0
0
0
0
0
0
0
0
0
0
0
0
0
0
0
0
0
0
0
0
0
0
0
0
0
0
0
0
0
0
0
0
0
0
0
0
0
0
0
0
0
0
0
0
0
0
0
0
0
0
0
0
0
0
0
0
0
0
0
0
0
0
0
0
0
0
0
0
0
0
0
0
0
0
0
0
0
0
0
0
0
0
0
0
0
0
0
0
0
0
0
0
0
0
0
0
0
0
0
0
0
0
0
0
0
0
0
0
0
0
0
0
0
0
0
0
0
0
0
0
0
0
0
0
0
0
0
0
0
0
0
0
0
0
0
0
0
0
0
0
0
0
0
0
0
0
0
0
0
0
0
0
0
0
0
0
0
0
0
0
0
0
0
0
0
0
0
0
0
0
0
0
0
0
0
0
0
0
0
0
0
0
0
0
0
0
0
0
0
0
0
0
0
0
0
0
0
0
0
0
0
0
0
0
0
0
0
0
0
0
0
0
0
0
0
0
0
0
0
0
0
0
0
0
0
0
0
0
0
0
0
0
0
0
0
0
0
0
0
0
0
0
0
0
0
0
0
0
0
0
0
0
0
0
0
0
0
0
0
0
0
0
0
0
0
0
0
0
0
0
0
0
0
0
0
0
0
0
0
0
0
0
0
0
0
0
0
0
0
0
0
0
0
0
0
0
0
0
0
0
0
0
0
0
0
0
0
0
0
0
0
0
0
0
0
0
0
0
0
0
0
0
0
0
0
0
0
0
0
0
0
0
0
0
0
0
0
0
0
0
0
0
0
0
0
0
0
0
0
0
0
0
0
0
0
0
0
0
0
0
0
0
0
0
0
0
0
0
0
0
0
0
0
0
0
0
0
0
0
0
0
0
0
0
0
0
0
0
0
0
0
0
0
0
0
0
0
0
0
0
0
0
0
0
0
0
0
0
0
0
0
0
0
0
0
0
0
0
0
0
0
0
0
0
0
0
0
0
0
0
0
0
0
0
0
0
0
0
0
0
0
0
0
0
0
0
0
0
0
0
0
0
0
0
0
0
0
0
0
0
0
0
0
0
0
0
0
0
0
0
0
0
0
0
0
0
0
0
0
0
0
0
0
0
0
0
0
0
0
0
0
0
0
0
0
0
0
0
0
0
0
0
0
0
0
0
0
0
0
0
0
0
0
0
0
0
0
0
0
0
0
0
0
0
0
0
0
0
0
0
0
0
0
0
0
0
0
0
0
0
0
0
0
0
0
0
0
0
0
0
0
0
0
0
0
0
0
0
0
0
0
0
0
0
0
0
0
0
0
0
0
0
0
0
0
0
0
0
0
0
0
0
0
0
0
0
0
0
0
0
0
0
0
0
0
0
0
0
0
0
0
0
0
0
0
0
0
0
0
0
0
0
0
0
0
0
0
0
0
0
0
0
0
0
0
0
0
0
0
0
0
0
0
0
0
0
0
0
0
0
0
0
0
0
0
0
0
0
0
0
0
0
0
0
0
0
0
0
0
0
0
0
0
0
0
0
0
0
0
0
0
0
0
0
0
0
0
0
0
0
0
0
0
0
0
0
0
0
0
0
0
0
0
0
0
0
0
0
0
0
0
0
0
0
0
0
0
0
0
0
0
0
0
0
0
0
0
0
0
0
0
0
0
0
0
0
0
0
0
0
0
0
0
0
0
0
0
0
0
0
0
0
0
0
0
0
0
0
0
0
0
0
0
0
0
0
0
0
0
0
0
0
0
0
0
0
0
0
0
0
0
0
0
0
0
0
0
0
0
0
0
0
0
0
0
0
0
0
0
0
0
0
0
0
0
0
0
0
0
0
0
0
0
0
0
0
0
0
0
0
0
0
0
0
0
0
0
0
0
0
0
0
0
0
0
0
0
0
0
0
0
0
0
0
0
0
0
0
0
0
0
0
0
0
0
0
0
0
0
0
0
0
0
0
0
0
0
0
0
0
0
0
0
0
0
0
0
0
0
0
0
0
0
0
0
0
0
0
0
0
0
0
0
0
0
0
0
0
0
0
0
0
0
0
0
0
0
0
0
0
0
0
0
0
0
0
0
0
0
0
0
0
0
0
0
0
