%pattern_data
10
0
17
4
4
4
0
0
0
1
1
1
0
0
0
0
0
0
0
0
0
0
1
1
98
0
1
52
68
88
0
0
0
0
-3429
0
0
-8
-8
0
-1
5
5
1
1
1
1
1
1
1
1
1
1
1
1
1
1
1
1
1
1
-1
-1
-1
-1
5
5
1
1
1
1
1
1
1
1
1
1
1
1
1
1
1
1
1
1
-1
-1
-1
0
0
0
0
0
0
0
0
0
0
0
0
0
0
0
0
0
0
0
0
0
0
0
0
0
0
0
0
0
0
0
0
0
0
0
0
0
0
0
0
0
0
0
0
0
0
0
0
284535
660794
1014286
1405646
1802381
2164036
2562222
2938571
3311111
3709728
4100408
4486871
4876984
5267596
5645057
6031293
6431995
6794830
7184172
7561610
7947347
8338367
8719229
9107914
9484263
9893084
10302063
10642880
11004218
11391020
11766281
12160862
12548345
12928141
13357778
13740998
14125510
14504059
14892222
15294059
15679138
16057415
16451156
16817710
17215261
17584898
17958889
18330726
0
0
0
0
0
0
0
0
0
0
0
0
0
0
0
0
266190
681156
1057778
1446848
1829796
2213660
2598413
2966327
3362834
3737483
4111655
4506054
4897574
5287551
5661474
6065646
6446825
6821565
7215193
7592630
7979887
8366100
8746712
9124649
9511814
9880431
10266190
10664195
11047642
11441723
11825442
12208458
12576485
12980272
13339728
13733220
14121134
14511293
14891474
15270907
15653651
16066553
16430590
16823605
17192018
17593946
17961610
18339229
0
0
0
0
0
0
0
0
0
0
0
0
0
0
0
0
256327
700499
1113061
1505442
1857347
2242517
2611837
3019955
3388730
3769955
4137029
4538027
4927166
5285238
5670317
6038027
6402744
6783583
7179093
7560295
7933447
8340023
8727982
9135238
9523900
9905805
10267120
10673991
11051361
11415261
11816644
12196236
12584399
12976259
13378549
13729546
14124762
14498254
14894354
15281338
15678299
16065011
16440363
16828413
17224807
17609705
17985283
18367007
0
0
0
0
0
0
0
0
0
0
0
0
0
0
0
0
251383
666984
1047732
1447007
1834717
2210454
2602313
2981995
3352426
3732336
4122109
4494580
4875102
5261701
5638186
6029751
6423469
6799274
7187211
7562834
7966100
8349728
8722721
9118526
9509864
9904308
10279252
10668753
11033741
11420635
11782653
12171020
12548073
12947392
13325624
13714172
14096372
14486871
14877075
15267914
15654512
16049229
16444989
16817460
17200204
17590136
17957574
18324989
0
0
0
0
0
0
0
0
0
0
0
0
0
0
0
0
249410
650612
1032154
1439751
1827329
2245918
2632381
3002154
3381451
3756499
4132880
4507619
4900794
5273039
5656599
6046440
6436054
6825510
7213787
7602880
7983719
8375238
8739864
9125850
9499410
9878118
10251284
10669093
11048662
11426780
11835825
12220635
12604422
12998639
13374830
13755170
14135374
14514036
14916100
15306259
15692653
16089703
16475714
16848390
17229206
17596848
17974195
18342925
0
0
0
0
0
0
0
0
0
0
0
0
0
0
0
0
249342
664512
1060204
1473039
1846939
2224195
2609688
3005601
3378186
3760045
4137347
4525646
4917483
5301043
5693401
6063175
6455420
6833719
7212925
7584082
7965850
8354762
8731451
9113152
9486848
9919433
10288503
10671111
11048027
11413175
11818707
12185125
12578435
12974354
13351587
13738231
14124512
14490907
14876644
15267120
15658639
16052358
16439728
16832971
17217506
17595125
17975374
18358458
0
0
0
0
0
0
0
0
0
0
0
0
0
0
0
0
212177
501156
789229
1069433
1403288
1699751
2002744
2285918
2587506
2868413
3169637
3459887
3763560
4048458
4338095
4641791
4922018
5211587
5509342
5814467
6109297
6413288
6697166
6980045
7276712
7597664
7869977
8130952
8442676
8742018
9033175
9341270
9622222
9934354
10233265
10527028
10817800
11101973
11382902
11680136
11985193
12276848
12581043
12854263
13147551
13450499
13740204
14028821
0
0
0
0
0
0
0
0
0
0
0
0
0
0
0
0
221202
517982
777052
1082766
1394807
1688181
1981519
2280363
2594717
2881179
3165714
3458367
3764172
4061497
4350748
4637642
4927596
5214853
5495397
5792336
6087619
6372313
6705465
6996009
7290975
7575488
7847914
8156825
8436712
8755329
9051270
9347415
9624943
9949048
10231293
10508662
10820454
11094490
11400680
11717347
11982245
12283832
12571565
12863560
13165442
13463991
13763900
14043288
0
0
0
0
0
0
0
0
0
0
0
0
0
0
0
0
210295
513424
805283
1109796
1383855
1680522
1973016
2272041
2560991
2847710
3158753
3450658
3748571
4056553
4342585
4638209
4931361
5231043
5521293
5818481
6108254
6406939
6695034
6990839
7275420
7553265
7869410
8155646
8435488
8738299
9040522
9327481
9622902
9939274
10224195
10529909
10832608
11115624
11409955
11712132
11993946
12300045
12601156
12886531
13174626
13464943
13758662
14041202
0
0
0
0
0
0
0
0
0
0
0
0
0
0
0
0
218662
531497
834785
1120317
1419365
1694875
1992653
2285465
2577551
2868073
3161270
3455692
3750249
4043560
4332222
4635034
4922744
5226009
5522086
5803628
6083447
6386100
6684036
6966939
7245533
7549909
7844195
8146349
8448957
8746440
9031497
9323016
9614082
9911451
10206621
10501088
10795215
11096689
11405170
11699456
11989887
12290658
12594150
12874989
13178639
13470816
13760431
14052426
0
0
0
0
0
0
0
0
0
0
0
0
0
0
0
0
220159
532245
813537
1106803
1385918
1677959
1991882
2280000
2570522
2876848
3165918
3454308
3744331
4054354
4336304
4632517
4916236
5225261
5529660
5823560
6119274
6422608
6704785
6985601
7289229
7595397
7871927
8175828
8458186
8738209
9037234
9312540
9598889
9906485
10185351
10479751
10779524
11088005
11373401
11677392
11986916
12280204
12566485
12883696
13164875
13440794
13733243
14034104
0
0
0
0
0
0
0
0
0
0
0
0
0
0
0
0
214331
516236
809592
1118762
1417891
1704172
1990136
2276757
2564921
2854014
3156009
3453356
3749274
4033719
4324195
4618980
4911338
5205918
5498073
5789909
6096395
6394014
6686077
6973129
7269909
7570884
7867959
8153197
8455737
8732041
9017483
9300408
9600136
9905057
10184195
10482880
10785034
11079184
11380340
11676871
11965782
12265510
12559796
12854830
13156599
13438685
13738594
14024603
0
0
0
0
0
0
0
0
0
0
0
0
0
0
0
0
167483
442812
657823
872744
1098549
1297687
1525306
1742517
1988277
2198889
2443061
2644376
2907518
3097415
3329819
3556939
3794399
4027755
4261066
4489977
4710249
4950045
5181837
5405079
5626984
5885102
6085964
6308413
6547959
6735147
6993129
7209841
7417891
7637619
7863764
8096939
8343583
8558594
8788889
9037392
9257596
9496848
9726077
9956100
10180068
10420454
10641882
10880680
0
0
0
0
0
0
0
0
0
0
0
0
0
0
0
0
183764
469592
661179
891406
1092562
1311224
1523220
1775147
1978957
2205714
2436259
2680998
2913673
3125964
3366553
3597732
3821678
4035215
4269728
4501020
4718776
4940567
5170975
5388345
5630676
5874150
6090567
6316712
6537029
6752676
6983288
7206213
7436961
7680045
7909660
8143401
8364943
8594036
8832154
9039116
9284898
9501859
9734739
9952517
10177029
10410726
10618118
10849048
0
0
0
0
0
0
0
0
0
0
0
0
0
0
0
0
176122
421610
663537
882880
1097415
1310567
1539705
1746145
1982711
2204671
2423571
2666757
2888299
3105850
3340771
3573311
3800159
4024535
4257211
4491383
4707982
4932812
5158435
5384127
5622517
5849184
6057778
6308413
6553129
6737211
6985502
7218390
7450907
7674376
7908277
8124240
8348141
8577347
8818980
9042766
9274490
9507868
9736599
9944014
10161791
10379660
10606531
10829819
0
0
0
0
0
0
0
0
0
0
0
0
0
0
0
0
166281
424785
654059
885193
1101927
1306040
1538012
1757415
1994218
2235669
2470045
2704172
2923968
3148889
3361497
3583447
3820907
4042132
4276803
4499433
4729478
4953855
5176032
5390703
5630295
5872880
6097619
6330794
6540794
6754580
6977823
7200363
7427347
7662200
7899345
8121714
8365016
8586100
8812245
9044739
9273265
9485828
9716893
9931088
10180023
10401723
10620975
10848662
0
0
0
0
0
0
0
0
0
0
0
0
0
0
0
0
173084
410816
644104
853492
1103356
1312063
1526186
1774150
2003061
2223537
2454195
2673673
2898753
3124853
3352336
3587460
3814943
4029252
4258163
4491587
4728821
4956780
5186916
5406190
5641519
5862562
6087596
6323923
6548413
6781474
7002630
7223356
7465828
7672177
7912132
8150023
8374694
8607596
8824354
9060454
9278685
9503515
9731927
9963810
10182630
10409342
10636508
10853061
0
0
0
0
0
0
0
0
0
0
0
0
0
0
0
0
162902
404354
620068
883696
1095848
1307552
1517223
1763343
1983595
2209297
2449546
2668889
2922494
3128322
3359206
3597347
3802358
4040635
4255918
4490068
4713946
4944150
5166395
5397392
5627256
5849048
6075533
6298209
6542268
6769637
7009184
7219501
7446916
7672585
7904444
8124354
8346916
8580522
8810023
9040000
9270068
9494580
9729478
9949773
10178571
10409365
10639297
10864512
0
0
0
0
0
0
0
0
0
0
0
0
0
0
0
0
0
0
0
0
0
0
0
0
0
0
0
0
0
0
0
0
0
0
0
0
0
0
0
0
0
0
0
0
0
0
0
0
0
0
0
0
0
0
0
0
0
0
0
0
0
0
0
0
0
0
0
0
0
0
0
0
0
0
0
0
0
0
0
0
0
0
0
0
0
0
0
0
0
0
0
0
0
0
0
0
0
0
0
0
0
0
0
0
0
0
0
0
0
0
0
0
0
0
0
0
0
0
0
0
0
0
0
0
0
0
0
0
0
0
0
0
0
0
0
0
0
0
0
0
0
0
0
0
0
0
0
0
0
0
0
0
0
0
0
0
0
0
0
0
0
0
0
0
0
0
0
0
0
0
0
0
0
0
0
0
0
0
0
0
0
0
0
0
0
0
0
0
0
0
0
0
0
0
0
0
0
0
0
0
0
0
0
0
0
0
0
0
0
0
0
0
0
0
0
0
0
0
0
0
0
0
0
0
0
0
0
0
0
0
0
0
0
0
0
0
0
0
0
0
0
0
0
0
0
0
0
0
0
0
0
0
0
0
0
0
0
0
0
0
0
0
0
0
0
0
0
0
0
0
0
0
0
0
0
0
0
0
0
0
0
0
0
0
0
0
0
0
0
0
0
0
0
0
0
0
0
0
0
0
0
0
0
0
0
0
0
0
0
0
0
0
0
0
0
0
0
0
0
0
0
0
0
0
0
0
0
0
0
0
0
0
0
0
0
0
0
0
0
0
0
0
0
0
0
0
0
0
0
0
0
0
0
0
0
0
0
0
0
0
0
0
0
0
0
0
0
0
0
0
0
0
0
0
0
0
0
0
0
0
0
0
0
0
0
0
0
0
0
0
0
0
0
0
0
0
0
0
0
0
247891
691769
1075760
1440023
1828050
2218231
2597619
3003401
3392608
3780000
4144218
4527506
4914240
5301927
5679070
6071859
6435646
6822676
7196803
7561020
7926349
8332472
8703991
9091678
9473492
9902880
10275533
10660181
11040504
11441927
11812268
12195102
12598503
13004150
13367324
13764558
14130680
14533810
14914626
15314739
15683719
16077460
16463605
16834286
17211769
17595828
17969184
18352381
0
0
0
0
0
0
0
0
0
0
0
0
0
0
0
0
215896
505351
769410
1102154
1382797
1670068
1936440
2242358
2544512
2838254
3121383
3425533
3722608
4019773
4308186
4608571
4905147
5198118
5493379
5781610
6068254
6372902
6665442
6960794
7273265
7585941
7867710
8146236
8431224
8698889
9002698
9313628
9610567
9910385
10200159
10498776
10790249
11082358
11381451
11687370
11987324
12292200
12572585
12871088
13156576
13443220
13727551
14005896
0
0
0
0
0
0
0
0
0
0
0
0
0
0
0
0
190181
448367
656054
875397
1087868
1309274
1536281
1759546
2007256
2215066
2440590
2658163
2912268
3141891
3367211
3585828
3828707
4048798
4274104
4492268
4715374
4942812
5161542
5384762
5609410
5868005
6108027
6315922
6557082
6772222
6970023
7225238
7462177
7654444
7916644
8134467
8347460
8563265
8814467
9045533
9274807
9491859
9730635
9946644
10168005
10382925
10609909
10828231
0
0
0
0
0
0
0
0
0
0
0
0
0
0
0
0
0
0
0
0
0
0
0
0
0
0
0
0
0
0
0
0
0
0
0
0
0
0
0
0
0
0
0
0
0
0
0
0
0
0
0
0
0
0
0
0
0
0
0
0
0
0
0
0
0
0
0
0
0
0
0
0
0
0
0
0
0
0
0
0
286485
695420
1044036
1426667
1809274
2168413
2573878
2938707
3294739
3711315
4092404
4473515
4853379
5231497
5619320
6011973
6375941
6771814
7168866
7552381
7941950
8342948
8711451
9085533
9483492
9885737
10283900
10658904
11047479
11413356
11822562
12194014
12557596
12979410
13356599
13734535
14113288
14509932
14884036
15277823
15648277
16036599
16425238
16806939
17199116
17592653
17953424
18337438
0
0
0
0
0
0
0
0
0
0
0
0
0
0
0
0
250499
643605
1051814
1398141
1791247
2192132
2568367
2951361
3325760
3718118
4120499
4500431
4906349
5295215
5683039
6053991
6438345
6819138
7213855
7586349
7966848
8337664
8707982
9083537
9466531
9937188
10309773
10674853
11054354
11443175
11832086
12201315
12580227
12976508
13349909
13724762
14104399
14495556
14872041
15267438
15639864
16047574
16439909
16808141
17198050
17596213
17969070
18346122
0
0
0
0
0
0
0
0
0
0
0
0
0
0
0
0
212988
431315
808776
1101247
1414807
1688798
1984558
2283651
2557166
2855828
3137234
3432154
3732812
4033107
4327551
4634376
4933129
5225918
5519569
5819683
6104853
6404422
6693129
6974059
7268663
7573651
7847982
8129025
8424619
8718957
9019932
9317143
9605510
9885692
10201474
10493605
10809932
11104603
11394444
11691497
11979342
12272880
12559796
12853243
13148186
13440726
13724671
14030567
0
0
0
0
0
0
0
0
0
0
0
0
0
0
0
0
203175
519819
830317
1121610
1420346
1711701
2013469
2271134
2570590
2869592
3145283
3447687
3745283
4046553
4317982
4625510
4917029
5218458
5518390
5805873
6101111
6381950
6665760
6948571
7251655
7598254
7857347
8130317
8429955
8731678
9018258
9314490
9612902
9908957
10192177
10492948
10778934
11067937
11373741
11677120
11978050
12289841
12583039
12877619
13164512
13458209
13750431
14037052
0
0
0
0
0
0
0
0
0
0
0
0
0
0
0
0
177188
435760
655283
891111
1087392
1323084
1521156
1756163
1970567
2203152
2415193
2646712
2882018
3118254
3354989
3594717
3808866
4059932
4294626
4505737
4733923
4960522
5192585
5401701
5623946
5867279
6072562
6302880
6543804
6760292
7010227
7221293
7447865
7663288
7909203
8133016
8359093
8584082
8824172
9057324
9285329
9505057
9737211
9966190
10194717
10412472
10635986
10858798
0
0
0
0
0
0
0
0
0
0
0
0
0
0
0
0
146848
389569
595601
864558
1079025
1286599
1526757
1760816
1997982
2238027
2460862
2691361
2919206
3141111
3364603
3595351
3830000
4057914
4286757
4507029
4723515
4942404
5176190
5398186
5616281
5857755
6090771
6301451
6529592
6743878
6962472
7190544
7417687
7618866
7845488
8071111
8318594
8555714
8787211
9007732
9243787
9467619
9704603
9937596
10170975
10402132
10628549
10842971
0
0
0
0
0
0
0
0
0
0
0
0
0
0
0
0
0
0
0
0
0
0
0
0
0
0
0
0
0
0
0
0
0
0
0
0
0
0
0
0
0
0
0
0
0
0
0
0
0
0
0
0
0
0
0
0
0
0
0
0
0
0
0
0
0
0
0
0
0
0
0
0
0
0
0
0
0
0
0
0
0
0
0
0
0
0
0
0
0
0
0
0
0
0
0
0
0
0
0
0
0
0
0
0
0
0
0
0
0
0
0
0
0
0
0
0
0
0
0
0
0
0
0
0
0
0
0
0
0
0
0
0
0
0
0
0
0
0
0
0
0
0
0
0
249977
651950
984218
1419546
1830227
2211905
2615420
2985034
3384036
3769524
4156871
4524150
4921769
5299252
5681111
6072993
6450272
6827460
7213696
7594626
7961678
8352608
8724218
9108980
9496304
9847755
10267937
10662358
11048231
11430068
11809223
12206190
12571950
12979955
13362313
13760136
14149002
14536145
14915510
15301338
15681723
16061202
16434331
16813583
17222585
17592358
17963401
18367460
0
0
0
0
0
0
0
0
0
0
0
0
0
0
0
0
250499
667483
1064943
1452585
1843333
2233129
2633129
2996190
3387460
3768435
4153129
4525193
4926395
5296803
5686644
6062154
6450000
6831429
7212494
7596349
7978095
8365442
8741429
9129297
9508050
9899546
10295556
10674422
11063673
11449501
11841837
12217755
12597619
12993039
13368844
13741383
14130862
14515782
14906054
15293492
15676848
16061406
16440317
16824649
17202971
17601678
17964354
18341973
0
0
0
0
0
0
0
0
0
0
0
0
0
0
0
0
280408
674512
1052200
1433741
1818662
2203651
2589637
2978707
3358617
3764694
4153288
4534671
4907256
5295102
5687347
6074444
6459433
6841202
7236621
7606712
7997959
8383129
8767823
9134966
9497166
9886984
10269184
10635831
11021655
11410635
11801927
12217238
12591429
12990340
13365238
13755918
14145442
14524444
14911247
15307120
15687959
16063152
16453333
16842086
17196168
17582154
17971542
18359773
0
0
0
0
0
0
0
0
0
0
0
0
0
0
0
0
254694
655442
1051156
1424702
1816372
2202313
2578730
2968832
3351542
3750317
4123016
4512653
4910862
5280340
5687846
6070703
6447891
6839932
7218776
7615057
7989002
8379819
8757211
9135669
9522268
9900385
10257755
10660499
11052948
11433220
11807664
12193401
12576168
12972834
13352472
13743787
14140748
14527166
14908730
15298844
15684240
16069592
16459887
16834535
17216621
17602766
17977392
18360204
0
0
0
0
0
0
0
0
0
0
0
0
0
0
0
0
256621
684014
1060816
1463288
1845079
2226757
2609773
2994535
3375397
3762993
4145964
4529252
4908073
5296757
5691315
6070544
6454535
6838481
7220658
7602676
7989138
8369546
8747891
9129070
9499342
9881406
10246652
10661633
11042676
11434467
11817755
12202132
12588685
12994218
13363900
13744104
14132494
14516757
14898844
15292018
15676100
16074376
16456281
16855896
17220454
17605102
17993946
18370658
0
0
0
0
0
0
0
0
0
0
0
0
0
0
0
0
253288
660658
1057234
1450317
1832063
2224898
2612540
2994195
3403333
3800431
4177551
4549320
4930771
5287732
5652698
6039524
6419932
6802041
7205442
7583265
7960952
8357574
8729728
9112018
9497302
9893469
10265306
10661859
11064943
11439070
11822925
12216190
12597256
12999161
13383175
13760227
14150295
14533039
14919070
15291814
15663129
16050794
16440476
16812358
17213129
17602630
17979093
18364286
0
0
0
0
0
0
0
0
0
0
0
0
0
0
0
0
217302
543900
838957
1137052
1405782
1702517
1995374
2286100
2595079
2869048
3172693
3454558
3754739
4056259
4356440
4660159
4934830
5243220
5545125
5830385
6119819
6409161
6702200
7005420
7291519
7596757
7881156
8181315
8459206
8752659
9036122
9341927
9634649
9924717
10224172
10517596
10810363
11101678
11393673
11686281
11975374
12272653
12565805
12888526
13173696
13469524
13759252
14030907
0
0
0
0
0
0
0
0
0
0
0
0
0
0
0
0
229841
516803
826984
1109159
1417642
1719955
2008685
2313362
2593605
2877231
3178428
3453152
3757438
4055782
4344762
4659002
4933152
5230771
5521020
5804376
6108639
6407687
6702290
6975510
7289977
7586984
7876485
8175397
8456372
8741202
9033016
9329569
9633387
9927635
10219109
10516961
10810136
11110635
11403016
11703673
11996757
12285646
12584875
12857982
13161678
13455488
13754172
14033810
0
0
0
0
0
0
0
0
0
0
0
0
0
0
0
0
222857
542494
842132
1139728
1422948
1716236
2004558
2285941
2568413
2859501
3149070
3451134
3727823
4020136
4326213
4622540
4922086
5218617
5514240
5805329
6104444
6396984
6695488
6997574
7300181
7603492
7892404
8185737
8470113
8755533
9067211
9341293
9623855
9920612
10204739
10514898
10797120
11096689
11388503
11682132
11975737
12267642
12571497
12868322
13158753
13445306
13744830
14046599
0
0
0
0
0
0
0
0
0
0
0
0
0
0
0
0
230816
548707
819297
1135669
1405215
1699660
1988571
2277664
2591451
2872290
3163968
3471134
3753061
4052063
4350658
4648980
4954240
5242789
5536689
5812834
6113492
6393810
6696599
6991769
7284921
7606939
7879252
8191837
8484331
8778639
9065669
9348277
9641882
9943084
10239116
10540023
10828118
11104717
11401179
11691701
11970658
12259388
12567800
12850930
13142948
13439206
13732789
14032358
0
0
0
0
0
0
0
0
0
0
0
0
0
0
0
0
209683
508821
797302
1119206
1381043
1675079
1954444
2250544
2548073
2844263
3133628
3432766
3734127
4028322
4325805
4617029
4908776
5198798
5489048
5771088
6083243
6376100
6681224
6969864
7267710
7581315
7872857
8171587
8466508
8747483
9044785
9341701
9632245
9939048
10232562
10518753
10812086
11095896
11404739
11693492
11989093
12281043
12583560
12876712
13171746
13467528
13761565
14046259
0
0
0
0
0
0
0
0
0
0
0
0
0
0
0
0
219229
519773
808503
1113628
1384059
1679025
1967732
2275215
2568549
2863968
3155306
3448254
3746803
4066531
4335601
4633265
4906349
5201043
5506395
5793039
6090454
6383719
6688866
6965850
7278934
7603787
7886521
8168413
8453832
8733764
9017664
9308594
9599501
9898390
10187438
10489116
10769909
11056735
11354762
11664580
11969320
12257642
12544989
12839977
13141338
13436145
13748231
14038299
0
0
0
0
0
0
0
0
0
0
0
0
0
0
0
0
155374
401224
654535
879864
1099819
1309303
1537079
1735351
1986754
2216373
2452086
2664989
2898526
3111655
3359864
3595079
3804467
4029410
4278118
4498798
4729206
4961043
5180703
5420431
5649819
5902109
6114218
6327732
6558503
6766417
6969070
7212154
7440726
7671769
7910522
8129320
8355351
8590272
8820136
9065057
9280295
9513900
9736757
9968050
10175329
10410658
10626780
10866236
0
0
0
0
0
0
0
0
0
0
0
0
0
0
0
0
161927
286122
621202
865760
1096712
1308571
1531655
1766100
1991258
2218526
2442834
2693311
2919116
3144649
3366893
3588231
3834127
4044943
4266009
4489116
4703401
4930159
5158639
5382721
5621519
5852812
6094036
6345351
6563356
6747891
6978889
7225261
7448367
7683129
7915442
8139569
8370658
8601973
8810952
9031020
9278753
9509637
9714263
9934558
10157528
10387982
10607664
10846327
0
0
0
0
0
0
0
0
0
0
0
0
0
0
0
0
171088
421701
634127
845266
1066871
1315760
1541338
1775918
2004195
2226508
2451088
2688617
2914399
3115261
3364082
3594150
3818912
4045465
4277143
4495488
4717347
4947891
5173492
5398050
5621950
5888639
6091769
6340816
6565896
6787551
7011814
7231542
7466259
7695215
7913515
8156366
8379264
8594286
8818980
9041519
9247914
9499365
9722018
9949093
10178390
10395805
10628413
10840363
0
0
0
0
0
0
0
0
0
0
0
0
0
0
0
0
175601
421587
621950
869546
1100839
1330152
1540771
1758254
1977868
2209932
2438980
2661315
2918912
3128617
3345034
3576032
3800590
4045873
4266327
4507982
4720748
4951134
5175374
5394218
5616644
5874649
6088957
6316528
6547370
6769909
6992630
7219615
7445261
7662494
7915465
8124989
8347098
8581837
8792653
9026893
9246122
9474082
9714694
9947506
10165329
10394694
10626961
10849705
0
0
0
0
0
0
0
0
0
0
0
0
0
0
0
0
179796
418912
624036
868957
1102630
1322063
1554036
1791963
2004240
2206665
2450385
2656753
2876281
3101020
3352834
3573560
3802562
4034671
4263741
4486508
4713878
4934263
5155397
5385646
5618707
5855964
6063991
6325079
6549569
6770522
6992290
7217846
7445465
7671701
7897007
8128435
8341406
8567438
8802404
9034785
9269365
9506780
9722154
9939002
10165941
10400590
10609955
10834853
0
0
0
0
0
0
0
0
0
0
0
0
0
0
0
0
190068
455714
640499
866508
1109796
1332562
1553991
1783107
2009025
2233469
2438186
2694558
2900499
3114785
3347868
3584785
3802902
4032834
4256939
4480431
4717098
4932902
5170113
5394717
5615193
5892834
6119615
6345578
6554830
6778413
6999887
7236190
7461960
7667891
7892698
8117574
8360907
8576372
8807937
9033265
9276077
9494966
9717528
9943107
10173447
10387052
10636395
10852608
0
0
0
0
0
0
0
0
0
0
0
0
0
0
0
0
0
0
0
0
0
0
0
0
0
0
0
0
0
0
0
0
0
0
0
0
0
0
0
0
0
0
0
0
0
0
0
0
0
0
0
0
0
0
0
0
0
0
0
0
0
0
0
0
0
0
0
0
0
0
0
0
0
0
0
0
0
0
0
0
0
0
0
0
0
0
0
0
0
0
0
0
0
0
0
0
0
0
0
0
0
0
0
0
0
0
0
0
0
0
0
0
0
0
0
0
0
0
0
0
0
0
0
0
0
0
0
0
0
0
0
0
0
0
0
0
0
0
0
0
0
0
0
0
0
0
0
0
0
0
0
0
0
0
0
0
0
0
0
0
0
0
0
0
0
0
0
0
0
0
0
0
0
0
0
0
0
0
0
0
0
0
0
0
0
0
0
0
0
0
0
0
0
0
0
0
0
0
0
0
0
0
0
0
0
0
0
0
0
0
0
0
0
0
0
0
0
0
0
0
0
0
0
0
0
0
0
0
0
0
0
0
0
0
0
0
0
0
0
0
0
0
0
0
0
0
0
0
0
0
0
0
0
0
0
0
0
0
0
0
0
0
0
0
0
0
0
0
0
0
0
0
0
0
0
0
0
0
0
0
0
0
0
0
0
0
0
0
0
0
0
0
0
0
0
0
0
0
0
0
0
0
0
0
0
0
0
0
0
0
0
0
0
0
0
0
0
0
0
0
0
0
0
0
0
0
0
0
0
0
0
0
0
0
0
0
0
0
0
0
0
0
0
0
0
0
0
0
0
0
0
0
0
0
0
0
0
0
0
0
0
0
0
0
0
0
0
0
0
0
0
0
0
0
0
0
0
0
0
0
0
0
0
0
0
0
0
0
0
0
0
0
0
0
0
0
0
0
0
0
275193
679796
1069206
1477506
1863878
2248776
2642721
3019705
3412472
3800658
4172109
4535102
4909501
5296893
5688753
6070703
6454195
6841678
7225578
7601701
7990658
8369456
8737664
9123175
9507959
9907982
10282789
10663696
11052132
11439116
11825760
12205329
12587982
12981633
13383719
13768277
14133991
14521995
14896667
15290544
15692540
16070635
16453787
16820499
17190204
17578118
17959955
18353220
0
0
0
0
0
0
0
0
0
0
0
0
0
0
0
0
229093
522426
800227
1110726
1408503
1694921
1987823
2289002
2585737
2879819
3176961
3469796
3770748
4056803
4332925
4632540
4926372
5233900
5528367
5822177
6101020
6414331
6697438
6990612
7286213
7589093
7885850
8153878
8459955
8753696
9046395
9348005
9638163
9935986
10224218
10521796
10807392
11095057
11393379
11679819
11980023
12281134
12582676
12877302
13170839
13462063
13750726
14041950
0
0
0
0
0
0
0
0
0
0
0
0
0
0
0
0
162721
430635
662455
882449
1107732
1312789
1536190
1759977
1983605
2209728
2435964
2657551
2895306
3117914
3336259
3572630
3789524
4026054
4255624
4474989
4703583
4924853
5142948
5378549
5604649
5863084
6083946
6329627
6547370
6776009
6995964
7211882
7434218
7656712
7881224
8109025
8348435
8570884
8780590
9010658
9239751
9461020
9698345
9922132
10163401
10391066
10617937
10842698
0
0
0
0
0
0
0
0
0
0
0
0
0
0
0
0
0
0
0
0
0
0
0
0
0
0
0
0
0
0
0
0
0
0
0
0
0
0
0
0
0
0
0
0
0
0
0
0
0
0
0
0
0
0
0
0
0
0
0
0
0
0
0
0
0
0
0
0
0
0
0
0
0
0
0
0
0
0
0
0
267166
669977
1043878
1427778
1819320
2217347
2610091
3001497
3383537
3754082
4148934
4550696
4923039
5301995
5700249
6073583
6465351
6829365
7226077
7604989
7985805
8366531
8739410
9120884
9502154
9906553
10269683
10651791
11038980
11424512
11804875
12192222
12572585
12967188
13374512
13751610
14146417
14515624
14902834
15295488
15676032
16067370
16459456
16830295
17206689
17587392
17954989
18337506
0
0
0
0
0
0
0
0
0
0
0
0
0
0
0
0
255420
685760
1054490
1442063
1845261
2221655
2611361
2997551
3389909
3774694
4159229
4556349
4925737
5310975
5686395
6079705
6467483
6856712
7238844
7616667
8000771
8373152
8759932
9151406
9524603
9923061
10302449
10682154
11072698
11459320
11841224
12224059
12603878
12982268
13386054
13756395
14139501
14515238
14904399
15288866
15668707
16057483
16442245
16816168
17197710
17574966
17963696
18359093
0
0
0
0
0
0
0
0
0
0
0
0
0
0
0
0
212086
510975
792540
1105283
1405986
1659554
1965782
2257460
2542358
2839887
3148594
3431293
3738798
4036961
4316599
4629116
4919660
5214444
5513764
5807846
6105034
6408299
6701497
6993583
7286553
7585805
7876100
8161224
8445873
8746213
9029252
9320317
9613810
9910363
10201542
10493152
10787846
11084172
11376825
11683764
11982222
12269615
12586871
12862993
13162063
13470249
13759093
14058639
0
0
0
0
0
0
0
0
0
0
0
0
0
0
0
0
237279
540249
840748
1132630
1405692
1688345
1975170
2265442
2554558
2845283
3136417
3431156
3733243
4014331
4303469
4601610
4889025
5194671
5489456
5792358
6090952
6398821
6694558
6979683
7276304
7577755
7901791
8188322
8446553
8722177
9018322
9315692
9613243
9908617
10211043
10493016
10782449
11071633
11372562
11655964
11958980
12251610
12555533
12847347
13145374
13434830
13729252
14021701
0
0
0
0
0
0
0
0
0
0
0
0
0
0
0
0
173333
427687
639141
871522
1093719
1309320
1533810
1757868
1991927
2240839
2465601
2681587
2917528
3137075
3364376
3598912
3825646
4050000
4273968
4501791
4721088
4948662
5173016
5407937
5637846
5894308
6099048
6336100
6549320
6778186
6996576
7217324
7437914
7662086
7891224
8123605
8356145
8579909
8816463
9048617
9270952
9497143
9717914
9949728
10168639
10397732
10618163
10843220
0
0
0
0
0
0
0
0
0
0
0
0
0
0
0
0
157302
409909
613810
857211
1070479
1308980
1532857
1756735
1981519
2211066
2444603
2688367
2910522
3128685
3365556
3603537
3825397
4044830
4274966
4494853
4727120
4959683
5186893
5402971
5635397
5871224
6089819
6339002
6565238
6780203
7008912
7231179
7460703
7688481
7906621
8132472
8355193
8590952
8810884
9043741
9272971
9492880
9723968
9951814
10183447
10411429
10636848
10863492
0
0
0
0
0
0
0
0
0
0
0
0
0
0
0
0
0
0
0
0
0
0
0
0
0
0
0
0
0
0
0
0
0
0
0
0
0
0
0
0
0
0
0
0
0
0
0
0
0
0
0
0
0
0
0
0
0
0
0
0
0
0
0
0
0
0
0
0
0
0
0
0
0
0
0
0
0
0
0
0
0
0
0
0
0
0
0
0
0
0
0
0
0
0
0
0
0
0
0
0
0
0
0
0
0
0
0
0
0
0
0
0
0
0
0
0
0
0
0
0
0
0
0
0
0
0
0
0
0
0
0
0
0
0
0
0
0
0
0
0
0
0
0
0
19809
4540
2380
1724
1326
1565
1771
1845
2077
2385
3108
3693
5382
4523
6422
8266
6544
8155
10785
11049
11729
13895
14822
14749
19852
3885
2055
1569
1767
1770
2231
2320
2733
3019
3251
3847
5303
4434
6007
8177
9029
9470
11047
12642
11197
13872
13015
13933
0
0
0
0
0
0
0
0
0
0
0
0
0
0
0
0
15424
3560
1688
1179
1180
809
1129
1094
1100
1852
2195
3085
3670
5214
4255
4931
6540
8022
7402
9362
10403
10802
10195
12322
16633
3364
1887
1347
1092
1656
1411
1896
1998
2334
2873
3368
4352
4981
4820
5476
5845
6126
6601
6930
8943
11091
10453
11347
0
0
0
0
0
0
0
0
0
0
0
0
0
0
0
0
11997
4127
1682
1147
1026
1564
1765
2080
1946
3427
4221
3366
4921
4729
5292
7076
6402
6912
9549
7387
11333
11064
11755
12016
14900
4893
2288
1688
1405
1420
1392
1959
2236
2776
3547
3349
5798
5564
5866
5960
6607
7785
8813
8190
9488
11213
10801
12913
0
0
0
0
0
0
0
0
0
0
0
0
0
0
0
0
12693
3999
2036
1724
1576
1702
2225
2167
2096
2795
3230
4890
5143
5588
5359
7125
6596
8201
10078
9293
9526
10842
11405
11318
13285
4841
2228
1050
1361
1533
2019
2211
2719
3419
2591
4488
5854
5017
7489
6245
8696
9129
9498
8917
10465
10819
10285
10645
0
0
0
0
0
0
0
0
0
0
0
0
0
0
0
0
11648
3598
2030
1132
1574
1557
2399
2589
3068
3528
3600
4803
4343
5629
5359
6233
7002
6262
7214
7895
8915
9870
9240
10045
11281
4038
1793
1303
1372
1565
1798
1967
2616
3950
3447
3841
4198
5247
5487
5409
7523
6884
9162
9171
9061
9986
9683
9812
0
0
0
0
0
0
0
0
0
0
0
0
0
0
0
0
11579
3455
2091
2197
1236
2032
2356
2484
2937
4345
5402
5758
6558
5966
7898
9222
8434
11669
9636
9767
8441
10629
9651
8904
11178
3506
1811
1430
1278
1379
1608
2352
3114
3103
3120
3636
4478
4446
5990
6045
7111
9137
9776
6910
8878
8769
9534
11435
0
0
0
0
0
0
0
0
0
0
0
0
0
0
0
0
15780
4013
2295
1370
1172
1207
1120
1106
1008
1594
2516
3068
4488
2769
4653
6219
4511
5483
7739
8012
9697
11041
9194
11975
14931
3504
2286
1374
1338
1402
1497
2127
1828
2473
3374
3220
3362
5128
4436
7816
8375
7253
9142
9485
13635
13865
12449
11021
0
0
0
0
0
0
0
0
0
0
0
0
0
0
0
0
15566
4836
2370
1384
1267
1558
1827
1996
2453
2329
2885
2495
3293
2772
4131
4428
4743
5906
7344
6766
10140
10617
11033
12093
14734
4863
2491
1435
1624
1478
1802
2163
1952
2515
3008
2904
3399
4055
4268
5279
5317
5768
8059
9938
10214
12167
13865
10631
0
0
0
0
0
0
0
0
0
0
0
0
0
0
0
0
14697
4887
3152
2412
1709
1795
1530
2333
2842
3689
3018
4101
3747
7241
5759
6063
6097
6913
7782
8926
10256
10067
11639
13233
14508
5860
2808
1523
873
1487
1465
3085
3269
3515
5905
4993
4589
7417
7884
8190
10437
10911
10516
11930
11358
12842
13655
11453
0
0
0
0
0
0
0
0
0
0
0
0
0
0
0
0
16217
4816
2830
1643
1196
1447
1484
1898
1979
2294
4292
4333
6039
6564
5743
7049
9313
8810
9488
11501
10796
12379
10564
13569
15150
4289
2260
2399
1453
1005
1813
1890
2645
2825
3922
4629
3974
5969
5971
6297
7000
7545
8563
9250
11625
10967
13113
12113
0
0
0
0
0
0
0
0
0
0
0
0
0
0
0
0
12669
3954
2158
1484
1455
1401
1806
1612
2090
2287
3363
4391
3901
5578
5297
7126
5913
6124
7455
9203
8611
9547
9157
10349
12352
3652
2404
1615
1257
1207
1012
1230
1376
1610
2483
2048
3249
3687
3636
6703
6457
7463
9968
9589
9318
9502
10540
11201
0
0
0
0
0
0
0
0
0
0
0
0
0
0
0
0
11768
4488
2442
1516
1219
1161
1458
2022
2457
2537
3069
4330
5498
5879
6170
7051
6773
8003
8777
10205
11746
11053
10207
11282
12047
5057
2299
1983
1391
1607
1314
2007
2276
2527
2686
3587
4929
5464
6257
7331
7875
9111
9927
9764
8472
9383
8344
11201
0
0
0
0
0
0
0
0
0
0
0
0
0
0
0
0
17807
5051
3336
2250
1617
1394
1603
1529
1455
2059
2236
2863
2525
2998
4444
4686
6756
8473
8261
9674
12274
11988
13371
15735
18462
5549
3351
1976
1281
1596
1930
1631
1746
2207
2247
2431
2998
3959
4534
6318
7845
8088
10923
10973
14387
13974
15179
14937
0
0
0
0
0
0
0
0
0
0
0
0
0
0
0
0
14865
4721
2735
1846
1618
1795
1930
2233
2634
2783
3961
5534
6007
5199
5776
6741
7353
7110
8095
9607
11143
12404
11872
14023
13894
5491
3252
1911
1960
1772
1727
1980
2420
2575
2556
2942
4355
5507
5515
4708
6385
8209
9082
9368
10496
8463
12534
13953
0
0
0
0
0
0
0
0
0
0
0
0
0
0
0
0
13721
5129
2902
2087
1788
1507
1694
1690
2755
3223
2850
4673
4210
3700
5162
4381
5130
7973
6776
9418
9103
9984
11612
12552
15462
6826
4136
2257
1481
1599
1813
2127
2289
3076
3216
4922
6114
4935
6662
6446
8540
8090
7966
10126
7140
11054
9769
11903
0
0
0
0
0
0
0
0
0
0
0
0
0
0
0
0
18040
5875
2832
1932
1396
1233
1230
2002
1944
2961
3968
3941
4273
5542
6254
7314
6535
7992
8430
9126
10310
11426
12199
12386
15242
5094
2364
1731
1762
1509
1710
2003
2469
2774
3341
3956
4129
4999
5535
6506
6358
8490
9718
11520
10929
12257
11461
13701
0
0
0
0
0
0
0
0
0
0
0
0
0
0
0
0
14467
4712
3163
2104
1740
1616
1505
1616
2437
2315
4097
5055
4062
4704
5949
5759
6029
7093
7925
8412
8616
8518
9963
9482
15073
5742
3625
2278
1675
1651
1721
2571
2239
3320
3403
5296
4689
6059
6456
6845
6293
8098
9529
9721
9372
10030
10737
10060
0
0
0
0
0
0
0
0
0
0
0
0
0
0
0
0
12725
5445
3696
1675
1865
1544
1581
2013
2635
2709
2979
3748
3730
5331
5551
4425
4963
5905
7131
7520
8944
12106
10375
10447
13629
6706
2937
1926
1434
1333
1433
1708
2173
2881
2920
3498
3657
5843
5323
6375
8101
8621
7986
9787
11704
12319
10605
10692
0
0
0
0
0
0
0
0
0
0
0
0
0
0
0
0
0
0
0
0
0
0
0
0
0
0
0
0
0
0
0
0
0
0
0
0
0
0
0
0
0
0
0
0
0
0
0
0
0
0
0
0
0
0
0
0
0
0
0
0
0
0
0
0
0
0
0
0
0
0
0
0
0
0
0
0
0
0
0
0
0
0
0
0
0
0
0
0
0
0
0
0
0
0
0
0
0
0
0
0
0
0
0
0
0
0
0
0
0
0
0
0
0
0
0
0
0
0
0
0
0
0
0
0
0
0
0
0
0
0
0
0
0
0
0
0
0
0
0
0
0
0
0
0
0
0
0
0
0
0
0
0
0
0
0
0
0
0
0
0
0
0
0
0
0
0
0
0
0
0
0
0
0
0
0
0
0
0
0
0
0
0
0
0
0
0
0
0
0
0
0
0
0
0
0
0
0
0
0
0
0
0
0
0
0
0
0
0
0
0
0
0
0
0
0
0
0
0
0
0
0
0
0
0
0
0
0
0
0
0
0
0
0
0
0
0
0
0
0
0
0
0
0
0
0
0
0
0
0
0
0
0
0
0
0
0
0
0
0
0
0
0
0
0
0
0
0
0
0
0
0
0
0
0
0
0
0
0
0
0
0
0
0
0
0
0
0
0
0
0
0
0
0
0
0
0
0
0
0
0
0
0
0
0
0
0
0
0
0
0
0
0
0
0
0
0
0
0
0
0
0
0
0
0
0
0
0
0
0
0
0
0
0
0
0
0
0
0
0
0
0
0
0
0
0
0
0
0
0
0
0
0
0
0
0
0
0
0
0
0
0
0
0
0
0
0
0
0
0
0
0
0
0
0
0
0
0
0
0
0
0
0
0
0
0
0
0
0
0
0
0
0
0
0
0
0
0
0
0
0
15863
3652
2044
1306
1839
2204
2103
2879
3266
3875
4669
5522
5434
6623
8954
8617
10701
9948
10018
10127
11940
12270
13155
12443
14192
3033
2278
1771
1245
1692
1726
2036
2725
3605
3861
4801
4458
4674
4484
6893
6819
6788
8817
9026
8452
9422
12210
11151
0
0
0
0
0
0
0
0
0
0
0
0
0
0
0
0
14007
5422
3249
1919
1075
1382
1081
2291
2275
2182
3010
3776
6126
4959
6038
6356
7180
8184
9168
10331
11573
12145
12717
12834
15267
4359
2698
1408
1278
1551
1698
1686
2351
2599
3085
3486
4936
4481
5049
6589
5783
6037
9226
10726
11319
12822
11985
13394
0
0
0
0
0
0
0
0
0
0
0
0
0
0
0
0
17846
4379
3178
2363
2687
2412
2444
2408
2821
4112
5376
5731
6589
7672
6464
7229
7750
9748
9623
11271
12907
12209
14010
13520
18413
4831
3107
2522
2458
2959
2497
2179
3313
3164
2752
3085
4115
5207
5620
5600
6199
7895
9954
10689
11535
12775
14040
13724
0
0
0
0
0
0
0
0
0
0
0
0
0
0
0
0
0
0
0
0
0
0
0
0
0
0
0
0
0
0
0
0
0
0
0
0
0
0
0
0
0
0
0
0
0
0
0
0
0
0
0
0
0
0
0
0
0
0
0
0
0
0
0
0
0
0
0
0
0
0
0
0
0
0
0
0
0
0
0
0
14221
3301
2048
1741
1796
1893
1766
2617
2966
4590
3890
4962
6883
6914
5953
9429
8800
10421
11073
11690
11711
11990
13276
14509
16140
4260
2276
2107
2214
2394
3633
3605
4050
4665
5955
5699
5308
6304
6672
9011
8959
10642
11551
11091
12127
11985
14282
12552
0
0
0
0
0
0
0
0
0
0
0
0
0
0
0
0
13653
4150
1845
1681
1489
1397
2133
2734
3656
3697
3937
4598
5166
5492
6320
8007
8309
10164
10755
10036
12260
11293
11845
12187
13875
2547
1928
1259
1008
1580
1420
1962
2100
2948
2557
3603
3554
4081
4713
5318
5590
5505
7463
10064
10587
12103
10022
10980
0
0
0
0
0
0
0
0
0
0
0
0
0
0
0
0
15804
6058
2585
2249
1919
2911
2607
2162
2065
3293
5595
4513
4522
4987
5796
7057
8117
8473
9688
10978
13199
12540
13562
13810
15310
4697
2979
2511
1889
2666
2781
3863
3976
3863
3506
5322
5582
5415
7693
7974
7840
8713
9437
11185
12413
12437
12936
13046
0
0
0
0
0
0
0
0
0
0
0
0
0
0
0
0
17345
3585
2155
1827
1580
1753
2128
1949
2362
2883
4148
4043
5125
6488
6648
9719
8920
11124
10488
12995
12046
14286
13865
14141
18060
3297
2353
1305
1785
1737
1497
1491
1986
2470
2288
2739
4125
3829
4401
6069
6468
7576
8684
9364
12325
11951
12980
12508
0
0
0
0
0
0
0
0
0
0
0
0
0
0
0
0
16008
5898
3299
2369
1975
2245
2010
2639
3047
2797
3675
5565
5673
4986
6055
6562
7290
10285
10316
11938
12576
14019
15016
15606
14279
6120
3227
1989
2422
1905
2513
1884
3092
4502
4799
5055
5217
5617
6596
7297
7593
9716
12101
11941
12138
12953
13878
14733
0
0
0
0
0
0
0
0
0
0
0
0
0
0
0
0
16173
6684
4106
1814
2333
1747
2084
2238
2396
2348
4618
4866
4800
4710
6255
7011
9126
12056
10100
11821
11488
12104
12163
15270
17482
7037
2544
1992
1698
1845
1728
2398
2062
3223
3436
5107
4872
5688
6786
6701
8033
10726
11956
11926
14062
11940
13342
13995
0
0
0
0
0
0
0
0
0
0
0
0
0
0
0
0
0
0
0
0
0
0
0
0
0
0
0
0
0
0
0
0
0
0
0
0
0
0
0
0
0
0
0
0
0
0
0
0
0
0
0
0
0
0
0
0
0
0
0
0
0
0
0
0
0
0
0
0
0
0
0
0
0
0
0
0
0
0
0
0
0
0
0
0
0
0
0
0
0
0
0
0
0
0
0
0
0
0
0
0
0
0
0
0
0
0
0
0
0
0
0
0
0
0
0
0
0
0
0
0
0
0
0
0
0
0
0
0
0
0
0
0
0
0
0
0
0
0
0
0
0
0
0
0
12074
3006
1777
1379
1527
1513
1239
2206
2467
2903
3442
3347
4273
5056
4371
5986
6668
6864
9072
8813
10695
8900
11683
9579
11900
3088
1436
1194
948
991
1197
1304
2030
2180
2821
3206
3359
3678
4531
5691
5756
5249
5842
7018
7250
10140
8932
7040
0
0
0
0
0
0
0
0
0
0
0
0
0
0
0
0
12600
3998
2692
1921
1143
1841
1716
2101
2587
3244
3459
3693
5071
4672
5485
6402
6337
6910
8048
8778
9274
9241
10438
10748
12891
3756
1871
2043
1252
1433
1735
1482
2243
2588
3482
2891
3957
4953
5338
4612
6089
6140
6965
7242
7827
8399
10214
11668
0
0
0
0
0
0
0
0
0
0
0
0
0
0
0
0
9881
2834
1768
1461
1443
1572
1699
1399
1875
2492
3099
2647
4100
4213
4076
5667
4581
5144
7308
7369
7076
7193
9037
9594
11197
4007
1942
1053
1024
1299
1263
1801
2215
2808
2890
3382
3560
4771
4668
4606
5107
5836
6683
7277
7915
8975
7373
8780
0
0
0
0
0
0
0
0
0
0
0
0
0
0
0
0
11137
3611
2403
788
987
1474
1753
1959
2643
2833
3335
3610
4928
5094
5326
6361
7291
6936
7998
7456
8512
10018
10472
11173
12310
3905
1501
1068
960
1413
1805
2576
2282
3307
3446
3342
3461
3743
4521
6238
4598
5271
6966
7017
9091
8763
8836
10898
0
0
0
0
0
0
0
0
0
0
0
0
0
0
0
0
12355
3434
2185
1723
1897
2024
2702
2270
3458
3044
5077
4065
4978
6623
7114
7982
8116
8340
11547
10245
11924
9798
10661
10441
12413
4077
1320
1054
1028
1367
1673
2027
2570
2550
3416
3633
3847
4094
5252
6003
5392
5807
7078
6469
7529
9687
9172
11727
0
0
0
0
0
0
0
0
0
0
0
0
0
0
0
0
12802
4829
1584
1184
1050
1298
2159
2943
3186
3663
3940
4786
5147
5815
5921
5958
8608
9659
9929
8708
10376
10507
11903
10593
15218
4274
1446
1338
1040
1229
1820
2537
2784
2774
3606
3900
4356
5073
5087
5902
5862
6829
7422
8515
8059
10196
11450
12833
0
0
0
0
0
0
0
0
0
0
0
0
0
0
0
0
9935
2816
3006
1667
969
857
1384
1602
1870
1915
1979
2062
2835
3215
3214
4076
4247
4931
5613
6262
7066
7371
8176
8271
11861
4183
1953
1887
1221
1273
1175
1209
1936
2010
2068
2549
3180
3436
3740
4192
4107
4509
6714
7422
6495
8348
8917
9295
0
0
0
0
0
0
0
0
0
0
0
0
0
0
0
0
13336
4273
2716
1794
1351
1652
1728
952
1708
1758
2322
2624
3894
5366
5751
6021
6515
6946
9932
7835
10344
11864
10561
11089
13521
4337
2079
1504
1138
1475
1431
1591
1346
1873
2943
2204
3826
5051
4657
5321
4711
6379
6880
7616
8491
11006
11585
11126
0
0
0
0
0
0
0
0
0
0
0
0
0
0
0
0
9300
3336
1867
1069
1309
1340
1491
1705
2148
2147
2270
2347
3232
3152
2604
3931
3778
5112
4885
5982
5596
7053
8224
8719
10373
3250
1973
1405
1262
1232
1300
1640
1604
2325
2718
2388
3009
3015
3368
3649
4390
4105
4594
5272
5598
6948
7659
9534
0
0
0
0
0
0
0
0
0
0
0
0
0
0
0
0
12534
5200
2212
1558
1646
1478
1879
1819
2203
2895
3069
3266
3635
4290
4629
6793
6911
7917
7250
9383
8404
11035
13538
12664
14062
3916
2652
1623
1545
2100
1858
2617
2968
3538
3653
3577
3754
5368
5180
6561
7072
8573
9061
9477
10181
10031
11188
12261
0
0
0
0
0
0
0
0
0
0
0
0
0
0
0
0
11949
4320
2064
1168
1154
1244
1523
1762
1896
2265
2788
2650
2922
4520
4700
4290
4963
5937
6091
7390
7698
9904
10510
10315
13674
5735
3172
1758
1220
1238
1449
1777
2461
2419
3026
3452
3382
3441
3733
4488
6872
6394
7031
8339
10054
11908
11381
11170
0
0
0
0
0
0
0
0
0
0
0
0
0
0
0
0
12843
5106
2742
1479
1413
1124
1441
2276
2473
3137
4111
3464
4158
5035
4519
4767
5188
6217
6547
7952
8097
10208
11530
12532
14411
5087
2992
1769
1391
1379
1733
1714
1696
2632
2936
3133
6452
4814
4714
5573
6415
8638
9469
11255
12333
12638
12573
12114
0
0
0
0
0
0
0
0
0
0
0
0
0
0
0
0
13816
4880
2298
1673
1343
1091
1031
1316
2301
2427
2673
2489
2756
3772
4562
4963
4705
4512
4526
5834
7006
8262
10133
10965
14469
4031
2940
1828
1683
1424
1287
1696
1993
2683
2608
2277
2268
3557
4402
4637
4390
5467
6243
7475
8285
8508
9130
9564
0
0
0
0
0
0
0
0
0
0
0
0
0
0
0
0
14468
7672
3417
2018
1717
1506
1762
1448
1624
2630
2497
3136
4629
4728
5325
5516
5682
6540
6915
7289
8879
8912
9485
9225
13956
6877
3417
2192
1589
1460
2025
1944
2117
2473
2804
4235
3918
4342
5215
5344
6752
6757
8585
8499
8442
8469
8076
11033
0
0
0
0
0
0
0
0
0
0
0
0
0
0
0
0
8240
3304
2194
1394
1152
1221
1195
1444
2266
2041
2627
3167
3403
3325
4234
4671
5416
5089
6327
8223
7949
9314
11599
11561
11794
4512
2475
1593
1493
1160
1257
1374
2109
2201
2438
3038
4080
3364
3760
4931
4689
5686
6017
5824
7442
9284
9154
8427
0
0
0
0
0
0
0
0
0
0
0
0
0
0
0
0
12644
5346
2811
1432
1297
1153
1599
1393
1402
2133
2702
3175
2932
3208
3182
3678
4611
5480
6412
7231
7077
9107
12400
11127
12679
4904
3292
1832
1627
1503
1703
1810
2327
3072
2893
3829
3753
4119
4622
6353
6030
6306
7780
7373
11621
10360
12886
12373
0
0
0
0
0
0
0
0
0
0
0
0
0
0
0
0
12742
4772
3140
1868
1871
1975
2011
1762
2069
2634
3091
3081
3256
3516
3506
4497
4936
5784
7826
7668
8774
8106
10235
9753
11816
5538
2355
1822
1805
1778
1657
2032
1985
3020
3056
2974
4551
4352
5051
5752
7297
6885
8408
10500
11150
11692
11089
12639
0
0
0
0
0
0
0
0
0
0
0
0
0
0
0
0
14528
4245
2957
2183
1492
1777
2023
2332
2635
2844
2378
2570
4304
3334
3683
4382
4953
6344
6839
7499
8015
10332
11206
13189
14601
4566
2677
2371
1807
1934
1606
1429
2042
2413
2501
2449
3634
4271
4783
4900
6074
6381
8140
8598
9535
12770
12892
12449
0
0
0
0
0
0
0
0
0
0
0
0
0
0
0
0
0
0
0
0
0
0
0
0
0
0
0
0
0
0
0
0
0
0
0
0
0
0
0
0
0
0
0
0
0
0
0
0
0
0
0
0
0
0
0
0
0
0
0
0
0
0
0
0
0
0
0
0
0
0
0
0
0
0
0
0
0
0
0
0
0
0
0
0
0
0
0
0
0
0
0
0
0
0
0
0
0
0
0
0
0
0
0
0
0
0
0
0
0
0
0
0
0
0
0
0
0
0
0
0
0
0
0
0
0
0
0
0
0
0
0
0
0
0
0
0
0
0
0
0
0
0
0
0
0
0
0
0
0
0
0
0
0
0
0
0
0
0
0
0
0
0
0
0
0
0
0
0
0
0
0
0
0
0
0
0
0
0
0
0
0
0
0
0
0
0
0
0
0
0
0
0
0
0
0
0
0
0
0
0
0
0
0
0
0
0
0
0
0
0
0
0
0
0
0
0
0
0
0
0
0
0
0
0
0
0
0
0
0
0
0
0
0
0
0
0
0
0
0
0
0
0
0
0
0
0
0
0
0
0
0
0
0
0
0
0
0
0
0
0
0
0
0
0
0
0
0
0
0
0
0
0
0
0
0
0
0
0
0
0
0
0
0
0
0
0
0
0
0
0
0
0
0
0
0
0
0
0
0
0
0
0
0
0
0
0
0
0
0
0
0
0
0
0
0
0
0
0
0
0
0
0
0
0
0
0
0
0
0
0
0
0
0
0
0
0
0
0
0
0
0
0
0
0
0
0
0
0
0
0
0
0
0
0
0
0
0
0
0
0
0
0
0
0
0
0
0
0
0
0
0
0
0
0
0
0
0
0
0
0
0
0
0
0
0
0
0
0
0
0
0
0
0
0
0
0
0
0
0
0
11611
4234
1620
1249
1193
1501
2181
2224
2754
3222
2953
3527
3966
4259
5451
6658
6272
6079
7853
7569
8384
10636
9791
10084
12314
3166
1616
1072
1515
1876
2248
2504
2343
3250
3737
3820
4187
4228
4798
5575
6297
6258
7201
8021
7697
9590
10036
10465
0
0
0
0
0
0
0
0
0
0
0
0
0
0
0
0
11296
3656
1723
1057
871
1157
1314
1942
2116
2722
3392
3386
3175
3122
4175
4669
6247
5534
6982
6224
8506
9909
9569
9508
11447
3916
2095
1152
1021
1142
1354
1563
1948
2477
2436
2677
3379
4038
4447
4765
6528
5831
7742
8535
8286
10554
9375
9765
0
0
0
0
0
0
0
0
0
0
0
0
0
0
0
0
12899
3825
2503
1613
1325
1531
1541
1652
1699
2547
2670
2596
2766
2908
4046
4894
5196
5858
6608
7489
8291
8041
8865
10663
11326
3972
2887
1806
1951
1671
1693
2041
2090
2426
2648
3510
3034
4009
4212
5900
5319
7038
8096
9594
9821
8869
10031
13060
0
0
0
0
0
0
0
0
0
0
0
0
0
0
0
0
0
0
0
0
0
0
0
0
0
0
0
0
0
0
0
0
0
0
0
0
0
0
0
0
0
0
0
0
0
0
0
0
0
0
0
0
0
0
0
0
0
0
0
0
0
0
0
0
0
0
0
0
0
0
0
0
0
0
0
0
0
0
0
0
11557
3644
2131
1628
1604
2727
2874
2954
3863
3764
4169
3787
5006
4979
4640
5732
6780
6460
7850
8315
8203
9717
9532
9688
11673
3493
1972
1305
1809
1432
2743
3284
2910
4291
4322
4295
4811
5270
5668
6944
6582
7113
9159
8224
8906
10354
9639
9342
0
0
0
0
0
0
0
0
0
0
0
0
0
0
0
0
10885
2087
1527
2220
1814
2352
2957
2690
3483
3515
3742
4057
4820
4201
5546
5496
5252
6502
6885
7537
7436
9544
9127
9382
9692
2293
1968
1846
1570
2233
2210
2261
2295
2847
3016
3467
3785
3727
4705
5153
5845
4886
5611
6384
7307
7914
7959
9610
0
0
0
0
0
0
0
0
0
0
0
0
0
0
0
0
10781
4155
1554
1114
969
861
951
1249
1431
1769
2395
2197
2911
3745
3497
4478
4355
5523
6059
6651
7408
8326
9140
9009
11025
3933
1723
1111
853
894
1021
1334
1327
1767
2481
2611
2815
2851
3808
4497
4645
5319
6164
6360
8669
9267
8897
9298
0
0
0
0
0
0
0
0
0
0
0
0
0
0
0
0
11470
3784
2409
1181
1839
1809
1800
2320
2446
2762
3091
3355
3814
3904
3905
3729
4968
5351
6552
5645
8862
8110
9265
8466
10914
3914
1341
1036
1370
1799
2069
2493
2773
3003
2816
3530
3953
4497
4521
4794
6385
6425
6911
7749
8446
9131
10659
10883
0
0
0
0
0
0
0
0
0
0
0
0
0
0
0
0
12936
3740
2353
1312
1488
1719
2184
2563
2729
3151
3291
4054
4119
4990
4865
5116
5772
6626
7524
8759
9769
10846
10634
9537
12459
4090
2514
1398
1351
1601
2079
1515
1748
2171
3488
3261
4484
5409
5598
6042
6592
7725
8764
8480
9543
10435
10466
10689
0
0
0
0
0
0
0
0
0
0
0
0
0
0
0
0
13093
4731
2317
2629
1541
2278
2206
2631
2044
1974
3014
2821
3295
4011
3395
4254
5582
5780
5653
6574
6804
7661
8009
10561
12167
5579
2365
2526
1924
1735
2010
2175
2758
2951
3345
3566
4124
4122
5004
4555
5689
7713
7045
8237
10127
10087
8857
9002
0
0
0
0
0
0
0
0
0
0
0
0
0
0
0
0
0
0
0
0
0
0
0
0
0
0
0
0
0
0
0
0
0
0
0
0
0
0
0
0
0
0
0
0
0
0
0
0
0
0
0
0
0
0
0
0
0
0
0
0
0
0
0
0
0
0
0
0
0
0
0
0
0
0
0
0
0
0
0
0
0
0
0
0
0
0
0
0
0
0
0
0
0
0
0
0
0
0
0
0
0
0
0
0
0
0
0
0
0
0
0
0
0
0
0
0
0
0
0
0
0
0
0
0
0
0
0
0
0
0
0
0
0
0
0
0
0
0
0
0
0
0
0
0
0
0
0
0
0
0
0
0
0
0
0
0
0
0
0
0
0
0
0
0
0
0
0
0
0
0
0
0
0
0
0
0
