%pattern_data
-10
1
10
4
4
4
0
0
0
1
1
1
0
0
0
0
0
0
0
0
0
0
1
1
99
0
0
52
68
88
0
0
0
-960
-9429
0
0
-8
-8
0
-2
106
0
0
102
0
106
0
-2
106
0
0
102
0
106
0
-2
106
0
0
102
0
106
0
-2
106
0
0
102
0
106
0
-2
106
0
0
102
0
106
0
-2
106
0
0
102
0
106
0
-2
106
0
0
102
0
106
0
-2
106
0
0
102
0
106
0
0
0
248
0
269
0
0
0
0
0
268
0
469
0
0
0
0
0
0
0
269
0
0
0
0
0
0
0
469
0
0
0
259569
0
0
0
0
0
0
0
2621383
0
0
0
0
0
0
0
4885465
0
0
0
0
0
0
0
7238186
0
0
0
0
0
0
0
9486599
0
0
0
0
0
0
0
11864104
0
0
0
0
0
0
0
14165465
0
0
0
0
0
0
0
16460249
0
0
0
0
0
0
0
328594
0
0
0
0
0
0
0
2566644
0
0
0
0
0
0
0
4875374
0
0
0
0
0
0
0
7187596
0
0
0
0
0
0
0
9480867
0
0
0
0
0
0
0
11833719
0
0
0
0
0
0
0
14141950
0
0
0
0
0
0
0
16432880
0
0
0
0
0
0
0
276372
0
0
0
0
0
0
0
2602177
0
0
0
0
0
0
0
4890045
0
0
0
0
0
0
0
7209478
0
0
0
0
0
0
0
9491497
0
0
0
0
0
0
0
11854150
0
0
0
0
0
0
0
14133946
0
0
0
0
0
0
0
16468209
0
0
0
0
0
0
0
240159
0
0
0
0
0
0
0
2576281
0
0
0
0
0
0
0
4926327
0
0
0
0
0
0
0
7181156
0
0
0
0
0
0
0
9519093
0
0
0
0
0
0
0
11826190
0
0
0
0
0
0
0
14118685
0
0
0
0
0
0
0
16448073
0
0
0
0
0
0
0
306939
0
0
0
0
0
0
0
2642446
0
0
0
0
0
0
0
4884815
0
0
0
0
0
0
0
7222313
0
0
0
0
0
0
0
9546236
0
0
0
0
0
0
0
11854127
0
0
0
0
0
0
0
14125556
0
0
0
0
0
0
0
16449569
0
0
0
0
0
0
0
234354
0
0
0
0
0
0
0
2606372
0
0
0
0
0
0
0
4954467
0
0
0
0
0
0
0
7236621
0
0
0
0
0
0
0
9527891
0
0
0
0
0
0
0
11822902
0
0
0
0
0
0
0
14134717
0
0
0
0
0
0
0
16444875
0
0
0
0
0
0
0
243787
0
0
0
0
0
0
0
2044082
0
0
0
0
0
0
0
3763560
0
0
0
0
0
0
0
5532608
0
0
0
0
0
0
0
7315533
0
0
0
0
0
0
0
9080544
0
0
0
0
0
0
0
10795805
0
0
0
0
0
0
0
12563107
0
0
0
0
0
0
0
222902
0
0
0
0
0
0
0
1998027
0
0
0
0
0
0
0
3773084
0
0
0
0
0
0
0
5562744
0
0
0
0
0
0
0
7282789
0
0
0
0
0
0
0
9067551
0
0
0
0
0
0
0
10794014
0
0
0
0
0
0
0
12544104
0
0
0
0
0
0
0
214490
0
0
0
0
0
0
0
2034671
0
0
0
0
0
0
0
3752200
0
0
0
0
0
0
0
5525828
0
0
0
0
0
0
0
7278118
0
0
0
0
0
0
0
9092517
0
0
0
0
0
0
0
10816757
0
0
0
0
0
0
0
12573197
0
0
0
0
0
0
0
207732
0
0
0
0
0
0
0
1981973
0
0
0
0
0
0
0
3801859
0
0
0
0
0
0
0
5562517
0
0
0
0
0
0
0
7269524
0
0
0
0
0
0
0
9007800
0
0
0
0
0
0
0
10821406
0
0
0
0
0
0
0
12598617
0
0
0
0
0
0
0
183787
0
0
0
0
0
0
0
2011701
0
0
0
0
0
0
0
3739342
0
0
0
0
0
0
0
5552404
0
0
0
0
0
0
0
7283333
0
0
0
0
0
0
0
9034875
0
0
0
0
0
0
0
10791587
0
0
0
0
0
0
0
12584785
0
0
0
0
0
0
0
174807
0
0
0
0
0
0
0
2003311
0
0
0
0
0
0
0
3771338
0
0
0
0
0
0
0
5525261
0
0
0
0
0
0
0
7283605
0
0
0
0
0
0
0
9087324
0
0
0
0
0
0
0
10784626
0
0
0
0
0
0
0
12608707
0
0
0
0
0
0
0
152993
0
0
0
0
0
0
0
1540930
0
0
0
0
0
0
0
2910522
0
0
0
0
0
0
0
4261202
0
0
0
0
0
0
0
5617007
0
0
0
0
0
0
0
6962834
0
0
0
0
0
0
0
8356553
0
0
0
0
0
0
0
9697483
0
0
0
0
0
0
0
176122
0
0
0
0
0
0
0
1560454
0
0
0
0
0
0
0
2909819
0
0
0
0
0
0
0
4284626
0
0
0
0
0
0
0
5642041
0
0
0
0
0
0
0
7013764
0
0
0
0
0
0
0
8358073
0
0
0
0
0
0
0
9731202
0
0
0
0
0
0
0
170204
0
0
0
0
0
0
0
1528707
0
0
0
0
0
0
0
2896984
0
0
0
0
0
0
0
4258844
0
0
0
0
0
0
0
5632041
0
0
0
0
0
0
0
6973220
0
0
0
0
0
0
0
8351587
0
0
0
0
0
0
0
9697279
0
0
0
0
0
0
0
190635
0
0
0
0
0
0
0
1559546
0
0
0
0
0
0
0
2907937
0
0
0
0
0
0
0
4275102
0
0
0
0
0
0
0
5606916
0
0
0
0
0
0
0
6996871
0
0
0
0
0
0
0
8378571
0
0
0
0
0
0
0
9762109
0
0
0
0
0
0
0
124830
0
0
0
0
0
0
0
1540159
0
0
0
0
0
0
0
2894195
0
0
0
0
0
0
0
4264490
0
0
0
0
0
0
0
5611111
0
0
0
0
0
0
0
7015193
0
0
0
0
0
0
0
8360884
0
0
0
0
0
0
0
9705238
0
0
0
0
0
0
0
148367
0
0
0
0
0
0
0
1555873
0
0
0
0
0
0
0
2901361
0
0
0
0
0
0
0
4293197
0
0
0
0
0
0
0
5637619
0
0
0
0
0
0
0
7015714
0
0
0
0
0
0
0
8352426
0
0
0
0
0
0
0
9730136
0
0
0
0
0
0
0
0
0
0
0
0
0
0
0
0
0
0
0
0
0
0
0
0
0
0
0
0
0
0
0
0
0
0
0
0
0
0
0
0
0
0
0
0
0
0
0
0
0
0
0
0
0
0
0
0
0
0
0
0
0
0
0
0
0
0
0
0
0
0
0
0
0
0
0
0
0
0
0
0
0
0
0
0
0
0
0
0
0
0
0
0
0
0
0
0
0
0
0
0
0
0
0
0
0
0
0
0
0
0
0
0
0
0
0
0
0
0
0
0
0
0
0
0
0
0
0
0
0
0
0
0
0
0
0
0
0
0
0
0
0
0
0
0
0
0
0
0
0
0
0
0
0
0
0
0
0
0
0
0
0
0
0
0
0
0
0
0
0
0
0
0
0
0
0
0
0
0
0
0
0
0
0
0
0
0
0
0
0
0
0
0
0
0
0
0
0
0
0
0
0
0
0
0
0
0
0
0
0
0
0
0
0
0
0
0
0
0
0
0
0
0
0
0
0
0
0
0
0
0
0
0
0
0
0
0
0
0
0
0
0
0
0
0
0
0
0
0
0
0
0
0
0
0
0
0
0
0
0
0
0
0
0
0
0
0
0
0
0
0
0
0
0
0
0
0
0
0
0
0
0
0
0
0
0
0
0
0
0
0
0
0
0
0
0
0
0
0
0
0
0
0
0
0
0
0
0
0
0
0
0
0
0
0
0
0
0
0
0
0
0
0
0
0
0
0
0
0
0
0
0
0
0
0
0
0
0
0
0
0
0
0
0
0
0
0
0
0
0
0
0
0
0
0
0
0
0
0
0
0
0
0
0
0
0
0
0
0
0
0
0
0
0
0
0
0
0
0
0
0
0
0
0
0
0
0
0
0
0
0
0
298776
0
0
0
0
0
0
0
2627982
0
0
0
0
0
0
0
4923651
0
0
0
0
0
0
0
7221791
0
0
0
0
0
0
0
9546893
0
0
0
0
0
0
0
11826395
0
0
0
0
0
0
0
14124649
0
0
0
0
0
0
0
16411270
0
0
0
0
0
0
0
199569
0
0
0
0
0
0
0
1971905
0
0
0
0
0
0
0
3793741
0
0
0
0
0
0
0
5510544
0
0
0
0
0
0
0
7270930
0
0
0
0
0
0
0
9038730
0
0
0
0
0
0
0
10825737
0
0
0
0
0
0
0
12562313
0
0
0
0
0
0
0
194150
0
0
0
0
0
0
0
1531088
0
0
0
0
0
0
0
2933900
0
0
0
0
0
0
0
4295556
0
0
0
0
0
0
0
5613152
0
0
0
0
0
0
0
6959093
0
0
0
0
0
0
0
8373673
0
0
0
0
0
0
0
9702404
0
0
0
0
0
0
0
0
0
0
0
0
0
0
0
0
0
0
0
0
0
0
0
0
0
0
0
0
0
0
0
0
0
0
0
0
0
0
0
0
0
0
0
0
0
0
0
0
0
0
0
0
0
0
0
0
0
0
0
0
0
0
0
0
0
0
0
0
0
0
0
303220
0
0
0
0
0
0
0
2602789
0
0
0
0
0
0
0
4930091
0
0
0
0
0
0
0
7189320
0
0
0
0
0
0
0
9505714
0
0
0
0
0
0
0
11791383
0
0
0
0
0
0
0
14093175
0
0
0
0
0
0
0
16417619
0
0
0
0
0
0
0
265782
0
0
0
0
0
0
0
2572200
0
0
0
0
0
0
0
4914739
0
0
0
0
0
0
0
7205306
0
0
0
0
0
0
0
9499864
0
0
0
0
0
0
0
11825170
0
0
0
0
0
0
0
14165782
0
0
0
0
0
0
0
16407392
0
0
0
0
0
0
0
207347
0
0
0
0
0
0
0
2000249
0
0
0
0
0
0
0
3780612
0
0
0
0
0
0
0
5520703
0
0
0
0
0
0
0
7309592
0
0
0
0
0
0
0
9053379
0
0
0
0
0
0
0
10790317
0
0
0
0
0
0
0
12587868
0
0
0
0
0
0
0
210522
0
0
0
0
0
0
0
2019751
0
0
0
0
0
0
0
3763719
0
0
0
0
0
0
0
5519252
0
0
0
0
0
0
0
7302268
0
0
0
0
0
0
0
9053356
0
0
0
0
0
0
0
10833787
0
0
0
0
0
0
0
12591995
0
0
0
0
0
0
0
161973
0
0
0
0
0
0
0
1526417
0
0
0
0
0
0
0
2886054
0
0
0
0
0
0
0
4272653
0
0
0
0
0
0
0
5623129
0
0
0
0
0
0
0
6984036
0
0
0
0
0
0
0
8334785
0
0
0
0
0
0
0
9715034
0
0
0
0
0
0
0
159478
0
0
0
0
0
0
0
1560408
0
0
0
0
0
0
0
2906145
0
0
0
0
0
0
0
4249751
0
0
0
0
0
0
0
5624082
0
0
0
0
0
0
0
6986122
0
0
0
0
0
0
0
8354444
0
0
0
0
0
0
0
9701769
0
0
0
0
0
0
0
0
0
0
0
0
0
0
0
0
0
0
0
0
0
0
0
0
0
0
0
0
0
0
0
0
0
0
0
0
0
0
0
0
0
0
0
0
0
0
0
0
0
0
0
0
0
0
0
0
0
0
0
0
0
0
0
0
0
0
0
0
0
0
0
0
0
0
0
0
0
0
0
0
0
0
0
0
0
0
0
0
0
0
0
0
0
0
0
0
0
0
0
0
0
0
0
0
0
0
0
0
0
0
0
0
0
0
0
0
0
0
0
0
0
0
0
0
0
0
0
0
0
0
0
0
0
0
0
262381
0
0
0
0
0
0
0
2593379
0
0
0
0
0
0
0
4873991
0
0
0
0
0
0
0
7183061
0
0
0
0
0
0
0
9487052
0
0
0
0
0
0
0
11794694
0
0
0
0
0
0
0
14122834
0
0
0
0
0
0
0
16461474
0
0
0
0
0
0
0
307256
0
0
0
0
0
0
0
2607166
0
0
0
0
0
0
0
4898957
0
0
0
0
0
0
0
7213220
0
0
0
0
0
0
0
9463288
0
0
0
0
0
0
0
11811791
0
0
0
0
0
0
0
14116621
0
0
0
0
0
0
0
16438571
0
0
0
0
0
0
0
243175
0
0
0
0
0
0
0
2604580
0
0
0
0
0
0
0
4937846
0
0
0
0
0
0
0
7197800
0
0
0
0
0
0
0
9532789
0
0
0
0
0
0
0
11831474
0
0
0
0
0
0
0
14153333
0
0
0
0
0
0
0
16439070
0
0
0
0
0
0
0
274807
0
0
0
0
0
0
0
2615034
0
0
0
0
0
0
0
4937687
0
0
0
0
0
0
0
7227891
0
0
0
0
0
0
0
9535578
0
0
0
0
0
0
0
11865601
0
0
0
0
0
0
0
14143129
0
0
0
0
0
0
0
16377120
0
0
0
0
0
0
0
352744
0
0
0
0
0
0
0
2563605
0
0
0
0
0
0
0
4897324
0
0
0
0
0
0
0
7238980
0
0
0
0
0
0
0
9573356
0
0
0
0
0
0
0
11820658
0
0
0
0
0
0
0
14151995
0
0
0
0
0
0
0
16435624
0
0
0
0
0
0
0
261383
0
0
0
0
0
0
0
2628073
0
0
0
0
0
0
0
4879252
0
0
0
0
0
0
0
7213855
0
0
0
0
0
0
0
9490748
0
0
0
0
0
0
0
11791179
0
0
0
0
0
0
0
14132698
0
0
0
0
0
0
0
16435782
0
0
0
0
0
0
0
246871
0
0
0
0
0
0
0
2030680
0
0
0
0
0
0
0
3743333
0
0
0
0
0
0
0
5505941
0
0
0
0
0
0
0
7290408
0
0
0
0
0
0
0
9043175
0
0
0
0
0
0
0
10802154
0
0
0
0
0
0
0
12577528
0
0
0
0
0
0
0
197664
0
0
0
0
0
0
0
2018299
0
0
0
0
0
0
0
3746304
0
0
0
0
0
0
0
5558095
0
0
0
0
0
0
0
7290136
0
0
0
0
0
0
0
9070884
0
0
0
0
0
0
0
10815170
0
0
0
0
0
0
0
12602630
0
0
0
0
0
0
0
202109
0
0
0
0
0
0
0
2021156
0
0
0
0
0
0
0
3788322
0
0
0
0
0
0
0
5561633
0
0
0
0
0
0
0
7274626
0
0
0
0
0
0
0
9065238
0
0
0
0
0
0
0
10834694
0
0
0
0
0
0
0
12584558
0
0
0
0
0
0
0
198118
0
0
0
0
0
0
0
1990907
0
0
0
0
0
0
0
3730476
0
0
0
0
0
0
0
5519501
0
0
0
0
0
0
0
7336327
0
0
0
0
0
0
0
9058934
0
0
0
0
0
0
0
10823084
0
0
0
0
0
0
0
12570984
0
0
0
0
0
0
0
205986
0
0
0
0
0
0
0
2005147
0
0
0
0
0
0
0
3741406
0
0
0
0
0
0
0
5494807
0
0
0
0
0
0
0
7287438
0
0
0
0
0
0
0
9029955
0
0
0
0
0
0
0
10824444
0
0
0
0
0
0
0
12584082
0
0
0
0
0
0
0
198481
0
0
0
0
0
0
0
2005306
0
0
0
0
0
0
0
3757143
0
0
0
0
0
0
0
5496372
0
0
0
0
0
0
0
7291655
0
0
0
0
0
0
0
9071565
0
0
0
0
0
0
0
10787029
0
0
0
0
0
0
0
12583492
0
0
0
0
0
0
0
152925
0
0
0
0
0
0
0
1539433
0
0
0
0
0
0
0
2908889
0
0
0
0
0
0
0
4282381
0
0
0
0
0
0
0
5605624
0
0
0
0
0
0
0
7007007
0
0
0
0
0
0
0
8366395
0
0
0
0
0
0
0
9724218
0
0
0
0
0
0
0
166531
0
0
0
0
0
0
0
1533741
0
0
0
0
0
0
0
2903016
0
0
0
0
0
0
0
4261814
0
0
0
0
0
0
0
5637098
0
0
0
0
0
0
0
6985147
0
0
0
0
0
0
0
8352063
0
0
0
0
0
0
0
9741293
0
0
0
0
0
0
0
162744
0
0
0
0
0
0
0
1519637
0
0
0
0
0
0
0
2901587
0
0
0
0
0
0
0
4262971
0
0
0
0
0
0
0
5622358
0
0
0
0
0
0
0
6991655
0
0
0
0
0
0
0
8364626
0
0
0
0
0
0
0
9721179
0
0
0
0
0
0
0
155102
0
0
0
0
0
0
0
1548685
0
0
0
0
0
0
0
2896032
0
0
0
0
0
0
0
4266893
0
0
0
0
0
0
0
5632494
0
0
0
0
0
0
0
6983605
0
0
0
0
0
0
0
8341156
0
0
0
0
0
0
0
9707460
0
0
0
0
0
0
0
181519
0
0
0
0
0
0
0
1553764
0
0
0
0
0
0
0
2910680
0
0
0
0
0
0
0
4301406
0
0
0
0
0
0
0
5608231
0
0
0
0
0
0
0
6980431
0
0
0
0
0
0
0
8362698
0
0
0
0
0
0
0
9704240
0
0
0
0
0
0
0
143878
0
0
0
0
0
0
0
1539569
0
0
0
0
0
0
0
2906440
0
0
0
0
0
0
0
4276372
0
0
0
0
0
0
0
5640748
0
0
0
0
0
0
0
6995034
0
0
0
0
0
0
0
8318435
0
0
0
0
0
0
0
9736871
0
0
0
0
0
0
0
0
0
0
0
0
0
0
0
0
0
0
0
0
0
0
0
0
0
0
0
0
0
0
0
0
0
0
0
0
0
0
0
0
0
0
0
0
0
0
0
0
0
0
0
0
0
0
0
0
0
0
0
0
0
0
0
0
0
0
0
0
0
0
0
0
0
0
0
0
0
0
0
0
0
0
0
0
0
0
0
0
0
0
0
0
0
0
0
0
0
0
0
0
0
0
0
0
0
0
0
0
0
0
0
0
0
0
0
0
0
0
0
0
0
0
0
0
0
0
0
0
0
0
0
0
0
0
0
0
0
0
0
0
0
0
0
0
0
0
0
0
0
0
0
0
0
0
0
0
0
0
0
0
0
0
0
0
0
0
0
0
0
0
0
0
0
0
0
0
0
0
0
0
0
0
0
0
0
0
0
0
0
0
0
0
0
0
0
0
0
0
0
0
0
0
0
0
0
0
0
0
0
0
0
0
0
0
0
0
0
0
0
0
0
0
0
0
0
0
0
0
0
0
0
0
0
0
0
0
0
0
0
0
0
0
0
0
0
0
0
0
0
0
0
0
0
0
0
0
0
0
0
0
0
0
0
0
0
0
0
0
0
0
0
0
0
0
0
0
0
0
0
0
0
0
0
0
0
0
0
0
0
0
0
0
0
0
0
0
0
0
0
0
0
0
0
0
0
0
0
0
0
0
0
0
0
0
0
0
0
0
0
0
0
0
0
0
0
0
0
0
0
0
0
0
0
0
0
0
0
0
0
0
0
0
0
0
0
0
0
0
0
0
0
0
0
0
0
0
0
0
0
0
0
0
0
0
0
0
0
0
0
0
0
0
0
0
0
0
0
0
0
0
0
0
0
0
0
0
0
0
0
0
0
295057
0
0
0
0
0
0
0
2591882
0
0
0
0
0
0
0
4915420
0
0
0
0
0
0
0
7232381
0
0
0
0
0
0
0
9503084
0
0
0
0
0
0
0
11851837
0
0
0
0
0
0
0
14165850
0
0
0
0
0
0
0
16447483
0
0
0
0
0
0
0
217460
0
0
0
0
0
0
0
1979206
0
0
0
0
0
0
0
3780567
0
0
0
0
0
0
0
5507370
0
0
0
0
0
0
0
7252540
0
0
0
0
0
0
0
9039819
0
0
0
0
0
0
0
10804603
0
0
0
0
0
0
0
12566122
0
0
0
0
0
0
0
162177
0
0
0
0
0
0
0
1542154
0
0
0
0
0
0
0
2911497
0
0
0
0
0
0
0
4264898
0
0
0
0
0
0
0
5632993
0
0
0
0
0
0
0
6996349
0
0
0
0
0
0
0
8335283
0
0
0
0
0
0
0
9718685
0
0
0
0
0
0
0
0
0
0
0
0
0
0
0
0
0
0
0
0
0
0
0
0
0
0
0
0
0
0
0
0
0
0
0
0
0
0
0
0
0
0
0
0
0
0
0
0
0
0
0
0
0
0
0
0
0
0
0
0
0
0
0
0
0
0
0
0
0
0
0
278367
0
0
0
0
0
0
0
2656531
0
0
0
0
0
0
0
4887392
0
0
0
0
0
0
0
7189546
0
0
0
0
0
0
0
9506440
0
0
0
0
0
0
0
11770658
0
0
0
0
0
0
0
14151995
0
0
0
0
0
0
0
16446395
0
0
0
0
0
0
0
272041
0
0
0
0
0
0
0
2587823
0
0
0
0
0
0
0
4888798
0
0
0
0
0
0
0
7148866
0
0
0
0
0
0
0
9548662
0
0
0
0
0
0
0
11823243
0
0
0
0
0
0
0
14111610
0
0
0
0
0
0
0
16443878
0
0
0
0
0
0
0
235873
0
0
0
0
0
0
0
2011678
0
0
0
0
0
0
0
3790930
0
0
0
0
0
0
0
5521043
0
0
0
0
0
0
0
7259274
0
0
0
0
0
0
0
9093016
0
0
0
0
0
0
0
10800431
0
0
0
0
0
0
0
12564240
0
0
0
0
0
0
0
172313
0
0
0
0
0
0
0
1960181
0
0
0
0
0
0
0
3728481
0
0
0
0
0
0
0
5506213
0
0
0
0
0
0
0
7270159
0
0
0
0
0
0
0
9043016
0
0
0
0
0
0
0
10837596
0
0
0
0
0
0
0
12546485
0
0
0
0
0
0
0
174580
0
0
0
0
0
0
0
1540522
0
0
0
0
0
0
0
2899569
0
0
0
0
0
0
0
4275805
0
0
0
0
0
0
0
5615488
0
0
0
0
0
0
0
6990476
0
0
0
0
0
0
0
8346190
0
0
0
0
0
0
0
9723832
0
0
0
0
0
0
0
165283
0
0
0
0
0
0
0
1536054
0
0
0
0
0
0
0
2907800
0
0
0
0
0
0
0
4281361
0
0
0
0
0
0
0
5644898
0
0
0
0
0
0
0
7001202
0
0
0
0
0
0
0
8344717
0
0
0
0
0
0
0
9695737
0
0
0
0
0
0
0
0
0
0
0
0
0
0
0
0
0
0
0
0
0
0
0
0
0
0
0
0
0
0
0
0
0
0
0
0
0
0
0
0
0
0
0
0
0
0
0
0
0
0
0
0
0
0
0
0
0
0
0
0
0
0
0
0
0
0
0
0
0
0
0
0
0
0
0
0
0
0
0
0
0
0
0
0
0
0
0
0
0
0
0
0
0
0
0
0
0
0
0
0
0
0
0
0
0
0
0
0
0
0
0
0
0
0
0
0
0
0
0
0
0
0
0
0
0
0
0
0
0
0
0
0
0
0
0
3557
0
0
0
0
0
0
0
3801
0
0
0
0
0
0
0
4083
0
0
0
0
0
0
0
3811
0
0
0
0
0
0
0
3933
0
0
0
0
0
0
0
3259
0
0
0
0
0
0
0
4495
0
0
0
0
0
0
0
4443
0
0
0
0
0
0
0
2744
0
0
0
0
0
0
0
2189
0
0
0
0
0
0
0
3047
0
0
0
0
0
0
0
1967
0
0
0
0
0
0
0
2562
0
0
0
0
0
0
0
2047
0
0
0
0
0
0
0
2074
0
0
0
0
0
0
0
2506
0
0
0
0
0
0
0
2537
0
0
0
0
0
0
0
4160
0
0
0
0
0
0
0
3562
0
0
0
0
0
0
0
3559
0
0
0
0
0
0
0
3065
0
0
0
0
0
0
0
3534
0
0
0
0
0
0
0
2821
0
0
0
0
0
0
0
2341
0
0
0
0
0
0
0
3201
0
0
0
0
0
0
0
3836
0
0
0
0
0
0
0
4197
0
0
0
0
0
0
0
3317
0
0
0
0
0
0
0
2927
0
0
0
0
0
0
0
3908
0
0
0
0
0
0
0
4144
0
0
0
0
0
0
0
3815
0
0
0
0
0
0
0
3290
0
0
0
0
0
0
0
4069
0
0
0
0
0
0
0
3157
0
0
0
0
0
0
0
2902
0
0
0
0
0
0
0
3347
0
0
0
0
0
0
0
3220
0
0
0
0
0
0
0
2918
0
0
0
0
0
0
0
2583
0
0
0
0
0
0
0
2831
0
0
0
0
0
0
0
3399
0
0
0
0
0
0
0
2935
0
0
0
0
0
0
0
2903
0
0
0
0
0
0
0
2714
0
0
0
0
0
0
0
3721
0
0
0
0
0
0
0
2181
0
0
0
0
0
0
0
3068
0
0
0
0
0
0
0
5569
0
0
0
0
0
0
0
3934
0
0
0
0
0
0
0
4697
0
0
0
0
0
0
0
3645
0
0
0
0
0
0
0
3409
0
0
0
0
0
0
0
3119
0
0
0
0
0
0
0
4049
0
0
0
0
0
0
0
3486
0
0
0
0
0
0
0
2840
0
0
0
0
0
0
0
2627
0
0
0
0
0
0
0
2900
0
0
0
0
0
0
0
2437
0
0
0
0
0
0
0
2695
0
0
0
0
0
0
0
3020
0
0
0
0
0
0
0
2643
0
0
0
0
0
0
0
3005
0
0
0
0
0
0
0
3535
0
0
0
0
0
0
0
2891
0
0
0
0
0
0
0
2637
0
0
0
0
0
0
0
2882
0
0
0
0
0
0
0
3018
0
0
0
0
0
0
0
2934
0
0
0
0
0
0
0
2760
0
0
0
0
0
0
0
3460
0
0
0
0
0
0
0
3263
0
0
0
0
0
0
0
4228
0
0
0
0
0
0
0
3940
0
0
0
0
0
0
0
3822
0
0
0
0
0
0
0
4315
0
0
0
0
0
0
0
3162
0
0
0
0
0
0
0
4239
0
0
0
0
0
0
0
4191
0
0
0
0
0
0
0
2033
0
0
0
0
0
0
0
2765
0
0
0
0
0
0
0
2382
0
0
0
0
0
0
0
3478
0
0
0
0
0
0
0
2848
0
0
0
0
0
0
0
2963
0
0
0
0
0
0
0
2593
0
0
0
0
0
0
0
3668
0
0
0
0
0
0
0
3782
0
0
0
0
0
0
0
4266
0
0
0
0
0
0
0
4983
0
0
0
0
0
0
0
4437
0
0
0
0
0
0
0
4533
0
0
0
0
0
0
0
4080
0
0
0
0
0
0
0
3489
0
0
0
0
0
0
0
4641
0
0
0
0
0
0
0
3599
0
0
0
0
0
0
0
3568
0
0
0
0
0
0
0
3669
0
0
0
0
0
0
0
4570
0
0
0
0
0
0
0
3345
0
0
0
0
0
0
0
3733
0
0
0
0
0
0
0
3653
0
0
0
0
0
0
0
4047
0
0
0
0
0
0
0
2707
0
0
0
0
0
0
0
3118
0
0
0
0
0
0
0
3544
0
0
0
0
0
0
0
4069
0
0
0
0
0
0
0
4015
0
0
0
0
0
0
0
4222
0
0
0
0
0
0
0
4194
0
0
0
0
0
0
0
3791
0
0
0
0
0
0
0
4111
0
0
0
0
0
0
0
3636
0
0
0
0
0
0
0
3253
0
0
0
0
0
0
0
3848
0
0
0
0
0
0
0
3226
0
0
0
0
0
0
0
4334
0
0
0
0
0
0
0
5026
0
0
0
0
0
0
0
4406
0
0
0
0
0
0
0
4513
0
0
0
0
0
0
0
4696
0
0
0
0
0
0
0
5565
0
0
0
0
0
0
0
4212
0
0
0
0
0
0
0
4889
0
0
0
0
0
0
0
4355
0
0
0
0
0
0
0
4923
0
0
0
0
0
0
0
4651
0
0
0
0
0
0
0
3059
0
0
0
0
0
0
0
2635
0
0
0
0
0
0
0
2857
0
0
0
0
0
0
0
2361
0
0
0
0
0
0
0
2928
0
0
0
0
0
0
0
3389
0
0
0
0
0
0
0
2774
0
0
0
0
0
0
0
2181
0
0
0
0
0
0
0
4691
0
0
0
0
0
0
0
3439
0
0
0
0
0
0
0
3956
0
0
0
0
0
0
0
3812
0
0
0
0
0
0
0
3999
0
0
0
0
0
0
0
3509
0
0
0
0
0
0
0
3770
0
0
0
0
0
0
0
4234
0
0
0
0
0
0
0
0
0
0
0
0
0
0
0
0
0
0
0
0
0
0
0
0
0
0
0
0
0
0
0
0
0
0
0
0
0
0
0
0
0
0
0
0
0
0
0
0
0
0
0
0
0
0
0
0
0
0
0
0
0
0
0
0
0
0
0
0
0
0
0
0
0
0
0
0
0
0
0
0
0
0
0
0
0
0
0
0
0
0
0
0
0
0
0
0
0
0
0
0
0
0
0
0
0
0
0
0
0
0
0
0
0
0
0
0
0
0
0
0
0
0
0
0
0
0
0
0
0
0
0
0
0
0
0
0
0
0
0
0
0
0
0
0
0
0
0
0
0
0
0
0
0
0
0
0
0
0
0
0
0
0
0
0
0
0
0
0
0
0
0
0
0
0
0
0
0
0
0
0
0
0
0
0
0
0
0
0
0
0
0
0
0
0
0
0
0
0
0
0
0
0
0
0
0
0
0
0
0
0
0
0
0
0
0
0
0
0
0
0
0
0
0
0
0
0
0
0
0
0
0
0
0
0
0
0
0
0
0
0
0
0
0
0
0
0
0
0
0
0
0
0
0
0
0
0
0
0
0
0
0
0
0
0
0
0
0
0
0
0
0
0
0
0
0
0
0
0
0
0
0
0
0
0
0
0
0
0
0
0
0
0
0
0
0
0
0
0
0
0
0
0
0
0
0
0
0
0
0
0
0
0
0
0
0
0
0
0
0
0
0
0
0
0
0
0
0
0
0
0
0
0
0
0
0
0
0
0
0
0
0
0
0
0
0
0
0
0
0
0
0
0
0
0
0
0
0
0
0
0
0
0
0
0
0
0
0
0
0
0
0
0
0
0
0
0
0
0
0
0
0
0
0
0
0
0
0
0
0
0
0
2793
0
0
0
0
0
0
0
3273
0
0
0
0
0
0
0
2699
0
0
0
0
0
0
0
3330
0
0
0
0
0
0
0
3215
0
0
0
0
0
0
0
3174
0
0
0
0
0
0
0
3468
0
0
0
0
0
0
0
3776
0
0
0
0
0
0
0
3011
0
0
0
0
0
0
0
4312
0
0
0
0
0
0
0
2958
0
0
0
0
0
0
0
3257
0
0
0
0
0
0
0
3186
0
0
0
0
0
0
0
3780
0
0
0
0
0
0
0
3161
0
0
0
0
0
0
0
3871
0
0
0
0
0
0
0
4413
0
0
0
0
0
0
0
4011
0
0
0
0
0
0
0
3869
0
0
0
0
0
0
0
4657
0
0
0
0
0
0
0
4412
0
0
0
0
0
0
0
4227
0
0
0
0
0
0
0
3491
0
0
0
0
0
0
0
4329
0
0
0
0
0
0
0
0
0
0
0
0
0
0
0
0
0
0
0
0
0
0
0
0
0
0
0
0
0
0
0
0
0
0
0
0
0
0
0
0
0
0
0
0
0
0
0
0
0
0
0
0
0
0
0
0
0
0
0
0
0
0
0
0
0
0
0
0
0
0
0
2749
0
0
0
0
0
0
0
2500
0
0
0
0
0
0
0
3101
0
0
0
0
0
0
0
2675
0
0
0
0
0
0
0
3088
0
0
0
0
0
0
0
2719
0
0
0
0
0
0
0
2428
0
0
0
0
0
0
0
2968
0
0
0
0
0
0
0
4991
0
0
0
0
0
0
0
4575
0
0
0
0
0
0
0
3697
0
0
0
0
0
0
0
5694
0
0
0
0
0
0
0
3828
0
0
0
0
0
0
0
4423
0
0
0
0
0
0
0
5104
0
0
0
0
0
0
0
5355
0
0
0
0
0
0
0
3624
0
0
0
0
0
0
0
4602
0
0
0
0
0
0
0
3753
0
0
0
0
0
0
0
3979
0
0
0
0
0
0
0
3649
0
0
0
0
0
0
0
3708
0
0
0
0
0
0
0
3498
0
0
0
0
0
0
0
3933
0
0
0
0
0
0
0
4840
0
0
0
0
0
0
0
4535
0
0
0
0
0
0
0
6383
0
0
0
0
0
0
0
5982
0
0
0
0
0
0
0
5102
0
0
0
0
0
0
0
4879
0
0
0
0
0
0
0
4760
0
0
0
0
0
0
0
4615
0
0
0
0
0
0
0
5612
0
0
0
0
0
0
0
4494
0
0
0
0
0
0
0
4766
0
0
0
0
0
0
0
4976
0
0
0
0
0
0
0
4846
0
0
0
0
0
0
0
5096
0
0
0
0
0
0
0
5002
0
0
0
0
0
0
0
4314
0
0
0
0
0
0
0
4101
0
0
0
0
0
0
0
5439
0
0
0
0
0
0
0
5403
0
0
0
0
0
0
0
5298
0
0
0
0
0
0
0
4305
0
0
0
0
0
0
0
3665
0
0
0
0
0
0
0
3840
0
0
0
0
0
0
0
4334
0
0
0
0
0
0
0
0
0
0
0
0
0
0
0
0
0
0
0
0
0
0
0
0
0
0
0
0
0
0
0
0
0
0
0
0
0
0
0
0
0
0
0
0
0
0
0
0
0
0
0
0
0
0
0
0
0
0
0
0
0
0
0
0
0
0
0
0
0
0
0
0
0
0
0
0
0
0
0
0
0
0
0
0
0
0
0
0
0
0
0
0
0
0
0
0
0
0
0
0
0
0
0
0
0
0
0
0
0
0
0
0
0
0
0
0
0
0
0
0
0
0
0
0
0
0
0
0
0
0
0
0
0
0
0
2523
0
0
0
0
0
0
0
2994
0
0
0
0
0
0
0
3509
0
0
0
0
0
0
0
3842
0
0
0
0
0
0
0
2235
0
0
0
0
0
0
0
2564
0
0
0
0
0
0
0
2358
0
0
0
0
0
0
0
2803
0
0
0
0
0
0
0
3209
0
0
0
0
0
0
0
2373
0
0
0
0
0
0
0
2566
0
0
0
0
0
0
0
2674
0
0
0
0
0
0
0
2763
0
0
0
0
0
0
0
2156
0
0
0
0
0
0
0
2565
0
0
0
0
0
0
0
3317
0
0
0
0
0
0
0
2728
0
0
0
0
0
0
0
3137
0
0
0
0
0
0
0
3370
0
0
0
0
0
0
0
2392
0
0
0
0
0
0
0
2919
0
0
0
0
0
0
0
3310
0
0
0
0
0
0
0
3261
0
0
0
0
0
0
0
2683
0
0
0
0
0
0
0
3826
0
0
0
0
0
0
0
4176
0
0
0
0
0
0
0
3386
0
0
0
0
0
0
0
3287
0
0
0
0
0
0
0
3287
0
0
0
0
0
0
0
3213
0
0
0
0
0
0
0
3223
0
0
0
0
0
0
0
3197
0
0
0
0
0
0
0
3553
0
0
0
0
0
0
0
3561
0
0
0
0
0
0
0
3028
0
0
0
0
0
0
0
3123
0
0
0
0
0
0
0
3236
0
0
0
0
0
0
0
2873
0
0
0
0
0
0
0
2849
0
0
0
0
0
0
0
3121
0
0
0
0
0
0
0
4435
0
0
0
0
0
0
0
4811
0
0
0
0
0
0
0
3419
0
0
0
0
0
0
0
3748
0
0
0
0
0
0
0
4232
0
0
0
0
0
0
0
5214
0
0
0
0
0
0
0
3332
0
0
0
0
0
0
0
4335
0
0
0
0
0
0
0
2708
0
0
0
0
0
0
0
2603
0
0
0
0
0
0
0
3127
0
0
0
0
0
0
0
3583
0
0
0
0
0
0
0
3473
0
0
0
0
0
0
0
2983
0
0
0
0
0
0
0
2859
0
0
0
0
0
0
0
3171
0
0
0
0
0
0
0
3807
0
0
0
0
0
0
0
3975
0
0
0
0
0
0
0
4156
0
0
0
0
0
0
0
3771
0
0
0
0
0
0
0
4149
0
0
0
0
0
0
0
4299
0
0
0
0
0
0
0
4214
0
0
0
0
0
0
0
3814
0
0
0
0
0
0
0
3224
0
0
0
0
0
0
0
4127
0
0
0
0
0
0
0
3685
0
0
0
0
0
0
0
3649
0
0
0
0
0
0
0
3704
0
0
0
0
0
0
0
3883
0
0
0
0
0
0
0
2659
0
0
0
0
0
0
0
3240
0
0
0
0
0
0
0
3579
0
0
0
0
0
0
0
3356
0
0
0
0
0
0
0
3096
0
0
0
0
0
0
0
3207
0
0
0
0
0
0
0
3146
0
0
0
0
0
0
0
2891
0
0
0
0
0
0
0
2478
0
0
0
0
0
0
0
3750
0
0
0
0
0
0
0
3464
0
0
0
0
0
0
0
3071
0
0
0
0
0
0
0
3728
0
0
0
0
0
0
0
2775
0
0
0
0
0
0
0
3178
0
0
0
0
0
0
0
3940
0
0
0
0
0
0
0
3077
0
0
0
0
0
0
0
2283
0
0
0
0
0
0
0
2925
0
0
0
0
0
0
0
2784
0
0
0
0
0
0
0
2857
0
0
0
0
0
0
0
2822
0
0
0
0
0
0
0
2992
0
0
0
0
0
0
0
2984
0
0
0
0
0
0
0
3227
0
0
0
0
0
0
0
2874
0
0
0
0
0
0
0
3333
0
0
0
0
0
0
0
2954
0
0
0
0
0
0
0
2675
0
0
0
0
0
0
0
2648
0
0
0
0
0
0
0
2083
0
0
0
0
0
0
0
2991
0
0
0
0
0
0
0
2961
0
0
0
0
0
0
0
3530
0
0
0
0
0
0
0
4246
0
0
0
0
0
0
0
4375
0
0
0
0
0
0
0
3184
0
0
0
0
0
0
0
2895
0
0
0
0
0
0
0
3330
0
0
0
0
0
0
0
3340
0
0
0
0
0
0
0
4618
0
0
0
0
0
0
0
3418
0
0
0
0
0
0
0
3697
0
0
0
0
0
0
0
3481
0
0
0
0
0
0
0
3509
0
0
0
0
0
0
0
2896
0
0
0
0
0
0
0
3945
0
0
0
0
0
0
0
3407
0
0
0
0
0
0
0
3015
0
0
0
0
0
0
0
3410
0
0
0
0
0
0
0
3664
0
0
0
0
0
0
0
4454
0
0
0
0
0
0
0
3590
0
0
0
0
0
0
0
3575
0
0
0
0
0
0
0
3142
0
0
0
0
0
0
0
4212
0
0
0
0
0
0
0
4473
0
0
0
0
0
0
0
4212
0
0
0
0
0
0
0
4536
0
0
0
0
0
0
0
4596
0
0
0
0
0
0
0
4847
0
0
0
0
0
0
0
4867
0
0
0
0
0
0
0
5193
0
0
0
0
0
0
0
4386
0
0
0
0
0
0
0
3635
0
0
0
0
0
0
0
4828
0
0
0
0
0
0
0
4230
0
0
0
0
0
0
0
4701
0
0
0
0
0
0
0
4373
0
0
0
0
0
0
0
2907
0
0
0
0
0
0
0
3090
0
0
0
0
0
0
0
4089
0
0
0
0
0
0
0
3777
0
0
0
0
0
0
0
4500
0
0
0
0
0
0
0
0
0
0
0
0
0
0
0
0
0
0
0
0
0
0
0
0
0
0
0
0
0
0
0
0
0
0
0
0
0
0
0
0
0
0
0
0
0
0
0
0
0
0
0
0
0
0
0
0
0
0
0
0
0
0
0
0
0
0
0
0
0
0
0
0
0
0
0
0
0
0
0
0
0
0
0
0
0
0
0
0
0
0
0
0
0
0
0
0
0
0
0
0
0
0
0
0
0
0
0
0
0
0
0
0
0
0
0
0
0
0
0
0
0
0
0
0
0
0
0
0
0
0
0
0
0
0
0
0
0
0
0
0
0
0
0
0
0
0
0
0
0
0
0
0
0
0
0
0
0
0
0
0
0
0
0
0
0
0
0
0
0
0
0
0
0
0
0
0
0
0
0
0
0
0
0
0
0
0
0
0
0
0
0
0
0
0
0
0
0
0
0
0
0
0
0
0
0
0
0
0
0
0
0
0
0
0
0
0
0
0
0
0
0
0
0
0
0
0
0
0
0
0
0
0
0
0
0
0
0
0
0
0
0
0
0
0
0
0
0
0
0
0
0
0
0
0
0
0
0
0
0
0
0
0
0
0
0
0
0
0
0
0
0
0
0
0
0
0
0
0
0
0
0
0
0
0
0
0
0
0
0
0
0
0
0
0
0
0
0
0
0
0
0
0
0
0
0
0
0
0
0
0
0
0
0
0
0
0
0
0
0
0
0
0
0
0
0
0
0
0
0
0
0
0
0
0
0
0
0
0
0
0
0
0
0
0
0
0
0
0
0
0
0
0
0
0
0
0
0
0
0
0
0
0
0
0
0
0
0
0
0
0
0
0
0
0
0
0
0
0
0
0
0
0
0
0
0
0
0
0
0
0
0
2780
0
0
0
0
0
0
0
3099
0
0
0
0
0
0
0
2622
0
0
0
0
0
0
0
3038
0
0
0
0
0
0
0
4081
0
0
0
0
0
0
0
2803
0
0
0
0
0
0
0
2780
0
0
0
0
0
0
0
2463
0
0
0
0
0
0
0
2619
0
0
0
0
0
0
0
2776
0
0
0
0
0
0
0
3060
0
0
0
0
0
0
0
2222
0
0
0
0
0
0
0
2072
0
0
0
0
0
0
0
2239
0
0
0
0
0
0
0
2728
0
0
0
0
0
0
0
2579
0
0
0
0
0
0
0
4706
0
0
0
0
0
0
0
5430
0
0
0
0
0
0
0
4289
0
0
0
0
0
0
0
4130
0
0
0
0
0
0
0
4192
0
0
0
0
0
0
0
4726
0
0
0
0
0
0
0
4308
0
0
0
0
0
0
0
3767
0
0
0
0
0
0
0
0
0
0
0
0
0
0
0
0
0
0
0
0
0
0
0
0
0
0
0
0
0
0
0
0
0
0
0
0
0
0
0
0
0
0
0
0
0
0
0
0
0
0
0
0
0
0
0
0
0
0
0
0
0
0
0
0
0
0
0
0
0
0
0
3518
0
0
0
0
0
0
0
2537
0
0
0
0
0
0
0
2766
0
0
0
0
0
0
0
2957
0
0
0
0
0
0
0
3579
0
0
0
0
0
0
0
3101
0
0
0
0
0
0
0
2889
0
0
0
0
0
0
0
3125
0
0
0
0
0
0
0
3382
0
0
0
0
0
0
0
3331
0
0
0
0
0
0
0
2640
0
0
0
0
0
0
0
3867
0
0
0
0
0
0
0
3570
0
0
0
0
0
0
0
4118
0
0
0
0
0
0
0
2943
0
0
0
0
0
0
0
3112
0
0
0
0
0
0
0
3007
0
0
0
0
0
0
0
3025
0
0
0
0
0
0
0
4109
0
0
0
0
0
0
0
3899
0
0
0
0
0
0
0
3408
0
0
0
0
0
0
0
3349
0
0
0
0
0
0
0
3192
0
0
0
0
0
0
0
3997
0
0
0
0
0
0
0
3571
0
0
0
0
0
0
0
2817
0
0
0
0
0
0
0
2866
0
0
0
0
0
0
0
3412
0
0
0
0
0
0
0
2384
0
0
0
0
0
0
0
2415
0
0
0
0
0
0
0
2446
0
0
0
0
0
0
0
2843
0
0
0
0
0
0
0
3763
0
0
0
0
0
0
0
4280
0
0
0
0
0
0
0
4772
0
0
0
0
0
0
0
3362
0
0
0
0
0
0
0
3567
0
0
0
0
0
0
0
4771
0
0
0
0
0
0
0
4422
0
0
0
0
0
0
0
4274
0
0
0
0
0
0
0
2290
0
0
0
0
0
0
0
3115
0
0
0
0
0
0
0
2245
0
0
0
0
0
0
0
3221
0
0
0
0
0
0
0
2940
0
0
0
0
0
0
0
2754
0
0
0
0
0
0
0
2058
0
0
0
0
0
0
0
2565
0
0
0
0
0
0
0
0
0
0
0
0
0
0
0
0
0
0
0
0
0
0
0
0
0
0
0
0
0
0
0
0
0
0
0
0
0
0
0
0
0
0
0
0
0
0
0
0
0
0
0
0
0
0
0
0
0
0
0
0
0
0
0
0
0
0
0
0
0
0
0
0
0
0
0
0
0
0
0
0
0
0
0
0
0
0
0
0
0
0
0
0
0
0
0
0
0
0
0
0
0
0
0
0
0
0
0
0
0
0
0
0
0
0
0
0
0
0
0
0
0
0
0
0
0
0
0
0
0
0
0
0
0
0
0
0
0
0
0
0
0
0
0
0
0
0
0
0
0
0
0
0
0
0
0
0
0
0
0
0
0
0
0
0
0
0
0
