%pattern_data
10
0
18
3
4
4
0
0
0
1
1
1
0
0
0
0
0
0
0
0
0
0
1
35
85
0
0
52
68
88
0
0
0
960
-8744
0
0
-8
-8
0
-1
0
0
0
-1
0
0
0
-101
0
0
0
-1
0
0
0
-1
0
0
0
-101
0
0
0
-1
0
0
0
-1
0
0
0
-101
0
0
0
-1
0
0
0
-1
0
0
0
-101
0
0
0
0
0
0
0
0
0
0
0
0
0
0
0
0
0
0
0
0
0
294
0
0
0
8
0
485
0
0
0
0
0
8
0
0
206
261
0
285
0
8
0
0
0
0
0
0
0
0
0
288503
0
0
0
1476190
0
0
0
0
0
0
0
3709819
0
0
0
4863832
0
0
0
0
0
0
0
7203175
0
0
0
8397982
0
0
0
0
0
0
0
10630658
0
0
0
11825238
0
0
0
0
0
0
0
0
0
0
0
0
0
0
0
0
0
0
0
0
0
0
0
274921
0
0
0
1513379
0
0
0
0
0
0
0
3777415
0
0
0
4900431
0
0
0
0
0
0
0
7221270
0
0
0
8379751
0
0
0
0
0
0
0
10702948
0
0
0
11841565
0
0
0
0
0
0
0
0
0
0
0
0
0
0
0
0
0
0
0
0
0
0
0
225918
0
0
0
1455646
0
0
0
0
0
0
0
3722993
0
0
0
4865125
0
0
0
0
0
0
0
7193424
0
0
0
8349116
0
0
0
0
0
0
0
10657959
0
0
0
11837574
0
0
0
0
0
0
0
0
0
0
0
0
0
0
0
0
0
0
0
0
0
0
0
256395
0
0
0
1435306
0
0
0
0
0
0
0
3728390
0
0
0
4908231
0
0
0
0
0
0
0
7232902
0
0
0
8360839
0
0
0
0
0
0
0
10672200
0
0
0
11820113
0
0
0
0
0
0
0
0
0
0
0
0
0
0
0
0
0
0
0
0
0
0
0
261927
0
0
0
1439206
0
0
0
0
0
0
0
3676599
0
0
0
4911633
0
0
0
0
0
0
0
7110930
0
0
0
8353129
0
0
0
0
0
0
0
10612993
0
0
0
11792948
0
0
0
0
0
0
0
0
0
0
0
0
0
0
0
0
0
0
0
0
0
0
0
333855
0
0
0
1449048
0
0
0
0
0
0
0
3733379
0
0
0
4868662
0
0
0
0
0
0
0
7214921
0
0
0
8367256
0
0
0
0
0
0
0
10676054
0
0
0
11819116
0
0
0
0
0
0
0
0
0
0
0
0
0
0
0
0
0
0
0
0
0
0
0
252268
0
0
0
1134240
0
0
0
0
0
0
0
2855019
0
0
0
3788209
0
0
0
0
0
0
0
5568245
0
0
0
6441111
0
0
0
0
0
0
0
8149991
0
0
0
9035420
0
0
0
0
0
0
0
0
0
0
0
0
0
0
0
0
0
0
0
0
0
0
0
211650
0
0
0
1123946
0
0
0
0
0
0
0
2848980
0
0
0
3779841
0
0
0
0
0
0
0
5511769
0
0
0
6408924
0
0
0
0
0
0
0
8134717
0
0
0
9021156
0
0
0
0
0
0
0
0
0
0
0
0
0
0
0
0
0
0
0
0
0
0
0
222086
0
0
0
1117459
0
0
0
0
0
0
0
2873673
0
0
0
3785102
0
0
0
0
0
0
0
5492993
0
0
0
6408345
0
0
0
0
0
0
0
8176755
0
0
0
9063537
0
0
0
0
0
0
0
0
0
0
0
0
0
0
0
0
0
0
0
0
0
0
0
256825
0
0
0
1130340
0
0
0
0
0
0
0
2858844
0
0
0
3744512
0
0
0
0
0
0
0
5527302
0
0
0
6407487
0
0
0
0
0
0
0
8181156
0
0
0
9056054
0
0
0
0
0
0
0
0
0
0
0
0
0
0
0
0
0
0
0
0
0
0
0
246553
0
0
0
1115011
0
0
0
0
0
0
0
2876213
0
0
0
3757234
0
0
0
0
0
0
0
5514263
0
0
0
6402789
0
0
0
0
0
0
0
8189705
0
0
0
9058594
0
0
0
0
0
0
0
0
0
0
0
0
0
0
0
0
0
0
0
0
0
0
0
258254
0
0
0
1085601
0
0
0
0
0
0
0
2887234
0
0
0
3727302
0
0
0
0
0
0
0
5536803
0
0
0
6403583
0
0
0
0
0
0
0
8152438
0
0
0
9021723
0
0
0
0
0
0
0
0
0
0
0
0
0
0
0
0
0
0
0
0
0
0
0
173107
0
0
0
866531
0
0
0
0
0
0
0
2236543
0
0
0
2947937
0
0
0
0
0
0
0
4226508
0
0
0
4933492
0
0
0
0
0
0
0
6306100
0
0
0
7009116
0
0
0
0
0
0
0
0
0
0
0
0
0
0
0
0
0
0
0
0
0
0
0
152358
0
0
0
866009
0
0
0
0
0
0
0
2226463
0
0
0
2926644
0
0
0
0
0
0
0
4251519
0
0
0
4932585
0
0
0
0
0
0
0
6284150
0
0
0
6954830
0
0
0
0
0
0
0
0
0
0
0
0
0
0
0
0
0
0
0
0
0
0
0
188794
0
0
0
866239
0
0
0
0
0
0
0
2190000
0
0
0
2871383
0
0
0
0
0
0
0
4261111
0
0
0
4968050
0
0
0
0
0
0
0
6303946
0
0
0
6969660
0
0
0
0
0
0
0
0
0
0
0
0
0
0
0
0
0
0
0
0
0
0
0
144626
0
0
0
849456
0
0
0
0
0
0
0
2207800
0
0
0
2913152
0
0
0
0
0
0
0
4257166
0
0
0
4955351
0
0
0
0
0
0
0
6304218
0
0
0
6997959
0
0
0
0
0
0
0
0
0
0
0
0
0
0
0
0
0
0
0
0
0
0
0
163878
0
0
0
844603
0
0
0
0
0
0
0
2200567
0
0
0
2914857
0
0
0
0
0
0
0
4233016
0
0
0
4957347
0
0
0
0
0
0
0
6264172
0
0
0
6965027
0
0
0
0
0
0
0
0
0
0
0
0
0
0
0
0
0
0
0
0
0
0
0
197982
0
0
0
872041
0
0
0
0
0
0
0
2200930
0
0
0
2887324
0
0
0
0
0
0
0
4275986
0
0
0
4962488
0
0
0
0
0
0
0
6315339
0
0
0
6988821
0
0
0
0
0
0
0
0
0
0
0
0
0
0
0
0
0
0
0
0
0
0
0
0
0
0
0
0
0
0
0
0
0
0
0
0
0
0
0
0
0
0
0
0
0
0
0
0
0
0
0
0
0
0
0
0
0
0
0
0
0
0
0
0
0
0
0
0
0
0
0
0
0
0
0
0
0
0
0
0
0
0
0
0
0
0
0
0
0
0
0
0
0
0
0
0
0
0
0
0
0
0
0
0
0
0
0
0
0
0
0
0
0
0
0
0
0
0
0
0
0
0
0
0
0
0
0
0
0
0
0
0
0
0
0
0
0
0
0
0
0
0
0
0
0
0
0
0
0
0
0
0
0
0
0
0
0
0
0
0
0
0
0
0
0
0
0
0
0
0
0
0
0
0
0
0
0
0
0
0
0
0
0
0
0
0
0
0
0
0
0
0
0
0
0
0
0
0
0
0
0
0
0
0
0
0
0
0
0
0
0
0
0
0
0
0
0
0
0
0
0
0
0
0
0
0
0
0
0
0
0
0
0
0
0
0
0
0
0
0
0
0
0
0
0
0
0
0
0
0
0
0
0
0
0
0
0
0
0
0
0
0
0
0
0
0
0
0
0
0
0
0
0
0
0
0
0
0
0
0
0
0
0
0
0
0
0
0
0
0
0
0
0
0
0
0
0
0
0
0
0
0
0
0
0
0
0
0
0
0
0
0
0
0
0
0
0
0
0
0
0
0
0
0
0
0
0
0
0
0
0
0
0
0
0
0
0
0
0
0
0
0
0
0
0
0
0
0
0
0
0
0
0
0
0
0
0
0
0
0
0
0
0
0
0
0
0
0
0
0
0
0
0
0
0
0
0
0
0
0
0
0
0
0
0
0
0
0
0
0
0
0
0
0
0
0
0
0
0
0
0
0
0
0
0
0
0
272449
0
0
0
1447143
0
0
0
0
0
0
0
3725941
0
0
0
4918209
0
0
0
0
0
0
0
7166054
0
0
0
8368571
0
0
0
0
0
0
0
10678594
0
0
0
11855896
0
0
0
0
0
0
0
0
0
0
0
0
0
0
0
0
0
0
0
0
0
0
0
242880
0
0
0
1111497
0
0
0
0
0
0
0
2885850
0
0
0
3761432
0
0
0
0
0
0
0
5495351
0
0
0
6393401
0
0
0
0
0
0
0
8142407
0
0
0
9051383
0
0
0
0
0
0
0
0
0
0
0
0
0
0
0
0
0
0
0
0
0
0
0
184898
0
0
0
881365
0
0
0
0
0
0
0
2211746
0
0
0
2913642
0
0
0
0
0
0
0
4243673
0
0
0
4934739
0
0
0
0
0
0
0
6307370
0
0
0
6986848
0
0
0
0
0
0
0
0
0
0
0
0
0
0
0
0
0
0
0
0
0
0
0
0
0
0
0
0
0
0
0
0
0
0
0
0
0
0
0
0
0
0
0
0
0
0
0
0
0
0
0
0
0
0
0
0
0
0
0
0
0
0
0
0
0
0
0
0
0
0
0
0
0
0
0
0
0
0
0
0
0
0
0
0
0
0
0
241814
0
0
0
1405193
0
0
0
0
0
0
0
3794580
0
0
0
4909320
0
0
0
0
0
0
0
7167370
0
0
0
8318753
0
0
0
0
0
0
0
10653787
0
0
0
11800023
0
0
0
0
0
0
0
0
0
0
0
0
0
0
0
0
0
0
0
0
0
0
0
332418
0
0
0
1473447
0
0
0
0
0
0
0
3742744
0
0
0
4894603
0
0
0
0
0
0
0
7209546
0
0
0
8363787
0
0
0
0
0
0
0
10666847
0
0
0
11817256
0
0
0
0
0
0
0
0
0
0
0
0
0
0
0
0
0
0
0
0
0
0
0
234240
0
0
0
1114807
0
0
0
0
0
0
0
2845079
0
0
0
3730204
0
0
0
0
0
0
0
5505057
0
0
0
6406009
0
0
0
0
0
0
0
8139977
0
0
0
9021791
0
0
0
0
0
0
0
0
0
0
0
0
0
0
0
0
0
0
0
0
0
0
0
223583
0
0
0
1114966
0
0
0
0
0
0
0
2885555
0
0
0
3763968
0
0
0
0
0
0
0
5520930
0
0
0
6377891
0
0
0
0
0
0
0
8152245
0
0
0
9043061
0
0
0
0
0
0
0
0
0
0
0
0
0
0
0
0
0
0
0
0
0
0
0
185329
0
0
0
881451
0
0
0
0
0
0
0
2219730
0
0
0
2890930
0
0
0
0
0
0
0
4278549
0
0
0
4956077
0
0
0
0
0
0
0
6315465
0
0
0
6994127
0
0
0
0
0
0
0
0
0
0
0
0
0
0
0
0
0
0
0
0
0
0
0
202766
0
0
0
901088
0
0
0
0
0
0
0
2217324
0
0
0
2894785
0
0
0
0
0
0
0
4250272
0
0
0
4950726
0
0
0
0
0
0
0
6302993
0
0
0
7003595
0
0
0
0
0
0
0
0
0
0
0
0
0
0
0
0
0
0
0
0
0
0
0
0
0
0
0
0
0
0
0
0
0
0
0
0
0
0
0
0
0
0
0
0
0
0
0
0
0
0
0
0
0
0
0
0
0
0
0
0
0
0
0
0
0
0
0
0
0
0
0
0
0
0
0
0
0
0
0
0
0
0
0
0
0
0
0
0
0
0
0
0
0
0
0
0
0
0
0
0
0
0
0
0
0
0
0
0
0
0
0
0
0
0
0
0
0
0
0
0
0
0
0
0
0
0
0
0
0
0
0
0
0
0
0
0
0
0
0
0
0
0
0
0
0
0
0
0
0
0
0
253696
0
0
0
1432857
0
0
0
0
0
0
0
3759982
0
0
0
4926009
0
0
0
0
0
0
0
7174739
0
0
0
8371474
0
0
0
0
0
0
0
10677914
0
0
0
11857596
0
0
0
0
0
0
0
0
0
0
0
0
0
0
0
0
0
0
0
0
0
0
0
268526
0
0
0
1448390
0
0
0
0
0
0
0
3733787
0
0
0
4903605
0
0
0
0
0
0
0
7173764
0
0
0
8345116
0
0
0
0
0
0
0
10659433
0
0
0
11778002
0
0
0
0
0
0
0
0
0
0
0
0
0
0
0
0
0
0
0
0
0
0
0
237120
0
0
0
1414943
0
0
0
0
0
0
0
3741293
0
0
0
4878299
0
0
0
0
0
0
0
7213900
0
0
0
8374603
0
0
0
0
0
0
0
10675964
0
0
0
11825011
0
0
0
0
0
0
0
0
0
0
0
0
0
0
0
0
0
0
0
0
0
0
0
250748
0
0
0
1413356
0
0
0
0
0
0
0
3765283
0
0
0
4895397
0
0
0
0
0
0
0
7204762
0
0
0
8365669
0
0
0
0
0
0
0
10657188
0
0
0
11804240
0
0
0
0
0
0
0
0
0
0
0
0
0
0
0
0
0
0
0
0
0
0
0
257234
0
0
0
1400476
0
0
0
0
0
0
0
3740930
0
0
0
4916281
0
0
0
0
0
0
0
7192018
0
0
0
8341519
0
0
0
0
0
0
0
10648549
0
0
0
11811406
0
0
0
0
0
0
0
0
0
0
0
0
0
0
0
0
0
0
0
0
0
0
0
252063
0
0
0
1408118
0
0
0
0
0
0
0
3765624
0
0
0
4932268
0
0
0
0
0
0
0
7171905
0
0
0
8335714
0
0
0
0
0
0
0
10659070
0
0
0
11834830
0
0
0
0
0
0
0
0
0
0
0
0
0
0
0
0
0
0
0
0
0
0
0
238050
0
0
0
1114580
0
0
0
0
0
0
0
2879229
0
0
0
3766712
0
0
0
0
0
0
0
5498617
0
0
0
6377007
0
0
0
0
0
0
0
8162109
0
0
0
9036916
0
0
0
0
0
0
0
0
0
0
0
0
0
0
0
0
0
0
0
0
0
0
0
215782
0
0
0
1103515
0
0
0
0
0
0
0
2883968
0
0
0
3771995
0
0
0
0
0
0
0
5500794
0
0
0
6392880
0
0
0
0
0
0
0
8141088
0
0
0
9021406
0
0
0
0
0
0
0
0
0
0
0
0
0
0
0
0
0
0
0
0
0
0
0
264626
0
0
0
1122948
0
0
0
0
0
0
0
2881270
0
0
0
3767211
0
0
0
0
0
0
0
5554286
0
0
0
6418413
0
0
0
0
0
0
0
8179615
0
0
0
9036553
0
0
0
0
0
0
0
0
0
0
0
0
0
0
0
0
0
0
0
0
0
0
0
224694
0
0
0
1131837
0
0
0
0
0
0
0
2847823
0
0
0
3744671
0
0
0
0
0
0
0
5505964
0
0
0
6401315
0
0
0
0
0
0
0
8150045
0
0
0
9034580
0
0
0
0
0
0
0
0
0
0
0
0
0
0
0
0
0
0
0
0
0
0
0
246032
0
0
0
1102621
0
0
0
0
0
0
0
2876689
0
0
0
3751383
0
0
0
0
0
0
0
5489773
0
0
0
6396122
0
0
0
0
0
0
0
8141066
0
0
0
9029447
0
0
0
0
0
0
0
0
0
0
0
0
0
0
0
0
0
0
0
0
0
0
0
253197
0
0
0
1093673
0
0
0
0
0
0
0
2885488
0
0
0
3753152
0
0
0
0
0
0
0
5518889
0
0
0
6385624
0
0
0
0
0
0
0
8155215
0
0
0
9047846
0
0
0
0
0
0
0
0
0
0
0
0
0
0
0
0
0
0
0
0
0
0
0
139433
0
0
0
839864
0
0
0
0
0
0
0
2230272
0
0
0
2923447
0
0
0
0
0
0
0
4225510
0
0
0
4929297
0
0
0
0
0
0
0
6321905
0
0
0
7019524
0
0
0
0
0
0
0
0
0
0
0
0
0
0
0
0
0
0
0
0
0
0
0
147664
0
0
0
838186
0
0
0
0
0
0
0
2216848
0
0
0
2902063
0
0
0
0
0
0
0
4249433
0
0
0
4933424
0
0
0
0
0
0
0
6308707
0
0
0
7020646
0
0
0
0
0
0
0
0
0
0
0
0
0
0
0
0
0
0
0
0
0
0
0
181995
0
0
0
871020
0
0
0
0
0
0
0
2197776
0
0
0
2879615
0
0
0
0
0
0
0
4263492
0
0
0
4952585
0
0
0
0
0
0
0
6306168
0
0
0
6991338
0
0
0
0
0
0
0
0
0
0
0
0
0
0
0
0
0
0
0
0
0
0
0
179615
0
0
0
881270
0
0
0
0
0
0
0
2213537
0
0
0
2880930
0
0
0
0
0
0
0
4270635
0
0
0
4942948
0
0
0
0
0
0
0
6312268
0
0
0
7004036
0
0
0
0
0
0
0
0
0
0
0
0
0
0
0
0
0
0
0
0
0
0
0
164195
0
0
0
842358
0
0
0
0
0
0
0
2217052
0
0
0
2899456
0
0
0
0
0
0
0
4263447
0
0
0
4981088
0
0
0
0
0
0
0
6286531
0
0
0
6966689
0
0
0
0
0
0
0
0
0
0
0
0
0
0
0
0
0
0
0
0
0
0
0
181814
0
0
0
840884
0
0
0
0
0
0
0
2228685
0
0
0
2898571
0
0
0
0
0
0
0
4268481
0
0
0
4926621
0
0
0
0
0
0
0
6300522
0
0
0
6988866
0
0
0
0
0
0
0
0
0
0
0
0
0
0
0
0
0
0
0
0
0
0
0
0
0
0
0
0
0
0
0
0
0
0
0
0
0
0
0
0
0
0
0
0
0
0
0
0
0
0
0
0
0
0
0
0
0
0
0
0
0
0
0
0
0
0
0
0
0
0
0
0
0
0
0
0
0
0
0
0
0
0
0
0
0
0
0
0
0
0
0
0
0
0
0
0
0
0
0
0
0
0
0
0
0
0
0
0
0
0
0
0
0
0
0
0
0
0
0
0
0
0
0
0
0
0
0
0
0
0
0
0
0
0
0
0
0
0
0
0
0
0
0
0
0
0
0
0
0
0
0
0
0
0
0
0
0
0
0
0
0
0
0
0
0
0
0
0
0
0
0
0
0
0
0
0
0
0
0
0
0
0
0
0
0
0
0
0
0
0
0
0
0
0
0
0
0
0
0
0
0
0
0
0
0
0
0
0
0
0
0
0
0
0
0
0
0
0
0
0
0
0
0
0
0
0
0
0
0
0
0
0
0
0
0
0
0
0
0
0
0
0
0
0
0
0
0
0
0
0
0
0
0
0
0
0
0
0
0
0
0
0
0
0
0
0
0
0
0
0
0
0
0
0
0
0
0
0
0
0
0
0
0
0
0
0
0
0
0
0
0
0
0
0
0
0
0
0
0
0
0
0
0
0
0
0
0
0
0
0
0
0
0
0
0
0
0
0
0
0
0
0
0
0
0
0
0
0
0
0
0
0
0
0
0
0
0
0
0
0
0
0
0
0
0
0
0
0
0
0
0
0
0
0
0
0
0
0
0
0
0
0
0
0
0
0
0
0
0
0
0
0
0
0
0
0
0
0
0
0
0
0
0
0
0
0
0
0
0
0
0
0
0
0
0
0
0
0
0
0
0
0
0
0
0
0
0
295306
0
0
0
1418367
0
0
0
0
0
0
0
3733696
0
0
0
4856531
0
0
0
0
0
0
0
7184535
0
0
0
8346077
0
0
0
0
0
0
0
10663197
0
0
0
11811247
0
0
0
0
0
0
0
0
0
0
0
0
0
0
0
0
0
0
0
0
0
0
0
241043
0
0
0
1120408
0
0
0
0
0
0
0
2846803
0
0
0
3745374
0
0
0
0
0
0
0
5492426
0
0
0
6366848
0
0
0
0
0
0
0
8149819
0
0
0
9037347
0
0
0
0
0
0
0
0
0
0
0
0
0
0
0
0
0
0
0
0
0
0
0
156417
0
0
0
854739
0
0
0
0
0
0
0
2217098
0
0
0
2892812
0
0
0
0
0
0
0
4237596
0
0
0
4917937
0
0
0
0
0
0
0
6319410
0
0
0
6987800
0
0
0
0
0
0
0
0
0
0
0
0
0
0
0
0
0
0
0
0
0
0
0
0
0
0
0
0
0
0
0
0
0
0
0
0
0
0
0
0
0
0
0
0
0
0
0
0
0
0
0
0
0
0
0
0
0
0
0
0
0
0
0
0
0
0
0
0
0
0
0
0
0
0
0
0
0
0
0
0
0
0
0
0
0
0
0
228254
0
0
0
1376304
0
0
0
0
0
0
0
3772744
0
0
0
4912115
0
0
0
0
0
0
0
7211474
0
0
0
8352358
0
0
0
0
0
0
0
10656190
0
0
0
11771905
0
0
0
0
0
0
0
0
0
0
0
0
0
0
0
0
0
0
0
0
0
0
0
254036
0
0
0
1410181
0
0
0
0
0
0
0
3744354
0
0
0
4898095
0
0
0
0
0
0
0
7197755
0
0
0
8361973
0
0
0
0
0
0
0
10642329
0
0
0
11820152
0
0
0
0
0
0
0
0
0
0
0
0
0
0
0
0
0
0
0
0
0
0
0
251565
0
0
0
1120590
0
0
0
0
0
0
0
2852245
0
0
0
3743764
0
0
0
0
0
0
0
5513855
0
0
0
6395370
0
0
0
0
0
0
0
8181406
0
0
0
9050091
0
0
0
0
0
0
0
0
0
0
0
0
0
0
0
0
0
0
0
0
0
0
0
242063
0
0
0
1140159
0
0
0
0
0
0
0
2862177
0
0
0
3758549
0
0
0
0
0
0
0
5509136
0
0
0
6411268
0
0
0
3762
0
0
0
8146683
0
0
0
9030460
0
0
0
3762
0
0
0
0
0
0
0
0
0
0
0
0
0
0
0
0
0
0
0
167755
0
0
0
857324
0
0
0
0
0
0
0
2196531
0
0
0
2879637
0
0
0
0
0
0
0
4237710
0
0
0
4928617
0
0
0
0
0
0
0
6296372
0
0
0
6955170
0
0
0
0
0
0
0
0
0
0
0
0
0
0
0
0
0
0
0
0
0
0
0
173878
0
0
0
854966
0
0
0
0
0
0
0
2220930
0
0
0
2909524
0
0
0
0
0
0
0
4277211
0
0
0
4933878
0
0
0
0
0
0
0
6321406
0
0
0
7009773
0
0
0
0
0
0
0
0
0
0
0
0
0
0
0
0
0
0
0
0
0
0
0
0
0
0
0
0
0
0
0
0
0
0
0
0
0
0
0
0
0
0
0
0
0
0
0
0
0
0
0
0
0
0
0
0
0
0
0
0
0
0
0
0
0
0
0
0
0
0
0
0
0
0
0
0
0
0
0
0
0
0
0
0
0
0
0
0
0
0
0
0
0
0
0
0
0
0
0
0
0
0
0
0
0
0
0
0
0
0
0
0
0
0
0
0
0
0
0
0
0
0
0
0
0
0
0
0
0
0
0
0
0
0
0
0
0
0
0
0
0
0
0
0
0
0
0
0
0
0
0
4467
0
0
0
3693
0
0
0
0
0
0
0
3135
0
0
0
4896
0
0
0
0
0
0
0
5044
0
0
0
4222
0
0
0
0
0
0
0
3760
0
0
0
2980
0
0
0
0
0
0
0
0
0
0
0
0
0
0
0
0
0
0
0
0
0
0
0
3545
0
0
0
4156
0
0
0
0
0
0
0
4941
0
0
0
5203
0
0
0
0
0
0
0
3904
0
0
0
5541
0
0
0
0
0
0
0
4959
0
0
0
5476
0
0
0
0
0
0
0
0
0
0
0
0
0
0
0
0
0
0
0
0
0
0
0
3961
0
0
0
4314
0
0
0
0
0
0
0
3823
0
0
0
3973
0
0
0
0
0
0
0
3578
0
0
0
5026
0
0
0
0
0
0
0
3986
0
0
0
3136
0
0
0
0
0
0
0
0
0
0
0
0
0
0
0
0
0
0
0
0
0
0
0
3335
0
0
0
3892
0
0
0
0
0
0
0
4207
0
0
0
4132
0
0
0
0
0
0
0
3463
0
0
0
4019
0
0
0
0
0
0
0
3745
0
0
0
3834
0
0
0
0
0
0
0
0
0
0
0
0
0
0
0
0
0
0
0
0
0
0
0
3843
0
0
0
3086
0
0
0
0
0
0
0
3320
0
0
0
3333
0
0
0
0
0
0
0
3190
0
0
0
3135
0
0
0
0
0
0
0
3066
0
0
0
3001
0
0
0
0
0
0
0
0
0
0
0
0
0
0
0
0
0
0
0
0
0
0
0
3904
0
0
0
3669
0
0
0
0
0
0
0
3724
0
0
0
3969
0
0
0
0
0
0
0
3641
0
0
0
3965
0
0
0
0
0
0
0
3613
0
0
0
3408
0
0
0
0
0
0
0
0
0
0
0
0
0
0
0
0
0
0
0
0
0
0
0
4209
0
0
0
4079
0
0
0
0
0
0
0
4222
0
0
0
3539
0
0
0
0
0
0
0
3622
0
0
0
4396
0
0
0
0
0
0
0
4011
0
0
0
4297
0
0
0
0
0
0
0
0
0
0
0
0
0
0
0
0
0
0
0
0
0
0
0
4801
0
0
0
3991
0
0
0
0
0
0
0
4798
0
0
0
4386
0
0
0
0
0
0
0
5867
0
0
0
4472
0
0
0
0
0
0
0
3833
0
0
0
4693
0
0
0
0
0
0
0
0
0
0
0
0
0
0
0
0
0
0
0
0
0
0
0
3742
0
0
0
3565
0
0
0
0
0
0
0
4272
0
0
0
4074
0
0
0
0
0
0
0
4342
0
0
0
5260
0
0
0
0
0
0
0
3223
0
0
0
4394
0
0
0
0
0
0
0
0
0
0
0
0
0
0
0
0
0
0
0
0
0
0
0
3670
0
0
0
4693
0
0
0
0
0
0
0
3945
0
0
0
4431
0
0
0
0
0
0
0
4376
0
0
0
3983
0
0
0
0
0
0
0
3934
0
0
0
4490
0
0
0
0
0
0
0
0
0
0
0
0
0
0
0
0
0
0
0
0
0
0
0
3276
0
0
0
3841
0
0
0
0
0
0
0
3519
0
0
0
3903
0
0
0
0
0
0
0
3357
0
0
0
4526
0
0
0
0
0
0
0
3106
0
0
0
3632
0
0
0
0
0
0
0
0
0
0
0
0
0
0
0
0
0
0
0
0
0
0
0
3519
0
0
0
5156
0
0
0
0
0
0
0
4101
0
0
0
5423
0
0
0
0
0
0
0
4054
0
0
0
3548
0
0
0
0
0
0
0
4235
0
0
0
3566
0
0
0
0
0
0
0
0
0
0
0
0
0
0
0
0
0
0
0
0
0
0
0
3961
0
0
0
4141
0
0
0
0
0
0
0
4981
0
0
0
4317
0
0
0
0
0
0
0
3885
0
0
0
4321
0
0
0
0
0
0
0
4740
0
0
0
4028
0
0
0
0
0
0
0
0
0
0
0
0
0
0
0
0
0
0
0
0
0
0
0
4407
0
0
0
5787
0
0
0
0
0
0
0
5130
0
0
0
5256
0
0
0
0
0
0
0
5650
0
0
0
5743
0
0
0
0
0
0
0
5255
0
0
0
4056
0
0
0
0
0
0
0
0
0
0
0
0
0
0
0
0
0
0
0
0
0
0
0
4470
0
0
0
4120
0
0
0
0
0
0
0
3746
0
0
0
4231
0
0
0
0
0
0
0
4531
0
0
0
4587
0
0
0
0
0
0
0
4209
0
0
0
4828
0
0
0
0
0
0
0
0
0
0
0
0
0
0
0
0
0
0
0
0
0
0
0
4127
0
0
0
3977
0
0
0
0
0
0
0
3163
0
0
0
4496
0
0
0
0
0
0
0
4334
0
0
0
3906
0
0
0
0
0
0
0
4246
0
0
0
3558
0
0
0
0
0
0
0
0
0
0
0
0
0
0
0
0
0
0
0
0
0
0
0
3237
0
0
0
3773
0
0
0
0
0
0
0
2823
0
0
0
3034
0
0
0
0
0
0
0
2838
0
0
0
2599
0
0
0
0
0
0
0
2971
0
0
0
2863
0
0
0
0
0
0
0
0
0
0
0
0
0
0
0
0
0
0
0
0
0
0
0
3337
0
0
0
3282
0
0
0
0
0
0
0
4223
0
0
0
3327
0
0
0
0
0
0
0
4335
0
0
0
3741
0
0
0
0
0
0
0
4300
0
0
0
2955
0
0
0
0
0
0
0
0
0
0
0
0
0
0
0
0
0
0
0
0
0
0
0
0
0
0
0
0
0
0
0
0
0
0
0
0
0
0
0
0
0
0
0
0
0
0
0
0
0
0
0
0
0
0
0
0
0
0
0
0
0
0
0
0
0
0
0
0
0
0
0
0
0
0
0
0
0
0
0
0
0
0
0
0
0
0
0
0
0
0
0
0
0
0
0
0
0
0
0
0
0
0
0
0
0
0
0
0
0
0
0
0
0
0
0
0
0
0
0
0
0
0
0
0
0
0
0
0
0
0
0
0
0
0
0
0
0
0
0
0
0
0
0
0
0
0
0
0
0
0
0
0
0
0
0
0
0
0
0
0
0
0
0
0
0
0
0
0
0
0
0
0
0
0
0
0
0
0
0
0
0
0
0
0
0
0
0
0
0
0
0
0
0
0
0
0
0
0
0
0
0
0
0
0
0
0
0
0
0
0
0
0
0
0
0
0
0
0
0
0
0
0
0
0
0
0
0
0
0
0
0
0
0
0
0
0
0
0
0
0
0
0
0
0
0
0
0
0
0
0
0
0
0
0
0
0
0
0
0
0
0
0
0
0
0
0
0
0
0
0
0
0
0
0
0
0
0
0
0
0
0
0
0
0
0
0
0
0
0
0
0
0
0
0
0
0
0
0
0
0
0
0
0
0
0
0
0
0
0
0
0
0
0
0
0
0
0
0
0
0
0
0
0
0
0
0
0
0
0
0
0
0
0
0
0
0
0
0
0
0
0
0
0
0
0
0
0
0
0
0
0
0
0
0
0
0
0
0
0
0
0
0
0
0
0
0
0
0
0
0
0
0
0
0
0
0
0
0
0
0
0
0
0
0
0
0
0
0
0
0
0
0
0
0
0
0
0
0
0
0
0
0
0
0
0
0
0
3891
0
0
0
3375
0
0
0
0
0
0
0
3262
0
0
0
3457
0
0
0
0
0
0
0
3851
0
0
0
3704
0
0
0
0
0
0
0
3231
0
0
0
3689
0
0
0
0
0
0
0
0
0
0
0
0
0
0
0
0
0
0
0
0
0
0
0
3516
0
0
0
3416
0
0
0
0
0
0
0
2963
0
0
0
2891
0
0
0
0
0
0
0
3145
0
0
0
3210
0
0
0
0
0
0
0
3326
0
0
0
3281
0
0
0
0
0
0
0
0
0
0
0
0
0
0
0
0
0
0
0
0
0
0
0
3524
0
0
0
2634
0
0
0
0
0
0
0
3829
0
0
0
3132
0
0
0
0
0
0
0
3735
0
0
0
3617
0
0
0
0
0
0
0
3750
0
0
0
3461
0
0
0
0
0
0
0
0
0
0
0
0
0
0
0
0
0
0
0
0
0
0
0
0
0
0
0
0
0
0
0
0
0
0
0
0
0
0
0
0
0
0
0
0
0
0
0
0
0
0
0
0
0
0
0
0
0
0
0
0
0
0
0
0
0
0
0
0
0
0
0
0
0
0
0
0
0
0
0
0
0
0
0
0
0
0
0
3458
0
0
0
3011
0
0
0
0
0
0
0
3674
0
0
0
2889
0
0
0
0
0
0
0
3555
0
0
0
4035
0
0
0
0
0
0
0
3584
0
0
0
3683
0
0
0
0
0
0
0
0
0
0
0
0
0
0
0
0
0
0
0
0
0
0
0
4690
0
0
0
4149
0
0
0
0
0
0
0
4069
0
0
0
4817
0
0
0
0
0
0
0
4100
0
0
0
5131
0
0
0
0
0
0
0
5376
0
0
0
4568
0
0
0
0
0
0
0
0
0
0
0
0
0
0
0
0
0
0
0
0
0
0
0
3791
0
0
0
3969
0
0
0
0
0
0
0
3750
0
0
0
3730
0
0
0
0
0
0
0
4274
0
0
0
3661
0
0
0
0
0
0
0
4313
0
0
0
3770
0
0
0
0
0
0
0
0
0
0
0
0
0
0
0
0
0
0
0
0
0
0
0
4120
0
0
0
4474
0
0
0
0
0
0
0
4744
0
0
0
4689
0
0
0
0
0
0
0
5531
0
0
0
4346
0
0
0
0
0
0
0
4015
0
0
0
5149
0
0
0
0
0
0
0
0
0
0
0
0
0
0
0
0
0
0
0
0
0
0
0
3959
0
0
0
3599
0
0
0
0
0
0
0
3595
0
0
0
3387
0
0
0
0
0
0
0
3309
0
0
0
3040
0
0
0
0
0
0
0
3326
0
0
0
3921
0
0
0
0
0
0
0
0
0
0
0
0
0
0
0
0
0
0
0
0
0
0
0
4244
0
0
0
4766
0
0
0
0
0
0
0
5572
0
0
0
4979
0
0
0
0
0
0
0
4667
0
0
0
4305
0
0
0
0
0
0
0
4495
0
0
0
5438
0
0
0
0
0
0
0
0
0
0
0
0
0
0
0
0
0
0
0
0
0
0
0
0
0
0
0
0
0
0
0
0
0
0
0
0
0
0
0
0
0
0
0
0
0
0
0
0
0
0
0
0
0
0
0
0
0
0
0
0
0
0
0
0
0
0
0
0
0
0
0
0
0
0
0
0
0
0
0
0
0
0
0
0
0
0
0
0
0
0
0
0
0
0
0
0
0
0
0
0
0
0
0
0
0
0
0
0
0
0
0
0
0
0
0
0
0
0
0
0
0
0
0
0
0
0
0
0
0
0
0
0
0
0
0
0
0
0
0
0
0
0
0
0
0
0
0
0
0
0
0
3892
0
0
0
4580
0
0
0
0
0
0
0
4833
0
0
0
4229
0
0
0
0
0
0
0
4424
0
0
0
3791
0
0
0
0
0
0
0
4617
0
0
0
3642
0
0
0
0
0
0
0
0
0
0
0
0
0
0
0
0
0
0
0
0
0
0
0
2820
0
0
0
2778
0
0
0
0
0
0
0
2456
0
0
0
2692
0
0
0
0
0
0
0
2269
0
0
0
2877
0
0
0
0
0
0
0
2671
0
0
0
3158
0
0
0
0
0
0
0
0
0
0
0
0
0
0
0
0
0
0
0
0
0
0
0
4092
0
0
0
3579
0
0
0
0
0
0
0
3098
0
0
0
2969
0
0
0
0
0
0
0
3443
0
0
0
4294
0
0
0
0
0
0
0
3980
0
0
0
3464
0
0
0
0
0
0
0
0
0
0
0
0
0
0
0
0
0
0
0
0
0
0
0
4072
0
0
0
3494
0
0
0
0
0
0
0
2960
0
0
0
3545
0
0
0
0
0
0
0
3190
0
0
0
3013
0
0
0
0
0
0
0
3556
0
0
0
3280
0
0
0
0
0
0
0
0
0
0
0
0
0
0
0
0
0
0
0
0
0
0
0
4237
0
0
0
3816
0
0
0
0
0
0
0
3790
0
0
0
3799
0
0
0
0
0
0
0
3346
0
0
0
3976
0
0
0
0
0
0
0
3819
0
0
0
3812
0
0
0
0
0
0
0
0
0
0
0
0
0
0
0
0
0
0
0
0
0
0
0
3043
0
0
0
3072
0
0
0
0
0
0
0
2995
0
0
0
3283
0
0
0
0
0
0
0
2606
0
0
0
3778
0
0
0
0
0
0
0
3320
0
0
0
3828
0
0
0
0
0
0
0
0
0
0
0
0
0
0
0
0
0
0
0
0
0
0
0
4777
0
0
0
4259
0
0
0
0
0
0
0
5081
0
0
0
4074
0
0
0
0
0
0
0
4906
0
0
0
4725
0
0
0
0
0
0
0
4900
0
0
0
4340
0
0
0
0
0
0
0
0
0
0
0
0
0
0
0
0
0
0
0
0
0
0
0
3469
0
0
0
4013
0
0
0
0
0
0
0
3760
0
0
0
3299
0
0
0
0
0
0
0
3765
0
0
0
3153
0
0
0
0
0
0
0
3313
0
0
0
3721
0
0
0
0
0
0
0
0
0
0
0
0
0
0
0
0
0
0
0
0
0
0
0
3310
0
0
0
3881
0
0
0
0
0
0
0
4423
0
0
0
4041
0
0
0
0
0
0
0
4141
0
0
0
3703
0
0
0
0
0
0
0
3451
0
0
0
4620
0
0
0
0
0
0
0
0
0
0
0
0
0
0
0
0
0
0
0
0
0
0
0
4214
0
0
0
3872
0
0
0
0
0
0
0
3670
0
0
0
3520
0
0
0
0
0
0
0
4280
0
0
0
2691
0
0
0
0
0
0
0
4202
0
0
0
3493
0
0
0
0
0
0
0
0
0
0
0
0
0
0
0
0
0
0
0
0
0
0
0
5105
0
0
0
3812
0
0
0
0
0
0
0
4598
0
0
0
4478
0
0
0
0
0
0
0
4790
0
0
0
4091
0
0
0
0
0
0
0
4235
0
0
0
4620
0
0
0
0
0
0
0
0
0
0
0
0
0
0
0
0
0
0
0
0
0
0
0
4192
0
0
0
4414
0
0
0
0
0
0
0
4040
0
0
0
3761
0
0
0
0
0
0
0
4053
0
0
0
3395
0
0
0
0
0
0
0
4578
0
0
0
3534
0
0
0
0
0
0
0
0
0
0
0
0
0
0
0
0
0
0
0
0
0
0
0
4522
0
0
0
4010
0
0
0
0
0
0
0
3855
0
0
0
4428
0
0
0
0
0
0
0
4420
0
0
0
3129
0
0
0
0
0
0
0
4741
0
0
0
3765
0
0
0
0
0
0
0
0
0
0
0
0
0
0
0
0
0
0
0
0
0
0
0
4688
0
0
0
4163
0
0
0
0
0
0
0
4302
0
0
0
4295
0
0
0
0
0
0
0
4371
0
0
0
4892
0
0
0
0
0
0
0
3851
0
0
0
4249
0
0
0
0
0
0
0
0
0
0
0
0
0
0
0
0
0
0
0
0
0
0
0
4855
0
0
0
4401
0
0
0
0
0
0
0
4650
0
0
0
4511
0
0
0
0
0
0
0
4828
0
0
0
4427
0
0
0
0
0
0
0
4449
0
0
0
4861
0
0
0
0
0
0
0
0
0
0
0
0
0
0
0
0
0
0
0
0
0
0
0
4157
0
0
0
3895
0
0
0
0
0
0
0
3883
0
0
0
5077
0
0
0
0
0
0
0
3562
0
0
0
4074
0
0
0
0
0
0
0
4038
0
0
0
4192
0
0
0
0
0
0
0
0
0
0
0
0
0
0
0
0
0
0
0
0
0
0
0
4791
0
0
0
4459
0
0
0
0
0
0
0
4727
0
0
0
3833
0
0
0
0
0
0
0
4187
0
0
0
3922
0
0
0
0
0
0
0
4343
0
0
0
4087
0
0
0
0
0
0
0
0
0
0
0
0
0
0
0
0
0
0
0
0
0
0
0
3997
0
0
0
3675
0
0
0
0
0
0
0
2758
0
0
0
3620
0
0
0
0
0
0
0
3980
0
0
0
3599
0
0
0
0
0
0
0
4408
0
0
0
3379
0
0
0
0
0
0
0
0
0
0
0
0
0
0
0
0
0
0
0
0
0
0
0
0
0
0
0
0
0
0
0
0
0
0
0
0
0
0
0
0
0
0
0
0
0
0
0
0
0
0
0
0
0
0
0
0
0
0
0
0
0
0
0
0
0
0
0
0
0
0
0
0
0
0
0
0
0
0
0
0
0
0
0
0
0
0
0
0
0
0
0
0
0
0
0
0
0
0
0
0
0
0
0
0
0
0
0
0
0
0
0
0
0
0
0
0
0
0
0
0
0
0
0
0
0
0
0
0
0
0
0
0
0
0
0
0
0
0
0
0
0
0
0
0
0
0
0
0
0
0
0
0
0
0
0
0
0
0
0
0
0
0
0
0
0
0
0
0
0
0
0
0
0
0
0
0
0
0
0
0
0
0
0
0
0
0
0
0
0
0
0
0
0
0
0
0
0
0
0
0
0
0
0
0
0
0
0
0
0
0
0
0
0
0
0
0
0
0
0
0
0
0
0
0
0
0
0
0
0
0
0
0
0
0
0
0
0
0
0
0
0
0
0
0
0
0
0
0
0
0
0
0
0
0
0
0
0
0
0
0
0
0
0
0
0
0
0
0
0
0
0
0
0
0
0
0
0
0
0
0
0
0
0
0
0
0
0
0
0
0
0
0
0
0
0
0
0
0
0
0
0
0
0
0
0
0
0
0
0
0
0
0
0
0
0
0
0
0
0
0
0
0
0
0
0
0
0
0
0
0
0
0
0
0
0
0
0
0
0
0
0
0
0
0
0
0
0
0
0
0
0
0
0
0
0
0
0
0
0
0
0
0
0
0
0
0
0
0
0
0
0
0
0
0
0
0
0
0
0
0
0
0
0
0
0
0
0
0
0
0
0
0
0
0
0
0
0
0
0
0
0
0
0
0
0
0
0
4459
0
0
0
5772
0
0
0
0
0
0
0
4414
0
0
0
4373
0
0
0
0
0
0
0
3711
0
0
0
3787
0
0
0
0
0
0
0
3875
0
0
0
3795
0
0
0
0
0
0
0
0
0
0
0
0
0
0
0
0
0
0
0
0
0
0
0
3857
0
0
0
3601
0
0
0
0
0
0
0
3994
0
0
0
3767
0
0
0
0
0
0
0
3992
0
0
0
3847
0
0
0
0
0
0
0
3547
0
0
0
3730
0
0
0
0
0
0
0
0
0
0
0
0
0
0
0
0
0
0
0
0
0
0
0
4860
0
0
0
4485
0
0
0
0
0
0
0
5323
0
0
0
5157
0
0
0
0
0
0
0
4774
0
0
0
5765
0
0
0
0
0
0
0
4473
0
0
0
4762
0
0
0
0
0
0
0
0
0
0
0
0
0
0
0
0
0
0
0
0
0
0
0
0
0
0
0
0
0
0
0
0
0
0
0
0
0
0
0
0
0
0
0
0
0
0
0
0
0
0
0
0
0
0
0
0
0
0
0
0
0
0
0
0
0
0
0
0
0
0
0
0
0
0
0
0
0
0
0
0
0
0
0
0
0
0
0
4357
0
0
0
3334
0
0
0
0
0
0
0
3781
0
0
0
3295
0
0
0
0
0
0
0
2772
0
0
0
3286
0
0
0
0
0
0
0
3600
0
0
0
2676
0
0
0
0
0
0
0
0
0
0
0
0
0
0
0
0
0
0
0
0
0
0
0
3724
0
0
0
3580
0
0
0
0
0
0
0
3088
0
0
0
3304
0
0
0
0
0
0
0
3320
0
0
0
3457
0
0
0
0
0
0
0
3569
0
0
0
3344
0
0
0
0
0
0
0
0
0
0
0
0
0
0
0
0
0
0
0
0
0
0
0
4568
0
0
0
4495
0
0
0
0
0
0
0
3881
0
0
0
4471
0
0
0
0
0
0
0
4068
0
0
0
3314
0
0
0
0
0
0
0
3965
0
0
0
4468
0
0
0
0
0
0
0
0
0
0
0
0
0
0
0
0
0
0
0
0
0
0
0
4845
0
0
0
4043
0
0
0
0
0
0
0
4867
0
0
0
4392
0
0
0
0
0
0
0
3324
0
0
0
3997
0
0
0
0
0
0
0
3488
0
0
0
4727
0
0
0
0
0
0
0
0
0
0
0
0
0
0
0
0
0
0
0
0
0
0
0
3749
0
0
0
4164
0
0
0
0
0
0
0
4563
0
0
0
4040
0
0
0
0
0
0
0
4514
0
0
0
4273
0
0
0
0
0
0
0
4300
0
0
0
3796
0
0
0
0
0
0
0
0
0
0
0
0
0
0
0
0
0
0
0
0
0
0
0
4437
0
0
0
4488
0
0
0
0
0
0
0
4486
0
0
0
4821
0
0
0
0
0
0
0
4088
0
0
0
4996
0
0
0
0
0
0
0
5083
0
0
0
5132
0
0
0
0
0
0
0
0
0
0
0
0
0
0
0
0
0
0
0
0
0
0
0
0
0
0
0
0
0
0
0
0
0
0
0
0
0
0
0
0
0
0
0
0
0
0
0
0
0
0
0
0
0
0
0
0
0
0
0
0
0
0
0
0
0
0
0
0
0
0
0
0
0
0
0
0
0
0
0
0
0
0
0
0
0
0
0
0
0
0
0
0
0
0
0
0
0
0
0
0
0
0
0
0
0
0
0
0
0
0
0
0
0
0
0
0
0
0
0
0
0
0
0
0
0
0
0
0
0
0
0
0
0
0
0
0
0
0
0
0
0
0
0
0
0
0
0
0
0
0
0
0
0
0
0
0
0
0
0
0
0
0
0
0
0
0
0
0
0
0
0
0
0
0
0
0
0
0
0
0
0
0
0
