%pattern_data
-50
1
5
4
4
4
0
0
0
1
1
1
0
0
0
0
0
0
0
0
0
0
1
13
127
0
0
52
68
88
0
0
0
0
0
6
0
6
0
-1
0
6
6
6
0
6
0
-1
0
6
6
6
0
6
0
-1
0
6
6
6
6
6
0
-1
0
6
6
6
0
6
0
-1
0
6
6
6
0
6
0
-1
0
6
6
6
0
6
0
-1
0
6
6
6
6
6
0
-1
0
6
6
281905
0
863878
0
1427846
0
2043810
2340703
2618571
0
3196145
0
3730317
0
4335011
4620771
4900499
0
5492154
0
6079705
0
6657120
6947029
7221497
7519592
7812109
0
8356848
0
8947664
9256893
9518322
0
10106304
0
10685193
0
11283243
11578571
11845283
0
12423084
0
12999184
0
13580476
13857846
14154399
0
14755374
0
15305442
0
15895624
16182063
16456939
16753741
17019161
0
17580249
0
18164671
18462540
294966
0
903696
0
1436848
0
2030862
2336009
2596871
0
3182472
0
3745215
0
4369206
4644399
4906417
0
5508753
0
6056939
0
6669161
6936485
7207098
7489546
7775805
0
8327664
0
8918458
9225805
9502698
0
10103039
0
10650023
0
11255079
11552426
11823356
0
12456281
0
12985102
0
13577891
13875510
14133696
0
14736553
0
15293946
0
15850884
16130748
16419048
16735125
17012834
0
17585215
0
18170068
18452630
319320
0
899524
0
1460000
0
2048367
2338549
2607166
0
3199592
0
3773832
0
4345057
4622789
4909524
0
5505805
0
6085034
0
6650091
6948707
7205692
7505329
7791383
0
8360000
0
8941202
9216190
9514853
0
10115147
0
10681293
0
11281020
11571678
11843560
0
12424853
0
12977438
0
13572812
13871497
14145465
0
14736032
0
15297687
0
15868503
16174082
16451043
16751202
17021746
0
17613628
0
18187823
18453696
294308
0
868912
0
1442608
0
2063719
2334785
2603605
0
3152857
0
3725873
0
4349728
4635828
4904558
0
5514512
0
6063492
0
6644739
6933447
7198095
7491950
7790658
0
8340068
0
8951837
9225215
9519410
0
10104195
0
10649864
0
11241769
11523673
11800748
0
12427075
0
12990975
0
13577823
13866780
14128503
0
14733741
0
15297868
0
15869456
16132268
16432063
16720476
17022063
0
17581995
0
18184875
18446961
264490
0
874490
0
1447959
0
2046803
2312562
2603560
0
3193469
0
3753719
0
4351859
4625578
4898073
0
5510431
0
6061587
0
6651020
6931406
7211497
7505442
7780522
0
8339456
0
8960930
9208005
9501791
0
10122766
0
10690703
0
11259070
11538571
11824490
0
12439229
0
12994921
0
13581383
13841927
14134807
0
14729501
0
15303492
0
15871950
16154354
16444580
16721746
17022404
0
17597211
0
18174082
18450363
297800
0
903605
0
1465918
0
2044263
2319637
2590567
0
3194490
0
3746689
0
4310839
4597914
4881542
0
5484603
0
6041859
0
6658390
6948685
7220159
7505193
7794603
0
8358073
0
8942018
9219841
9498186
0
10098821
0
10659365
0
11278141
11572245
11826893
0
12430726
0
12990249
0
13583016
13869751
14114127
0
14738050
0
15288753
0
15885578
16163764
16439705
16736689
17024966
0
17595488
0
18186757
18458980
242290
0
667256
0
1113810
0
1567052
1757120
2007710
0
2454376
0
2891769
0
3326712
3545374
3774966
0
4211678
0
4632925
0
5097868
5299002
5522358
5741587
5980884
0
6388594
0
6854512
7081270
7295941
0
7751338
0
8179569
0
8634490
8828912
9065329
0
9528413
0
9949705
0
10419320
10598299
10831655
0
11279002
0
11688912
0
12155306
12390590
12601678
12818435
13045646
0
13451406
0
13914172
14124150
217120
0
686621
0
1095760
0
1562608
1765442
1978753
0
2450930
0
2871043
0
3297914
3528050
3746984
0
4183628
0
4610136
0
5061134
5288844
5504172
5713878
5944490
0
6381156
0
6859728
7087823
7293424
0
7741859
0
8177891
0
8603810
8824512
9044286
0
9499184
0
9937302
0
10391746
10591315
10823719
0
11287347
0
11686825
0
12147029
12363333
12579456
12809093
13029320
0
13445964
0
13882789
14109070
230635
0
672426
0
1104989
0
1553628
1784150
1962494
0
2422585
0
2852018
0
3304830
3541429
3752789
0
4198481
0
4621565
0
5073447
5298662
5511451
5738866
5966644
0
6368707
0
6839501
7043175
7273832
0
7732268
0
8153741
0
8608798
8848141
9041383
0
9495941
0
9923288
0
10373288
10610522
10811043
0
11259660
0
11687914
0
12142177
12358367
12580249
12804943
13025850
0
13453016
0
13904921
14132676
228277
0
684626
0
1114966
0
1561950
1775011
1998617
0
2438254
0
2869161
0
3324444
3528435
3756304
0
4196531
0
4618299
0
5083878
5307415
5520181
5737914
5958367
0
6390159
0
6856531
7055896
7291814
0
7746961
0
8166168
0
8640136
8841519
9062313
0
9510590
0
9918005
0
10389252
10594603
10813107
0
11261791
0
11697732
0
12154354
12376916
12585510
12792018
13020431
0
13436440
0
13923197
14121542
224898
0
686893
0
1110113
0
1574331
1768005
1998889
0
2449025
0
2867370
0
3320113
3531270
3759206
0
4191406
0
4633787
0
5080136
5294195
5511315
5744127
5955351
0
6376644
0
6849048
7070181
7277075
0
7737052
0
8173583
0
8626735
8841678
9053220
0
9501451
0
9933515
0
10386712
10600295
10810544
0
11245624
0
11672948
0
12140068
12363469
12581837
12799683
13028753
0
13452925
0
13909841
14126825
221746
0
696780
0
1117619
0
1559932
1766553
1980884
0
2448050
0
2875125
0
3323764
3547982
3757914
0
4199002
0
4609615
0
5086327
5303878
5520408
5746372
5966009
0
6378413
0
6846395
7048345
7282948
0
7730522
0
8166100
0
8613379
8822177
9044399
0
9486939
0
9905306
0
10375397
10601224
10808707
0
11251247
0
11669751
0
12143401
12350952
12560930
12797234
12998299
0
13432744
0
13894807
14120612
172653
0
514490
0
848163
0
1207574
1368957
1534694
0
1870862
0
2203946
0
2558639
2715760
2900658
0
3234535
0
3564626
0
3927778
4083673
4261542
4434762
4600000
0
4938707
0
5299683
5464467
5636712
0
5972948
0
6306281
0
6658186
6841202
7011633
0
7332358
0
7659070
0
8030703
8196077
8357211
0
8693878
0
9014376
0
9386689
9553605
9729206
9872902
10069909
0
10390499
0
10758163
10927324
174739
0
533787
0
851429
0
1214399
1395465
1552948
0
1901587
0
2232562
0
2573583
2746621
2913401
0
3255850
0
3571497
0
3920295
4096463
4258821
4443560
4612517
0
4932698
0
5274853
5449569
5624966
0
5971293
0
6296916
0
6657619
6828277
6995556
0
7343356
0
7661383
0
8034263
8184331
8360907
0
8709116
0
9026667
0
9381497
9548617
9722993
9890522
10063900
0
10370930
0
10746576
10912925
176644
0
526531
0
848707
0
1223401
1382426
1558980
0
1895896
0
2217800
0
2577642
2748912
2902268
0
3259637
0
3575873
0
3917324
4090907
4265170
4436961
4613039
0
4928027
0
5300816
5473537
5631905
0
5985964
0
6305533
0
6669456
6826939
7007914
0
7345442
0
7664104
0
8030544
8208118
8370272
0
8716259
0
9037052
0
9393016
9542766
9718503
9888866
10059002
0
10376848
0
10750816
10914104
176213
0
524286
0
840385
0
1208231
1374717
1548186
0
1912812
0
2239184
0
2587166
2746009
2929274
0
3270408
0
3586644
0
3948821
4102812
4268662
4443243
4625442
0
4944580
0
5300794
5468163
5644898
0
5985306
0
6313447
0
6680136
6838231
7019116
0
7360839
0
7669955
0
8033311
8187846
8362200
0
8706417
0
9022063
0
9388390
9546213
9720658
9884444
10060227
0
10379342
0
10746122
10900839
191837
0
533696
0
853651
0
1229342
1397256
1567528
0
1894444
0
2221678
0
2572766
2735102
2915601
0
3257823
0
3581859
0
3946599
4122154
4291111
4459410
4631247
0
4929592
0
5301020
5475238
5647619
0
5988617
0
6314830
0
6687120
6839433
7017937
0
7348095
0
7669206
0
8036349
8186395
8369728
0
8702971
0
9021791
0
9402245
9548481
9735193
9899456
10078231
0
10393605
0
10760703
10911315
167347
0
530748
0
848458
0
1211519
1381247
1543605
0
1888549
0
2219592
0
2572744
2740998
2906916
0
3245351
0
3562766
0
3925737
4094739
4261043
4438141
4615692
0
4934535
0
5294036
5472426
5634399
0
5982971
0
6298277
0
6665941
6834127
6994467
0
7337506
0
7660499
0
8022993
8194082
8355578
0
8686735
0
9012063
0
9351156
9535351
9703129
9874036
10037188
0
10363605
0
10723719
10901383
0
0
0
0
0
0
0
0
0
0
0
0
0
0
0
0
0
0
0
0
0
0
0
0
0
0
0
0
0
0
0
0
0
0
0
0
0
0
0
0
0
0
0
0
0
0
0
0
0
0
0
0
0
0
0
0
0
0
0
0
0
0
0
0
0
0
0
0
0
0
0
0
0
0
0
0
0
0
0
0
0
0
0
0
0
0
0
0
0
0
0
0
0
0
0
0
0
0
0
0
0
0
0
0
0
0
0
0
0
0
0
0
0
0
0
0
0
0
0
0
0
0
0
0
0
0
0
0
0
0
0
0
0
0
0
0
0
0
0
0
0
0
0
0
0
0
0
0
0
0
0
0
0
0
0
0
0
0
0
0
0
0
0
0
0
0
0
0
0
0
0
0
0
0
0
0
0
0
0
0
0
0
0
0
0
0
0
0
0
0
0
0
0
0
0
0
0
0
0
0
0
0
0
0
0
0
0
0
0
0
0
0
0
0
0
0
0
0
0
0
0
0
0
0
0
0
0
0
0
0
0
0
0
0
0
0
0
0
0
0
0
0
0
0
0
0
0
0
0
0
0
0
0
0
0
0
0
0
0
0
0
0
0
0
0
0
0
0
0
0
0
0
0
0
0
0
0
0
0
0
0
0
0
0
0
0
0
0
0
0
0
0
0
0
0
0
0
0
0
0
0
0
0
0
0
0
0
0
0
0
0
0
0
0
0
0
0
0
0
0
0
0
0
0
0
0
0
0
0
0
0
0
0
0
0
0
0
0
0
0
0
0
0
0
0
0
0
0
0
0
0
0
0
0
0
0
0
0
0
0
0
0
0
0
0
0
0
0
0
0
0
0
0
0
0
0
0
0
0
0
0
0
0
0
285283
0
877234
0
1440771
0
2043447
2291723
2594399
0
3167868
0
3744218
0
4332336
4633651
4896825
0
5493084
0
6069932
0
6652132
6940975
7217914
7508209
7787370
0
8361134
0
8968549
9241519
9531565
0
10122812
0
10679546
0
11278571
11542063
11834807
0
12406848
0
12976168
0
13563175
13856803
14129025
0
14732313
0
15294467
0
15891610
16155125
16453175
16747143
17029365
0
17597732
0
18160998
18457914
230454
0
678390
0
1092993
0
1553515
1773628
1987460
0
2427370
0
2856939
0
3332018
3532313
3744512
0
4193265
0
4633084
0
5097120
5313719
5533605
5760544
5981973
0
6388594
0
6855873
7051066
7272993
0
7737460
0
8176304
0
8615261
8838889
9043311
0
9485646
0
9921587
0
10376848
10607211
10804172
0
11256757
0
11670794
0
12136712
12350091
12553061
12767914
12996825
0
13416190
0
13896054
14112132
175397
0
519841
0
846939
0
1214785
1385714
1548050
0
1892925
0
2201247
0
2571315
2741451
2903810
0
3237506
0
3558299
0
3921270
4101202
4260363
4429955
4591973
0
4920590
0
5298209
5448073
5626939
0
5969819
0
6298299
0
6662018
6825941
6987846
0
7323991
0
7653696
0
8011950
8187823
8350703
0
8702449
0
9026803
0
9397959
9562177
9723401
9893469
10058413
0
10379660
0
10752925
10925964
0
0
0
0
0
0
0
0
0
0
0
0
0
0
0
0
0
0
0
0
0
0
0
0
0
0
0
0
0
0
0
0
0
0
0
0
0
0
0
0
0
0
0
0
0
0
0
0
0
0
0
0
0
0
0
0
0
0
0
0
0
0
0
0
276553
0
896485
0
1450612
0
2046054
2329524
2592472
0
3184036
0
3741610
0
4335465
4620771
4895102
0
5503560
0
6050000
0
6624014
6930385
7190975
7504014
7783991
0
8335533
0
8955329
9239705
9515374
0
10132268
0
10684626
0
11271565
11543968
11832766
0
12426757
0
12982381
0
13559728
13863311
14127664
0
14734354
0
15286553
0
15886689
16181995
16446145
16733537
17017415
0
17563401
0
18168821
18450340
281156
0
866417
0
1431451
0
2032812
2318685
2582041
0
3175782
0
3741088
0
4344422
4626916
4888413
0
5473855
0
6032336
0
6649569
6926259
7195964
7492948
7773107
0
8339433
0
8937029
9245147
9512789
0
10100839
0
10670499
0
11267914
11576621
11809184
0
12425828
0
12986825
0
13604853
13887460
14136689
0
14735941
0
15295102
0
15881565
16158390
16433810
16755601
17012925
0
17602222
0
18181701
18472608
227959
0
669932
0
1108390
0
1559229
1793764
1998753
0
2459932
0
2870930
0
3332671
3541519
3755510
0
4213129
0
4643628
0
5073605
5285896
5506168
5732200
5943583
0
6378435
0
6845215
7067075
7277914
0
7737052
0
8160907
0
8613435
8826145
9023855
0
9509683
0
9936236
0
10380363
10603401
10799637
0
11249819
0
11666259
0
12132857
12357370
12564218
12769909
13010522
0
13442812
0
13899592
14104785
222449
0
681111
0
1101814
0
1569615
1792086
1991746
0
2442880
0
2868685
0
3332925
3555918
3758685
0
4214535
0
4634467
0
5090816
5312608
5516417
5758050
5958980
0
6372109
0
6834512
7037619
7270431
0
7723084
0
8146735
0
8617120
8813583
9041746
0
9487234
0
9901633
0
10373628
10590612
10801293
0
11247982
0
11670703
0
12130023
12340816
12558231
12758027
13002608
0
13438209
0
13896599
14124671
174467
0
518413
0
839841
0
1202880
1384059
1547120
0
1896893
0
2226893
0
2589274
2751338
2916077
0
3254671
0
3585669
0
3940113
4109161
4268118
4440907
4599320
0
4928934
0
5295896
5472948
5632562
0
5981429
0
6315079
0
6674422
6835397
7005873
0
7340091
0
7665737
0
8015578
8177823
8344512
0
8690295
0
9014308
0
9388685
9551655
9717460
9875850
10047075
0
10362630
0
10739070
10901111
168707
0
521406
0
851474
0
1220816
1377166
1564308
0
1899410
0
2217506
0
2583583
2769660
2920930
0
3273719
0
3588435
0
3946077
4116825
4275034
4443401
4610590
0
4925714
0
5293469
5463764
5625873
0
5979637
0
6300113
0
6667642
6843447
7002109
0
7348866
0
7668413
0
8041134
8217596
8363605
0
8722993
0
9040499
0
9398571
9548549
9722290
9900703
10063946
0
10389206
0
10751995
10885488
0
0
0
0
0
0
0
0
0
0
0
0
0
0
0
0
0
0
0
0
0
0
0
0
0
0
0
0
0
0
0
0
0
0
0
0
0
0
0
0
0
0
0
0
0
0
0
0
0
0
0
0
0
0
0
0
0
0
0
0
0
0
0
0
0
0
0
0
0
0
0
0
0
0
0
0
0
0
0
0
0
0
0
0
0
0
0
0
0
0
0
0
0
0
0
0
0
0
0
0
0
0
0
0
0
0
0
0
0
0
0
0
0
0
0
0
0
0
0
0
0
0
0
0
0
0
0
0
288186
0
886395
0
1428549
0
2038526
2323719
2609660
0
3191134
0
3771247
0
4367846
4630454
4914490
0
5488776
0
6031973
0
6649410
6927951
7231905
7522721
7819116
0
8375896
0
8984966
9238775
9532517
0
10095533
0
10649138
0
11269433
11560839
11828912
0
12422200
0
12988821
0
13585102
13891769
14170658
0
14757732
0
15310295
0
15921474
16192925
16475805
16723107
17037143
0
17590227
0
18168413
18456122
301020
0
898299
0
1498481
0
2060544
2340408
2609909
0
3179796
0
3761723
0
4354036
4644444
4939048
0
5528254
0
6075760
0
6676145
6947596
7238753
7508322
7801882
0
8358163
0
8943946
9236281
9499887
0
10103991
0
10673061
0
11278277
11566599
11836259
0
12422630
0
12969637
0
13575760
13871293
14144989
0
14750068
0
15298594
0
15888277
16174785
16436689
16718639
17016440
0
17587370
0
18197370
18444512
293197
0
884240
0
1451088
0
2061995
2326848
2620907
0
3203039
0
3779070
0
4353447
4645624
4910317
0
5494399
0
6062472
0
6636961
6933311
7200635
7529909
7792336
0
8367188
0
8966009
9264762
9531429
0
10128277
0
10687868
0
11284036
11581723
11843401
0
12433696
0
12985442
0
13579524
13885692
14139501
0
14721451
0
15302268
0
15886463
16203107
16458707
16761837
17042880
0
17593333
0
18198707
18473469
293946
0
894331
0
1450975
0
2038322
2325624
2620091
0
3199569
0
3734376
0
4326372
4618481
4913810
0
5512313
0
6100952
0
6690522
6979501
7223175
7494603
7802653
0
8327710
0
8944354
9240862
9520794
0
10094898
0
10665782
0
11277029
11570839
11829751
0
12402154
0
12960658
0
13572290
13858839
14148413
0
14727234
0
15300975
0
15879365
16177755
16450816
16726893
17039977
0
17581361
0
18191973
18460136
278435
0
863900
0
1438027
0
2039184
2332608
2608844
0
3188118
0
3758912
0
4363900
4626077
4912200
0
5495193
0
6065261
0
6648027
6915941
7211610
7497937
7778866
0
8342834
0
8939365
9218209
9516893
0
10114263
0
10689909
0
11274263
11569433
11836712
0
12419116
0
13000748
0
13593855
13869048
14150363
0
14727143
0
15295714
0
15885034
16169977
16448141
16730159
17022381
0
17584308
0
18184263
18469841
288776
0
897823
0
1466077
0
2066009
2316009
2612925
0
3200136
0
3741995
0
4350249
4610612
4905238
0
5501315
0
6030544
0
6635420
6913673
7209955
7508639
7801315
0
8360703
0
8964830
9232404
9526848
0
10112018
0
10663401
0
11260091
11562517
11834172
0
12435329
0
12993220
0
13583220
13878798
14148685
0
14733651
0
15293039
0
15883129
16175034
16453900
16747007
17039410
0
17594195
0
18194376
18472200
219252
0
689977
0
1098073
0
1569637
1766893
1990816
0
2453537
0
2871088
0
3342063
3555465
3755964
0
4207664
0
4630998
0
5104399
5302653
5511247
5719433
5952449
0
6395034
0
6876667
7093764
7296508
0
7759864
0
8166054
0
8640930
8844875
9052540
0
9507188
0
9923923
0
10398322
10606032
10802449
0
11270862
0
11696054
0
12160317
12381338
12579932
12813061
13030431
0
13445306
0
13934898
14143810
231406
0
676825
0
1096939
0
1557800
1757506
1991156
0
2438050
0
2871746
0
3332290
3565351
3769229
0
4225238
0
4627438
0
5071156
5284671
5498934
5740544
5965533
0
6394354
0
6844830
7078549
7285488
0
7753651
0
8164785
0
8625714
8850136
9058231
0
9516553
0
9915283
0
10383673
10624875
10823696
0
11278231
0
11696122
0
12170454
12389546
12582517
12813832
13026100
0
13458435
0
13911043
14135306
247710
0
687347
0
1117823
0
1567710
1796576
2004240
0
2455918
0
2890680
0
3328163
3549342
3751542
0
4211587
0
4636190
0
5078503
5329637
5540612
5766054
5983878
0
6415533
0
6859274
7079841
7296916
0
7750862
0
8166848
0
8629184
8843311
9058685
0
9516236
0
9935102
0
10399138
10627619
10825170
0
11272766
0
11686327
0
12150454
12370317
12578707
12776984
13017937
0
13432177
0
13905329
14130045
243492
0
703129
0
1126984
0
1587755
1783628
2010431
0
2450023
0
2866621
0
3336372
3560136
3761497
0
4219365
0
4631066
0
5108526
5309093
5533469
5765510
5979116
0
6406168
0
6840227
7064286
7268254
0
7725261
0
8155556
0
8623764
8839637
9063061
0
9519048
0
9953379
0
10390113
10593605
10806871
0
11282041
0
11686077
0
12151043
12387755
12589569
12792676
13025556
0
13449161
0
13905215
14120272
250159
0
692902
0
1117007
0
1577778
1804807
2012562
0
2443946
0
2884376
0
3338662
3559819
3769637
0
4214921
0
4614036
0
5082381
5312109
5520839
5747914
5966190
0
6389456
0
6844422
7054943
7283855
0
7733719
0
8156145
0
8637302
8844785
9061746
0
9497052
0
9926599
0
10383741
10604104
10811270
0
11269478
0
11700612
0
12135034
12343197
12562653
12787143
13029184
0
13443673
0
13909478
14132608
227052
0
688050
0
1110091
0
1565465
1788571
1990408
0
2442200
0
2858934
0
3332721
3553583
3756939
0
4204898
0
4614898
0
5082358
5288345
5508889
5727279
5946621
0
6367619
0
6830317
7055714
7259751
0
7725465
0
8133878
0
8622404
8840635
9040930
0
9497528
0
9902517
0
10374172
10582200
10790771
0
11249569
0
11650227
0
12136531
12322676
12564943
12785578
13010000
0
13430227
0
13917642
14131247
173719
0
527120
0
840567
0
1200658
1358662
1528118
0
1863560
0
2199388
0
2559252
2719365
2899206
0
3244240
0
3567664
0
3928707
4078957
4256961
4413492
4595102
0
4920907
0
5288798
5452200
5620454
0
5965669
0
6295465
0
6663787
6819252
6991814
0
7333719
0
7654626
0
8023696
8177188
8357914
0
8700204
0
9024444
0
9386939
9540408
9725193
9891678
10064898
0
10385669
0
10751927
10910317
173991
0
519932
0
851451
0
1209501
1379433
1534966
0
1894490
0
2218390
0
2578413
2754943
2917166
0
3256825
0
3586508
0
3923333
4092698
4256440
4441610
4612358
0
4945578
0
5290748
5440612
5628662
0
5978707
0
6303311
0
6665261
6828458
7002630
0
7348209
0
7659206
0
8023991
8198707
8368912
0
8709410
0
9029002
0
9395057
9567007
9730907
9902676
10082744
0
10391519
0
10746259
10910159
156848
0
534512
0
860249
0
1211361
1381202
1546961
0
1907234
0
2233379
0
2583878
2747687
2916372
0
3264853
0
3586463
0
3937211
4108707
4273265
4447868
4613968
0
4936848
0
5295873
5473741
5636417
0
5996077
0
6322744
0
6681701
6843832
7014082
0
7361111
0
7690544
0
8032245
8190544
8360590
0
8713583
0
9037914
0
9397188
9559728
9717755
9885964
10062177
0
10394354
0
10727075
10904807
184127
0
537823
0
862585
0
1218390
1392789
1554966
0
1891973
0
2221814
0
2584444
2754286
2922449
0
3261224
0
3592562
0
3940816
4090023
4285147
4447937
4617370
0
4951769
0
5299342
5473333
5641043
0
5976984
0
6302086
0
6666871
6833787
7003515
0
7344150
0
7673991
0
8037143
8196508
8364989
0
8709093
0
9033220
0
9383379
9556780
9718481
9891859
10061474
0
10386508
0
10747574
10907392
174127
0
519274
0
843605
0
1201882
1375102
1544603
0
1886961
0
2226916
0
2580884
2746825
2913810
0
3268776
0
3577868
0
3942336
4112698
4291497
4460159
4624036
0
4939365
0
5295397
5465057
5632653
0
5968367
0
6294399
0
6655079
6831678
7002880
0
7339002
0
7662063
0
8021950
8198186
8367914
0
8710930
0
9025714
0
9391678
9566485
9730748
9904422
10067619
0
10385170
0
10750091
10917664
170975
0
537188
0
871383
0
1213016
1392517
1552971
0
1898413
0
2216939
0
2583946
2754671
2909637
0
3260771
0
3575374
0
3934014
4113424
4267279
4447914
4613107
0
4945805
0
5311837
5466440
5640794
0
5995646
0
6312857
0
6678435
6836735
6994331
0
7344580
0
7654762
0
8027778
8206508
8362018
0
8702925
0
9028435
0
9380748
9540998
9701882
9880045
10048571
0
10378186
0
10750726
10915556
0
0
0
0
0
0
0
0
0
0
0
0
0
0
0
0
0
0
0
0
0
0
0
0
0
0
0
0
0
0
0
0
0
0
0
0
0
0
0
0
0
0
0
0
0
0
0
0
0
0
0
0
0
0
0
0
0
0
0
0
0
0
0
0
0
0
0
0
0
0
0
0
0
0
0
0
0
0
0
0
0
0
0
0
0
0
0
0
0
0
0
0
0
0
0
0
0
0
0
0
0
0
0
0
0
0
0
0
0
0
0
0
0
0
0
0
0
0
0
0
0
0
0
0
0
0
0
0
0
0
0
0
0
0
0
0
0
0
0
0
0
0
0
0
0
0
0
0
0
0
0
0
0
0
0
0
0
0
0
0
0
0
0
0
0
0
0
0
0
0
0
0
0
0
0
0
0
0
0
0
0
0
0
0
0
0
0
0
0
0
0
0
0
0
0
0
0
0
0
0
0
0
0
0
0
0
0
0
0
0
0
0
0
0
0
0
0
0
0
0
0
0
0
0
0
0
0
0
0
0
0
0
0
0
0
0
0
0
0
0
0
0
0
0
0
0
0
0
0
0
0
0
0
0
0
0
0
0
0
0
0
0
0
0
0
0
0
0
0
0
0
0
0
0
0
0
0
0
0
0
0
0
0
0
0
0
0
0
0
0
0
0
0
0
0
0
0
0
0
0
0
0
0
0
0
0
0
0
0
0
0
0
0
0
0
0
0
0
0
0
0
0
0
0
0
0
0
0
0
0
0
0
0
0
0
0
0
0
0
0
0
0
0
0
0
0
0
0
0
0
0
0
0
0
0
0
0
0
0
0
0
0
0
0
0
0
0
0
0
0
0
0
0
0
0
0
0
0
0
0
0
0
0
0
297868
0
886327
0
1443288
0
2038730
2321655
2604558
0
3182925
0
3731950
0
4347778
4628639
4906939
0
5489887
0
6045011
0
6653560
6931837
7200975
7479864
7808662
0
8371791
0
8969070
9235488
9536825
0
10124490
0
10688753
0
11297982
11565283
11846893
0
12428095
0
12995714
0
13586576
13871406
14141202
0
14761429
0
15308231
0
15884739
16159297
16415374
16744195
17028413
0
17593741
0
18205397
18475782
222789
0
691814
0
1111633
0
1561746
1769705
1996213
0
2438186
0
2867937
0
3335488
3533288
3764807
0
4213061
0
4619456
0
5086599
5297324
5520907
5750816
5974807
0
6388005
0
6860862
7061406
7288798
0
7746757
0
8175896
0
8652653
8854195
9064376
0
9501247
0
9930181
0
10397868
10610522
10825624
0
11273946
0
11682653
0
12135261
12353991
12564331
12764603
12996576
0
13421497
0
13896916
14122336
175646
0
527347
0
853152
0
1206757
1351156
1544558
0
1888957
0
2217982
0
2577959
2745510
2911837
0
3249070
0
3568662
0
3927438
4077120
4236077
4425896
4591315
0
4921020
0
5281973
5453220
5631769
0
5982653
0
6312086
0
6665011
6808617
6995193
0
7335397
0
7659320
0
8022948
8193197
8357664
0
8703787
0
9027166
0
9389002
9535918
9718413
9873764
10061474
0
10383492
0
10720363
10915533
0
0
0
0
0
0
0
0
0
0
0
0
0
0
0
0
0
0
0
0
0
0
0
0
0
0
0
0
0
0
0
0
0
0
0
0
0
0
0
0
0
0
0
0
0
0
0
0
0
0
0
0
0
0
0
0
0
0
0
0
0
0
0
0
296644
0
874104
0
1425986
0
2031202
2330816
2612585
0
3195805
0
3756395
0
4357415
4654512
4914626
0
5531610
0
6080680
0
6668073
6953084
7221542
7505828
7783719
0
8351066
0
8977868
9238844
9531814
0
10125034
0
10672630
0
11282698
11551451
11841973
0
12419274
0
12960159
0
13574898
13861224
14137846
0
14748050
0
15298186
0
15902812
16174376
16450567
16733447
17039501
0
17585578
0
18185896
18455646
282585
0
881950
0
1431746
0
2023741
2319909
2596508
0
3178866
0
3726893
0
4342834
4609819
4913696
0
5486145
0
6043673
0
6628254
6931315
7193447
7492608
7796168
0
8350499
0
8938458
9237188
9511633
0
10123741
0
10677937
0
11287619
11574331
11850091
0
12430295
0
12978141
0
13579138
13854694
14137166
0
14745896
0
15319546
0
15913084
16193356
16458594
16754853
17034263
0
17588639
0
18164286
18452857
233129
0
697483
0
1122517
0
1575102
1796916
2004830
0
2452812
0
2878299
0
3346508
3552948
3777052
0
4226304
0
4636825
0
5096531
5312630
5517846
5743560
5963878
0
6394376
0
6859342
7077506
7298798
0
7759274
0
8167120
0
8648413
8860975
9066984
0
9518753
0
9929841
0
10394195
10583288
10807279
0
11267937
0
11681315
0
12157619
12365782
12587800
12816100
13055215
0
13469615
0
13931791
14140590
199637
0
675850
0
1091927
0
1562653
1793016
1998549
0
2460408
0
2879660
0
3333605
3547982
3757982
0
4221088
0
4655079
0
5100635
5298821
5510658
5732404
5962744
0
6372834
0
6834354
7043379
7256689
0
7743152
0
8154354
0
8609728
8839002
9045669
0
9506077
0
9931610
0
10391043
10613152
10822086
0
11274717
0
11685873
0
12151769
12345397
12571927
12781270
13021882
0
13435238
0
13896100
14125170
165215
0
512063
0
843968
0
1217279
1388186
1551565
0
1898209
0
2220317
0
2580590
2744444
2910113
0
3258730
0
3576757
0
3921950
4101293
4274059
4440748
4606644
0
4928503
0
5302902
5472449
5640408
0
5980771
0
6304898
0
6671134
6833356
6998798
0
7337528
0
7658844
0
8030522
8192812
8346553
0
8695692
0
9027778
0
9393651
9562268
9721633
9869002
10049365
0
10371678
0
10749796
10896236
168730
0
524694
0
850000
0
1206122
1374512
1554512
0
1902132
0
2221202
0
2573039
2727347
2917937
0
3264649
0
3589773
0
3938141
4110340
4281950
4450023
4620068
0
4950884
0
5293152
5467029
5626236
0
5988209
0
6297415
0
6652381
6811224
6998594
0
7341383
0
7661882
0
8025805
8186032
8361156
0
8709841
0
9038685
0
9388639
9551769
9718776
9885760
10057982
0
10381655
0
10737732
10912608
0
0
0
0
0
0
0
0
0
0
0
0
0
0
0
0
0
0
0
0
0
0
0
0
0
0
0
0
0
0
0
0
0
0
0
0
0
0
0
0
0
0
0
0
0
0
0
0
0
0
0
0
0
0
0
0
0
0
0
0
0
0
0
0
0
0
0
0
0
0
0
0
0
0
0
0
0
0
0
0
0
0
0
0
0
0
0
0
0
0
0
0
0
0
0
0
0
0
0
0
0
0
0
0
0
0
0
0
0
0
0
0
0
0
0
0
0
0
0
0
0
0
0
0
0
0
0
0
1631
1
502
1
1185
1
1053
503
431
1
572
1
1599
1
802
611
710
1
730
1
1365
1
847
597
500
556
395
1
1498
1
838
736
739
1
538
1
916
1
1077
488
678
1
601
1
1033
1
1118
406
955
1
685
1
2665
1
883
412
723
562
878
1
1943
1
667
522
1165
1
1231
1
1624
1
1574
755
1261
1
977
1
1589
1
1668
782
948
1
901
1
1636
1
931
1183
970
957
898
1
2134
1
1112
793
1129
1
1121
1
1617
1
1607
1177
1115
1
1050
1
1970
1
1518
620
849
1
881
1
2053
1
1151
1222
780
1165
1156
1
1628
1
728
1260
1982
1
1326
1
1882
1
1219
1401
1052
1
1263
1
2127
1
1142
1569
1322
1
1378
1
2404
1
2091
1161
1201
1373
1030
1
2097
1
1579
1312
1076
1
1252
1
1639
1
1931
1136
1649
1
1547
1
2247
1
1537
1262
1394
1
1510
1
2160
1
1786
1580
1112
1149
829
1
1669
1
1686
1742
1547
1
2032
1
2556
1
1654
1640
1341
1
1613
1
2410
1
1931
1519
1677
1
1522
1
2427
1
1995
1599
1478
1537
1576
1
1887
1
1921
1535
1369
1
1489
1
2771
1
1151
1256
1967
1
1502
1
2685
1
1505
1666
1886
1
1855
1
2624
1
1732
1389
1581
1485
1706
1
2898
1
1754
1339
2457
1
2268
1
2410
1
2785
1242
1762
1
2371
1
4214
1
1844
1494
2601
1
1878
1
4101
1
2801
1745
2300
1377
1676
1
3250
1
2069
1059
2150
1
1550
1
3237
1
1908
1987
1927
1
2213
1
4015
1
2295
2004
2686
1
2050
1
3336
1
2376
1889
1655
1671
2078
1
3249
1
2093
1762
1779
1
1054
1
2078
1
598
899
786
1
611
1
2125
1
743
603
977
1
1079
1
2452
1
1579
977
930
800
1231
1
2179
1
812
1006
1366
1
946
1
1818
1
1661
974
892
1
700
1
1997
1
753
1015
855
1
801
1
1882
1
1020
1122
669
1158
868
1
2506
1
1001
970
995
1
1004
1
1765
1
684
742
1481
1
944
1
1806
1
877
728
729
1
678
1
1222
1
1094
857
576
350
1182
1
1669
1
721
623
1063
1
826
1
1513
1
1316
383
675
1
665
1
1316
1
864
886
911
1
799
1
1800
1
1233
693
662
800
1081
1
1579
1
1042
909
1044
1
1070
1
1439
1
829
988
1281
1
1020
1
1688
1
946
1354
1368
1
913
1
2190
1
1928
1358
936
572
1013
1
2027
1
1806
883
1001
1
1401
1
2177
1
1041
1325
964
1
1208
1
1559
1
1506
716
965
1
1170
1
1745
1
1232
2060
722
1426
1361
1
1606
1
934
2155
1710
1
1763
1
2619
1
2538
1823
1502
1
1752
1
2122
1
1873
1338
1734
1
1823
1
2835
1
2556
2016
1786
2014
1808
1
2548
1
2173
310
1910
1
1916
1
2221
1
2341
1492
1808
1
1980
1
2381
1
2594
2003
1848
1
1795
1
2219
1
1996
2165
1133
2197
1438
1
1892
1
2379
1069
1459
1
1675
1
1838
1
1876
2328
1607
1
1438
1
1264
1
2057
2117
2024
1
2191
1
1984
1
2183
2082
1578
2243
1629
1
1955
1
1912
2498
2218
1
1802
1
1960
1
2027
2456
2507
1
2100
1
1864
1
2256
1655
1592
1
1458
1
2206
1
1956
2035
1564
2150
2252
1
2137
1
2222
2177
2417
1
1102
1
2071
1
891
1702
1875
1
1544
1
1961
1
1572
1930
1977
1
1483
1
1446
1
1839
2004
1427
1134
1643
1
2609
1
1082
1577
2864
1
1858
1
1883
1
2112
1412
2240
1
1657
1
1818
1
1126
2054
2212
1
2144
1
1729
1
2166
1191
1973
1281
2331
1
2067
1
2044
1307
3297
1
2263
1
3577
1
685
1244
1724
1
2200
1
2412
1
1045
1103
1166
1
1381
1
2904
1
1964
1058
1618
939
1479
1
2390
1
2253
1073
1907
1
1470
1
2358
1
1905
1349
1229
1
1316
1
1801
1
1562
1423
2595
1
2037
1
3508
1
1576
1197
1458
1305
2165
1
2614
1
1472
1078
869
1
486
1
3321
1
741
1690
734
1
506
1
2575
1
1091
848
813
1
1045
1
2369
1
739
1103
388
710
658
1
2285
1
655
1842
1677
1
880
1
3511
1
959
971
659
1
886
1
2192
1
783
1300
852
1
1144
1
2650
1
868
1139
1026
1004
1398
1
2341
1
987
1055
1399
1
1901
1
2565
1
1658
1913
1286
1
1267
1
2408
1
980
1946
1447
1
948
1
2398
1
2637
2023
1035
1144
1443
1
2045
1
1616
2175
1328
1
1603
1
2547
1
1915
1372
1582
1
1128
1
2807
1
1897
1833
2337
1
1222
1
2482
1
1888
1702
1345
1328
1192
1
2450
1
2022
1647
1946
1
2226
1
1895
1
1953
2014
1717
1
1734
1
2493
1
1379
2348
1964
1
1413
1
2395
1
1090
2164
1065
1585
1529
1
2158
1
938
2529
2108
1
2028
1
2643
1
1135
2215
1862
1
1681
1
2349
1
1890
2712
1851
1
1526
1
2273
1
1368
2066
1039
1812
1754
1
1865
1
918
2338
973
1
775
1
2978
1
1934
2830
1176
1
681
1
2180
1
2205
2575
1842
1
1280
1
3152
1
2075
2521
1519
1652
1281
1
2152
1
1665
2505
1901
1
2214
1
2550
1
3402
2552
2564
1
1678
1
2791
1
3830
2598
2168
1
1677
1
2753
1
2283
2873
1794
1763
1805
1
2312
1
2292
3131
2165
1
1927
1
2478
1
1130
2162
2064
1
1795
1
3701
1
1075
2389
2361
1
983
1
2398
1
1501
2083
938
1430
1991
1
2757
1
2203
2264
2323
1
1655
1
2590
1
2065
2351
1933
1
1452
1
2220
1
2354
2482
2530
1
2377
1
3269
1
1403
1990
1680
1549
1456
1
2686
1
3254
2642
1490
1
855
1
1472
1
772
1569
1248
1
1028
1
2192
1
993
2015
1568
1
1869
1
2737
1
1009
1172
692
1251
1575
1
2377
1
1123
1394
1803
1
1526
1
2513
1
1316
1381
1680
1
999
1
2106
1
1650
1533
1540
1
1580
1
2035
1
1669
1778
1353
1622
2265
1
1737
1
1778
1480
0
0
0
0
0
0
0
0
0
0
0
0
0
0
0
0
0
0
0
0
0
0
0
0
0
0
0
0
0
0
0
0
0
0
0
0
0
0
0
0
0
0
0
0
0
0
0
0
0
0
0
0
0
0
0
0
0
0
0
0
0
0
0
0
0
0
0
0
0
0
0
0
0
0
0
0
0
0
0
0
0
0
0
0
0
0
0
0
0
0
0
0
0
0
0
0
0
0
0
0
0
0
0
0
0
0
0
0
0
0
0
0
0
0
0
0
0
0
0
0
0
0
0
0
0
0
0
0
0
0
0
0
0
0
0
0
0
0
0
0
0
0
0
0
0
0
0
0
0
0
0
0
0
0
0
0
0
0
0
0
0
0
0
0
0
0
0
0
0
0
0
0
0
0
0
0
0
0
0
0
0
0
0
0
0
0
0
0
0
0
0
0
0
0
0
0
0
0
0
0
0
0
0
0
0
0
0
0
0
0
0
0
0
0
0
0
0
0
0
0
0
0
0
0
0
0
0
0
0
0
0
0
0
0
0
0
0
0
0
0
0
0
0
0
0
0
0
0
0
0
0
0
0
0
0
0
0
0
0
0
0
0
0
0
0
0
0
0
0
0
0
0
0
0
0
0
0
0
0
0
0
0
0
0
0
0
0
0
0
0
0
0
0
0
0
0
0
0
0
0
0
0
0
0
0
0
0
0
0
0
0
0
0
0
0
0
0
0
0
0
0
0
0
0
0
0
0
0
0
0
0
0
0
0
0
0
0
0
0
0
0
0
0
0
0
0
0
0
0
0
0
0
0
0
0
0
0
0
0
0
0
0
0
0
0
0
0
0
0
0
0
0
0
0
0
0
0
0
0
0
0
0
0
0
1273
1
1268
1
2432
1
1398
551
1197
1
1132
1
2015
1
1325
465
1003
1
1368
1
2277
1
1724
528
624
494
1168
1
1890
1
1403
547
1034
1
1044
1
2113
1
1169
929
1413
1
979
1
2223
1
2085
721
1209
1
1488
1
2660
1
1933
460
1336
381
1395
1
2451
1
2093
643
2349
1
2006
1
3088
1
2025
794
1965
1
1356
1
3231
1
1671
913
1734
1
1560
1
2760
1
1799
920
1459
772
1958
1
3284
1
1915
937
2138
1
1402
1
3208
1
2042
857
1588
1
1356
1
3077
1
1631
675
1573
1
1412
1
3098
1
2173
637
1827
872
1482
1
3147
1
2285
647
2677
1
1807
1
3019
1
1009
1208
1836
1
1714
1
2882
1
1080
1093
1411
1
1698
1
3280
1
1489
1000
1020
1015
1835
1
3411
1
1616
1194
2132
1
1898
1
3208
1
1469
1282
1638
1
2012
1
3887
1
1868
1307
1559
1
1379
1
3863
1
2570
1148
1804
826
2043
1
2645
1
2353
889
0
0
0
0
0
0
0
0
0
0
0
0
0
0
0
0
0
0
0
0
0
0
0
0
0
0
0
0
0
0
0
0
0
0
0
0
0
0
0
0
0
0
0
0
0
0
0
0
0
0
0
0
0
0
0
0
0
0
0
0
0
0
0
0
1623
1
1190
1
1438
1
1552
912
967
1
946
1
1748
1
1969
1183
1204
1
1473
1
1982
1
1921
1144
848
950
1111
1
2239
1
1831
1019
904
1
1228
1
1836
1
1093
986
980
1
804
1
1813
1
1031
779
1348
1
1218
1
1855
1
1899
1033
717
910
1371
1
2866
1
970
749
1498
1
1432
1
2089
1
2258
989
1727
1
2052
1
2277
1
1974
984
1884
1
1690
1
3175
1
2363
1110
1446
1036
1528
1
2319
1
2687
854
1273
1
1231
1
2353
1
2238
799
1812
1
1762
1
2323
1
2105
746
1162
1
1777
1
2295
1
2142
685
1085
804
1463
1
2253
1
2234
1010
1234
1
2222
1
2075
1
1587
1139
1067
1
917
1
2119
1
574
1487
1377
1
1231
1
2737
1
1771
1547
1343
1393
2743
1
2354
1
2334
1279
1968
1
2435
1
2364
1
657
1376
2326
1
1480
1
2398
1
2116
1254
2144
1
1693
1
2383
1
1590
1195
1330
1195
3044
1
2558
1
2258
1113
1481
1
2826
1
2258
1
2446
1222
1665
1
1501
1
3155
1
2126
1364
1967
1
1353
1
1874
1
2038
997
1187
726
1779
1
2138
1
1865
1160
1243
1
1906
1
2179
1
2212
1087
1691
1
1529
1
2046
1
2029
1322
1726
1
1902
1
2385
1
2665
1100
1847
720
1856
1
2387
1
2175
872
2330
1
1765
1
2582
1
2399
1438
2278
1
1801
1
2029
1
2586
1542
1794
1
1763
1
2109
1
900
1041
1371
1028
2151
1
2092
1
1916
1238
1891
1
1442
1
2916
1
2050
1084
2324
1
1669
1
3211
1
2925
1376
1803
1
1151
1
2144
1
2560
1293
2015
766
2757
1
2045
1
2719
1473
1845
1
2179
1
2646
1
1093
1330
1640
1
1811
1
2786
1
1793
980
2312
1
2159
1
2418
1
1803
1576
1755
1393
2160
1
2489
1
2121
1588
2042
1
1695
1
2806
1
1904
1736
2046
1
1280
1
2621
1
1912
1482
1618
1
1325
1
2494
1
1890
2274
2206
875
2904
1
3179
1
3023
1197
0
0
0
0
0
0
0
0
0
0
0
0
0
0
0
0
0
0
0
0
0
0
0
0
0
0
0
0
0
0
0
0
0
0
0
0
0
0
0
0
0
0
0
0
0
0
0
0
0
0
0
0
0
0
0
0
0
0
0
0
0
0
0
0
0
0
0
0
0
0
0
0
0
0
0
0
0
0
0
0
0
0
0
0
0
0
0
0
0
0
0
0
0
0
0
0
0
0
0
0
0
0
0
0
0
0
0
0
0
0
0
0
0
0
0
0
0
0
0
0
0
0
0
0
0
0
0
0
1182
1
1086
1
1962
1
697
1091
808
1
809
1
1337
1
768
830
673
1
639
1
1783
1
987
1511
534
1062
1916
1
2086
1
642
1544
713
1
701
1
2138
1
886
1502
830
1
1276
1
1779
1
912
1508
804
1
1020
1
1891
1
818
1226
806
551
1538
1
2487
1
1055
1573
1740
1
1668
1
5721
1
1335
1038
2475
1
2202
1
3898
1
2288
725
2649
1
1740
1
3095
1
1562
886
1328
992
1663
1
4059
1
1175
750
2063
1
1381
1
2670
1
1493
631
1964
1
1889
1
2986
1
1787
1004
2377
1
2455
1
2619
1
2593
562
1532
768
1949
1
3573
1
2295
638
1242
1
929
1
2394
1
705
1400
1208
1
1057
1
2678
1
764
1042
1250
1
1185
1
2691
1
823
832
925
761
963
1
2594
1
1203
1097
862
1
1305
1
2577
1
1004
805
1108
1
1573
1
1899
1
1523
1086
1190
1
1535
1
2275
1
1188
929
706
721
1096
1
3266
1
1695
868
3312
1
3010
1
3773
1
2948
731
2521
1
2229
1
2833
1
2877
742
2148
1
1838
1
3996
1
2963
716
1866
810
2071
1
3519
1
2322
493
1821
1
2022
1
3480
1
3238
622
2008
1
1875
1
3758
1
2356
750
2652
1
2598
1
3438
1
2713
1428
2293
715
2155
1
3853
1
2329
1348
2481
1
1948
1
3069
1
2151
1450
1980
1
1771
1
2974
1
1404
922
1800
1
2346
1
3601
1
2028
999
1617
753
2291
1
3493
1
1846
914
2188
1
2226
1
3424
1
2828
1094
2706
1
2053
1
3731
1
1649
1014
1893
1
1777
1
3155
1
2666
714
1805
949
1736
1
2979
1
2577
1003
1423
1
1273
1
2978
1
1324
643
1445
1
1373
1
3240
1
1333
571
1307
1
1638
1
3581
1
1383
448
1567
635
1409
1
3248
1
1262
626
2093
1
1666
1
2832
1
1358
776
1378
1
1484
1
2830
1
1766
559
1681
1
2126
1
3642
1
1509
589
1597
708
1489
1
3017
1
1617
676
1775
1
1529
1
2478
1
834
866
1923
1
2246
1
2353
1
1417
1004
1800
1
832
1
2722
1
876
1244
729
619
1951
1
3390
1
1674
1514
1781
1
2305
1
3240
1
2659
1146
2225
1
2446
1
2838
1
1751
1428
1342
1
2732
1
2973
1
1729
1343
1386
1118
2544
1
3610
1
1695
1167
1843
1
1799
1
3172
1
1307
1026
1768
1
844
1
2987
1
1751
1121
1673
1
1432
1
2938
1
1454
909
594
572
1602
1
2221
1
1735
1150
1883
1
1777
1
3472
1
1528
1301
1860
1
2005
1
2793
1
2201
783
1803
1
1811
1
3363
1
1424
1004
1522
1081
1815
1
3232
1
1459
1232
2000
1
2032
1
4472
1
1383
1265
1427
1
1957
1
3684
1
1734
1629
1442
1
1366
1
3836
1
2028
1077
1782
1312
1941
1
3980
1
2769
1103
1736
1
1950
1
4323
1
2620
990
2191
1
1849
1
3793
1
2154
1163
1927
1
1984
1
4079
1
2522
1238
2015
1087
1598
1
3953
1
2794
967
3145
1
2537
1
3048
1
1987
739
2638
1
1572
1
2759
1
1797
901
1559
1
1677
1
2711
1
2571
1137
1858
842
2167
1
3026
1
1959
809
2384
1
1253
1
2184
1
1633
1250
1719
1
1673
1
2523
1
1652
1209
2832
1
1353
1
2471
1
2275
865
1820
770
1705
1
3465
1
3292
830
1985
1
1909
1
3904
1
2191
1314
1769
1
2660
1
3056
1
2050
1065
2381
1
2230
1
2766
1
1440
1036
785
1005
3535
1
3217
1
1213
1547
2107
1
2058
1
2982
1
2536
674
2693
1
2362
1
3314
1
2441
1302
2970
1
2500
1
3128
1
2391
1098
1916
1033
1838
1
3440
1
1790
1500
1717
1
1966
1
3328
1
1179
1319
1935
1
1816
1
3648
1
1023
1294
1708
1
1686
1
2653
1
980
1316
1055
905
1533
1
3080
1
1089
1190
1719
1
1495
1
3159
1
1216
929
1510
1
1550
1
3638
1
1340
1241
1611
1
1604
1
3937
1
1208
1052
1323
970
2619
1
3878
1
1958
1314
1984
1
2964
1
4294
1
1131
886
1778
1
1986
1
4696
1
867
1455
1958
1
2683
1
3975
1
1014
1444
1609
1123
1964
1
4950
1
1150
1288
2294
1
1910
1
4182
1
899
1067
2111
1
1800
1
3953
1
1386
1569
2583
1
2531
1
4913
1
2663
1641
4030
1121
2141
1
4445
1
1832
2015
606
1
1991
1
3395
1
1077
1962
1007
1
1552
1
3601
1
955
1136
1138
1
872
1
2849
1
696
1548
746
1591
706
1
3144
1
762
149
2054
1
519
1
3209
1
1161
1248
703
1
1640
1
3647
1
1302
1173
798
1
1769
1
3809
1
1744
1317
576
1062
853
1
4143
1
1756
881
2682
1
1524
1
2399
1
1598
1174
1763
1
2160
1
3826
1
2151
1709
1945
1
1778
1
2590
1
2077
1412
1382
1790
2038
1
3601
1
2191
1342
2111
1
1645
1
3852
1
924
1393
1978
1
1554
1
3242
1
1611
1577
1764
1
1889
1
2964
1
2265
1099
2011
711
1660
1
2923
1
878
1466
2502
1
2308
1
3758
1
605
1147
2106
1
1312
1
2765
1
1455
1018
2148
1
2327
1
2875
1
2424
970
968
886
2308
1
2397
1
1318
973
2358
1
1912
1
3222
1
2102
1107
2027
1
1866
1
2627
1
1424
1116
2103
1
1550
1
2671
1
1667
985
1810
553
1944
1
3161
1
1387
1162
1321
1
826
1
3196
1
1100
1986
1373
1
745
1
3006
1
899
1699
1743
1
681
1
3039
1
968
1752
809
1237
2646
1
2754
1
941
1507
2016
1
2030
1
3552
1
1368
992
2690
1
1889
1
3968
1
1471
1561
2310
1
1953
1
3500
1
1310
1472
1890
1344
1860
1
2900
1
1366
1204
2056
1
2478
1
5872
1
1749
1215
2515
1
2424
1
5033
1
1611
1025
2721
1
2843
1
5651
1
2504
1161
3247
963
3392
1
5190
1
2927
983
2707
1
2117
1
5262
1
1762
1192
2424
1
2686
1
5099
1
3036
1210
2808
1
2379
1
4630
1
1949
833
3316
733
2087
1
5264
1
2858
1086
0
0
0
0
0
0
0
0
0
0
0
0
0
0
0
0
0
0
0
0
0
0
0
0
0
0
0
0
0
0
0
0
0
0
0
0
0
0
0
0
0
0
0
0
0
0
0
0
0
0
0
0
0
0
0
0
0
0
0
0
0
0
0
0
0
0
0
0
0
0
0
0
0
0
0
0
0
0
0
0
0
0
0
0
0
0
0
0
0
0
0
0
0
0
0
0
0
0
0
0
0
0
0
0
0
0
0
0
0
0
0
0
0
0
0
0
0
0
0
0
0
0
0
0
0
0
0
0
0
0
0
0
0
0
0
0
0
0
0
0
0
0
0
0
0
0
0
0
0
0
0
0
0
0
0
0
0
0
0
0
0
0
0
0
0
0
0
0
0
0
0
0
0
0
0
0
0
0
0
0
0
0
0
0
0
0
0
0
0
0
0
0
0
0
0
0
0
0
0
0
0
0
0
0
0
0
0
0
0
0
0
0
0
0
0
0
0
0
0
0
0
0
0
0
0
0
0
0
0
0
0
0
0
0
0
0
0
0
0
0
0
0
0
0
0
0
0
0
0
0
0
0
0
0
0
0
0
0
0
0
0
0
0
0
0
0
0
0
0
0
0
0
0
0
0
0
0
0
0
0
0
0
0
0
0
0
0
0
0
0
0
0
0
0
0
0
0
0
0
0
0
0
0
0
0
0
0
0
0
0
0
0
0
0
0
0
0
0
0
0
0
0
0
0
0
0
0
0
0
0
0
0
0
0
0
0
0
0
0
0
0
0
0
0
0
0
0
0
0
0
0
0
0
0
0
0
0
0
0
0
0
0
0
0
0
0
0
0
0
0
0
0
0
0
0
0
0
0
0
0
0
0
0
0
1021
1
1443
1
2714
1
681
556
1214
1
1121
1
1838
1
989
442
418
1
612
1
2202
1
482
458
547
288
722
1
2279
1
528
270
556
1
811
1
1886
1
703
306
775
1
929
1
2099
1
1181
244
790
1
529
1
2022
1
597
422
655
269
694
1
2268
1
649
433
1369
1
2344
1
3801
1
1185
514
1275
1
2517
1
2880
1
977
651
1223
1
1805
1
3121
1
1933
647
637
352
1940
1
3410
1
1120
478
1533
1
1460
1
3852
1
821
993
1171
1
2122
1
2780
1
1217
538
1614
1
1805
1
2883
1
890
729
719
706
1532
1
4309
1
2353
521
1528
1
656
1
2202
1
549
478
730
1
1433
1
2685
1
709
408
2144
1
671
1
2747
1
722
689
889
498
2091
1
2700
1
1292
493
2166
1
1894
1
3319
1
892
869
1864
1
1643
1
2836
1
942
465
1694
1
1368
1
3423
1
1631
642
1743
763
2135
1
3133
1
1402
604
0
0
0
0
0
0
0
0
0
0
0
0
0
0
0
0
0
0
0
0
0
0
0
0
0
0
0
0
0
0
0
0
0
0
0
0
0
0
0
0
0
0
0
0
0
0
0
0
0
0
0
0
0
0
0
0
0
0
0
0
0
0
0
0
1711
1
2571
1
2867
1
2429
568
2131
1
2925
1
2944
1
2599
610
1831
1
1743
1
3799
1
2310
550
1701
697
1723
1
4134
1
2933
477
2195
1
1792
1
3556
1
1812
652
1746
1
1612
1
2585
1
2158
495
1732
1
1616
1
3660
1
2130
900
1112
617
2196
1
3298
1
2319
555
1081
1
1426
1
2085
1
762
519
1372
1
1312
1
1939
1
326
563
1439
1
1249
1
1880
1
1046
401
794
317
1234
1
3313
1
857
303
1185
1
945
1
2662
1
830
455
1112
1
774
1
2568
1
500
561
2073
1
1451
1
2987
1
1424
443
1107
466
1400
1
3421
1
998
378
2208
1
1462
1
3518
1
1010
580
1946
1
1363
1
3147
1
903
641
977
1
827
1
3169
1
962
1232
572
526
1198
1
3688
1
1773
562
730
1
1414
1
3145
1
1515
637
851
1
1438
1
3060
1
865
530
1113
1
963
1
3226
1
807
519
441
408
1829
1
3493
1
964
461
2554
1
1870
1
5086
1
2222
625
1706
1
2164
1
4453
1
2609
513
2079
1
2921
1
4295
1
1931
801
1824
606
2083
1
4355
1
1606
690
2186
1
2557
1
4899
1
2075
562
1571
1
2251
1
3961
1
1973
575
1566
1
1425
1
4571
1
2071
845
2076
1196
2539
1
4752
1
2356
555
2255
1
1755
1
4219
1
885
531
1821
1
662
1
3680
1
888
804
1923
1
1218
1
3442
1
1216
773
558
716
2408
1
3876
1
1038
573
1914
1
1100
1
3246
1
693
747
1504
1
1411
1
3052
1
1049
607
1662
1
1684
1
3500
1
1145
613
1035
637
1632
1
2883
1
1051
611
2297
1
2185
1
5207
1
2256
779
2168
1
2479
1
4616
1
2781
754
2134
1
3166
1
5348
1
2340
1997
2087
576
2162
1
5497
1
1881
785
3184
1
2368
1
5713
1
2894
957
2106
1
1893
1
4853
1
2541
1550
2332
1
1901
1
5562
1
2554
568
1958
611
2929
1
5042
1
3107
699
0
0
0
0
0
0
0
0
0
0
0
0
0
0
0
0
0
0
0
0
0
0
0
0
0
0
0
0
0
0
0
0
0
0
0
0
0
0
0
0
0
0
0
0
0
0
0
0
0
0
0
0
0
0
0
0
0
0
0
0
0
0
0
0
0
0
0
0
0
0
0
0
0
0
0
0
0
0
0
0
0
0
0
0
0
0
0
0
0
0
0
0
0
0
0
0
0
0
0
0
0
0
0
0
0
0
0
0
0
0
0
0
0
0
0
0
0
0
0
0
0
0
0
0
0
0
0
0
