%pattern_data
15
0
17
4
4
4
0
0
0
1
1
1
0
0
0
0
0
0
0
0
0
0
1
17
105
0
0
52
68
88
0
0
0
0
0
0
0
-38
-38
0
-1
0
0
0
0
0
-3
0
0
0
0
0
-1
0
0
0
-1
0
0
0
0
0
-3
0
0
0
0
0
-1
0
0
0
-1
0
0
0
0
0
-3
0
0
0
0
0
-1
0
0
0
-1
0
0
0
0
0
-3
0
0
0
0
0
-1
0
0
0
0
0
0
0
0
0
0
0
0
0
0
0
0
0
0
0
0
0
0
0
0
0
0
0
0
0
0
0
0
0
0
0
205118
0
0
0
0
0
1993673
0
0
0
0
0
3723855
0
0
0
4853787
0
0
0
0
0
6589138
0
0
0
0
0
8337415
0
0
0
9467959
0
0
0
0
0
11217370
0
0
0
0
0
12972472
0
0
0
14135261
0
0
0
0
0
15807868
0
0
0
0
0
17547143
0
0
0
210612
0
0
0
0
0
1980544
0
0
0
0
0
3735646
0
0
0
4828549
0
0
0
0
0
6598912
0
0
0
0
0
8369773
0
0
0
9466213
0
0
0
0
0
11274989
0
0
0
0
0
12952358
0
0
0
14115283
0
0
0
0
0
15871497
0
0
0
0
0
17633832
0
0
0
253333
0
0
0
0
0
2072018
0
0
0
0
0
3790159
0
0
0
4921497
0
0
0
0
0
6628027
0
0
0
0
0
8333084
0
0
0
9482698
0
0
0
0
0
11244853
0
0
0
0
0
12964263
0
0
0
14128594
0
0
0
0
0
15854921
0
0
0
0
0
17621179
0
0
0
274558
0
0
0
0
0
2011338
0
0
0
0
0
3788299
0
0
0
4929410
0
0
0
0
0
6620930
0
0
0
0
0
8386100
0
0
0
9566032
0
0
0
0
0
11231519
0
0
0
0
0
12943243
0
0
0
14075669
0
0
0
0
0
15860816
0
0
0
0
0
17574989
0
0
0
240113
0
0
0
0
0
1999070
0
0
0
0
0
3709025
0
0
0
4933492
0
0
0
0
0
6601474
0
0
0
0
0
8380771
0
0
0
9565057
0
0
0
0
0
11194649
0
0
0
0
0
12918549
0
0
0
14070408
0
0
0
0
0
15835601
0
0
0
0
0
17558889
0
0
0
243673
0
0
0
0
0
2021519
0
0
0
0
0
3785964
0
0
0
4917466
0
0
0
0
0
6571429
0
0
0
0
0
8322404
0
0
0
9536689
0
0
0
0
0
11174172
0
0
0
0
0
12938685
0
0
0
14106054
0
0
0
0
0
15802766
0
0
0
0
0
17549138
0
0
0
169433
0
0
0
0
0
1548118
0
0
0
0
0
2883152
0
0
0
3776281
0
0
0
0
0
5069955
0
0
0
0
0
6380159
0
0
0
7258254
0
0
0
0
0
8638957
0
0
0
0
0
9943810
0
0
0
10814399
0
0
0
0
0
12138980
0
0
0
0
0
13463288
0
0
0
187324
0
0
0
0
0
1534830
0
0
0
0
0
2881995
0
0
0
3755855
0
0
0
0
0
5052820
0
0
0
0
0
6397664
0
0
0
7255215
0
0
0
0
0
8575102
0
0
0
0
0
9925760
0
0
0
10779446
0
0
0
0
0
12099184
0
0
0
0
0
13438390
0
0
0
201111
0
0
0
0
0
1501088
0
0
0
0
0
2837914
0
0
0
3718095
0
0
0
0
0
5072789
0
0
0
0
0
6439955
0
0
0
7309229
0
0
0
0
0
8589592
0
0
0
0
0
9957613
0
0
0
10828821
0
0
0
0
0
12125578
0
0
0
0
0
13431020
0
0
0
212472
0
0
0
0
0
1577814
0
0
0
0
0
2892381
0
0
0
3762608
0
0
0
0
0
5094875
0
0
0
0
0
6390591
0
0
0
7267732
0
0
0
0
0
8597279
0
0
0
0
0
9913424
0
0
0
10798776
0
0
0
0
0
12135714
0
0
0
0
0
13419746
0
0
0
196984
0
0
0
0
0
1562585
0
0
0
0
0
2893741
0
0
0
3766961
0
0
0
0
0
5081066
0
0
0
0
0
6453129
0
0
0
7290907
0
0
0
0
0
8615465
0
0
0
0
0
9899977
0
0
0
10771701
0
0
0
0
0
12127483
0
0
0
0
0
13441156
0
0
0
186032
0
0
0
0
0
1522268
0
0
0
0
0
2843220
0
0
0
3717800
0
0
0
0
0
5079365
0
0
0
0
0
6424943
0
0
0
7277098
0
0
0
0
0
8613197
0
0
0
0
0
9924671
0
0
0
10806644
0
0
0
0
0
12110272
0
0
0
0
0
13423628
0
0
0
110091
0
0
0
0
0
1195578
0
0
0
0
0
2230113
0
0
0
2880719
0
0
0
0
0
3907229
0
0
0
0
0
4921927
0
0
0
5647619
0
0
0
0
0
6660181
0
0
0
0
0
7666009
0
0
0
8343107
0
0
0
0
0
9390431
0
0
0
0
0
10437982
0
0
0
140806
0
0
0
0
0
1197392
0
0
0
0
0
2213246
0
0
0
2876604
0
0
0
0
0
3878254
0
0
0
0
0
4939546
0
0
0
5619297
0
0
0
0
0
6612880
0
0
0
0
0
7676557
0
0
0
8354195
0
0
0
0
0
9371247
0
0
0
0
0
10396304
0
0
0
131474
0
0
0
0
0
1198383
0
0
0
0
0
2218112
0
0
0
2897415
0
0
0
0
0
3914717
0
0
0
0
0
4933565
0
0
0
5615306
0
0
0
0
0
6642500
0
0
0
0
0
7659322
0
0
0
8344009
0
0
0
0
0
9339977
0
0
0
0
0
10386756
0
0
0
152880
0
0
0
0
0
1202653
0
0
0
0
0
2191247
0
0
0
2877370
0
0
0
0
0
3929184
0
0
0
0
0
4954762
0
0
0
5627506
0
0
0
0
0
6631905
0
0
0
0
0
7657035
0
0
0
8341519
0
0
0
0
0
9367959
0
0
0
0
0
10360336
0
0
0
140952
0
0
0
0
0
1179456
0
0
0
0
0
2213401
0
0
0
2886395
0
0
0
0
0
3886122
0
0
0
0
0
4955510
0
0
0
5613424
0
0
0
0
0
6640630
0
0
0
0
0
7647778
0
0
0
8313288
0
0
0
0
0
9363560
0
0
0
0
0
10386730
0
0
0
133673
0
0
0
0
0
1200862
0
0
0
0
0
2207256
0
0
0
2831791
0
0
0
0
0
3916203
0
0
0
0
0
4957891
0
0
0
5615102
0
0
0
0
0
6665574
0
0
0
0
0
7696576
0
0
0
8371791
0
0
0
0
0
9398934
0
0
0
0
0
10401270
0
0
0
0
0
0
0
0
0
0
0
0
0
0
0
0
0
0
0
0
0
0
0
0
0
0
0
0
0
0
0
0
0
0
0
0
0
0
0
0
0
0
0
0
0
0
0
0
0
0
0
0
0
0
0
0
0
0
0
0
0
0
0
0
0
0
0
0
0
0
0
0
0
0
0
0
0
0
0
0
0
0
0
0
0
0
0
0
0
0
0
0
0
0
0
0
0
0
0
0
0
0
0
0
0
0
0
0
0
0
0
0
0
0
0
0
0
0
0
0
0
0
0
0
0
0
0
0
0
0
0
0
0
0
0
0
0
0
0
0
0
0
0
0
0
0
0
0
0
0
0
0
0
0
0
0
0
0
0
0
0
0
0
0
0
0
0
0
0
0
0
0
0
0
0
0
0
0
0
0
0
0
0
0
0
0
0
0
0
0
0
0
0
0
0
0
0
0
0
0
0
0
0
0
0
0
0
0
0
0
0
0
0
0
0
0
0
0
0
0
0
0
0
0
0
0
0
0
0
0
0
0
0
0
0
0
0
0
0
0
0
0
0
0
0
0
0
0
0
0
0
0
0
0
0
0
0
0
0
0
0
0
0
0
0
0
0
0
0
0
0
0
0
0
0
0
0
0
0
0
0
0
0
0
0
0
0
0
0
0
0
0
0
0
0
0
0
0
0
0
0
0
0
0
0
0
0
0
0
0
0
0
0
0
0
0
0
0
0
0
0
0
0
0
0
0
0
0
0
0
0
0
0
0
0
0
0
0
0
0
0
0
0
0
0
0
0
0
0
0
0
0
0
0
0
0
0
0
0
0
0
0
0
0
0
0
0
0
0
0
0
0
0
0
0
0
0
0
0
0
0
0
0
0
0
0
0
206553
0
0
0
0
0
1933265
0
0
0
0
0
3714785
0
0
0
4873787
0
0
0
0
0
6562404
0
0
0
0
0
8364422
0
0
0
9507551
0
0
0
0
0
11226961
0
0
0
0
0
12929501
0
0
0
14106145
0
0
0
0
0
15832676
0
0
0
0
0
17622653
0
0
0
163810
0
0
0
0
0
1549819
0
0
0
0
0
2885283
0
0
0
3721633
0
0
0
0
0
5079737
0
0
0
0
0
6424603
0
0
0
7248390
0
0
0
0
0
8589524
0
0
0
0
0
9922200
0
0
0
10750272
0
0
0
0
0
12155873
0
0
0
0
0
13472948
0
0
0
152630
0
0
0
0
0
1161134
0
0
0
0
0
2222925
0
0
0
2897551
0
0
0
0
0
3892109
0
0
0
0
0
4929819
0
0
0
5624059
0
0
0
0
0
6625488
0
0
0
0
0
7678390
0
0
0
8352200
0
0
0
0
0
9352744
0
0
0
0
0
10385578
0
0
0
0
0
0
0
0
0
0
0
0
0
0
0
0
0
0
0
0
0
0
0
0
0
0
0
0
0
0
0
0
0
0
0
0
0
0
0
0
0
0
0
0
0
0
0
0
0
0
0
0
0
0
0
0
0
0
0
0
0
0
0
0
0
0
0
321088
0
0
0
0
0
2025714
0
0
0
0
0
3727324
0
0
0
4912834
0
0
0
0
0
6599184
0
0
0
0
0
8318163
0
0
0
9519116
0
0
0
0
0
11231247
0
0
0
0
0
12946054
0
0
0
14104218
0
0
0
0
0
15853197
0
0
0
0
0
17553016
0
0
0
230340
0
0
0
0
0
1982540
0
0
0
0
0
3711451
0
0
0
4838866
0
0
0
0
0
6627120
0
0
0
0
0
8345329
0
0
0
9513016
0
0
0
0
0
11219229
0
0
0
0
0
12959773
0
0
0
14122132
0
0
0
0
0
15870408
0
0
0
0
0
17576032
0
0
0
226100
0
0
0
0
0
1523628
0
0
0
0
0
2818821
0
0
0
3713379
0
0
0
0
0
5081837
0
0
0
0
0
6390181
0
0
0
7253220
0
0
0
0
0
8557431
0
0
0
0
0
9936190
0
0
0
10795165
0
0
0
0
0
12128231
0
0
0
0
0
13453401
0
0
0
189569
0
0
0
0
0
1529469
0
0
0
0
0
2883810
0
0
0
3725442
0
0
0
0
0
5082540
0
0
0
0
0
6398118
0
0
0
7249887
0
0
0
0
0
8579044
0
0
0
0
0
9949206
0
0
0
10840567
0
0
0
0
0
12128050
0
0
0
0
0
13432948
0
0
0
179388
0
0
0
0
0
1180748
0
0
0
0
0
2177211
0
0
0
2883401
0
0
0
0
0
3917052
0
0
0
0
0
4953016
0
0
0
5613741
0
0
0
0
0
6659955
0
0
0
0
0
7682336
0
0
0
8331791
0
0
0
0
0
9371723
0
0
0
0
0
10391542
0
0
0
177710
0
0
0
0
0
1155986
0
0
0
0
0
2215692
0
0
0
2897211
0
0
0
0
0
3900249
0
0
0
0
0
4928186
0
0
0
5622041
0
0
0
0
0
6597188
0
0
0
0
0
7658027
0
0
0
8342585
0
0
0
0
0
9349569
0
0
0
0
0
10397800
0
0
0
0
0
0
0
0
0
0
0
0
0
0
0
0
0
0
0
0
0
0
0
0
0
0
0
0
0
0
0
0
0
0
0
0
0
0
0
0
0
0
0
0
0
0
0
0
0
0
0
0
0
0
0
0
0
0
0
0
0
0
0
0
0
0
0
0
0
0
0
0
0
0
0
0
0
0
0
0
0
0
0
0
0
0
0
0
0
0
0
0
0
0
0
0
0
0
0
0
0
0
0
0
0
0
0
0
0
0
0
0
0
0
0
0
0
0
0
0
0
0
0
0
0
0
0
0
0
0
0
233197
0
0
0
0
0
1975306
0
0
0
0
0
3712268
0
0
0
4874422
0
0
0
0
0
6610272
0
0
0
0
0
8363288
0
0
0
9488685
0
0
0
0
0
11227914
0
0
0
0
0
12954263
0
0
0
14049093
0
0
0
0
0
15806077
0
0
0
0
0
17590068
0
0
0
205646
0
0
0
0
0
2027868
0
0
0
0
0
3737188
0
0
0
4903968
0
0
0
0
0
6604739
0
0
0
0
0
8343175
0
0
0
9527959
0
0
0
0
0
11199456
0
0
0
0
0
13000295
0
0
0
14113311
0
0
0
0
0
15827188
0
0
0
0
0
17592766
0
0
0
194990
0
0
0
0
0
2016372
0
0
0
0
0
3747098
0
0
0
4863401
0
0
0
0
0
6588685
0
0
0
0
0
8386463
0
0
0
9505238
0
0
0
0
0
11221293
0
0
0
0
0
12976168
0
0
0
14069252
0
0
0
0
0
15813152
0
0
0
0
0
17600771
0
0
0
195601
0
0
0
0
0
2029546
0
0
0
0
0
3817370
0
0
0
4876100
0
0
0
0
0
6597778
0
0
0
0
0
8381610
0
0
0
9503311
0
0
0
0
0
11211610
0
0
0
0
0
12996100
0
0
0
14114150
0
0
0
0
0
15813129
0
0
0
0
0
17632086
0
0
0
248776
0
0
0
0
0
1958050
0
0
0
0
0
3737392
0
0
0
4903129
0
0
0
0
0
6593447
0
0
0
0
0
8366145
0
0
0
9536054
0
0
0
0
0
11213265
0
0
0
0
0
12956395
0
0
0
14107234
0
0
0
0
0
15840839
0
0
0
0
0
17593333
0
0
0
215351
0
0
0
0
0
2007415
0
0
0
0
0
3760340
0
0
0
4885170
0
0
0
0
0
6605828
0
0
0
0
0
8366645
0
0
0
9525420
0
0
0
0
0
11241837
0
0
0
0
0
13007732
0
0
0
14159002
0
0
0
0
0
15907642
0
0
0
0
0
17614735
0
0
0
187551
0
0
0
0
0
1573900
0
0
0
0
0
2935578
0
0
0
3744649
0
0
0
0
0
5052540
0
0
0
0
0
6416122
0
0
0
7281088
0
0
0
0
0
8590091
0
0
0
0
0
9946871
0
0
0
10823243
0
0
0
0
0
12133379
0
0
0
0
0
13443270
0
0
0
183946
0
0
0
0
0
1537460
0
0
0
0
0
2869456
0
0
0
3742494
0
0
0
0
0
5053832
0
0
0
0
0
6395011
0
0
0
7259887
0
0
0
0
0
8588322
0
0
0
0
0
9891066
0
0
0
10816259
0
0
0
0
0
12103107
0
0
0
0
0
13442971
0
0
0
229451
0
0
0
0
0
1556032
0
0
0
0
0
2868957
0
0
0
3742063
0
0
0
0
0
5117642
0
0
0
0
0
6379524
0
0
0
7221633
0
0
0
0
0
8613510
0
0
0
0
0
9924562
0
0
0
10824603
0
0
0
0
0
12124984
0
0
0
0
0
13450862
0
0
0
196757
0
0
0
0
0
1520476
0
0
0
0
0
2872766
0
0
0
3734830
0
0
0
0
0
5074603
0
0
0
0
0
6407937
0
0
0
7265079
0
0
0
0
0
8571066
0
0
0
0
0
9920068
0
0
0
10800794
0
0
0
0
0
12122857
0
0
0
0
0
13466803
0
0
0
190431
0
0
0
0
0
1547007
0
0
0
0
0
2877075
0
0
0
3773628
0
0
0
0
0
5064444
0
0
0
0
0
6395238
0
0
0
7261383
0
0
0
0
0
8591383
0
0
0
0
0
9929955
0
0
0
10833243
0
0
0
0
0
12139637
0
0
0
0
0
13446417
0
0
0
177959
0
0
0
0
0
1537800
0
0
0
0
0
2865533
0
0
0
3751837
0
0
0
0
0
5055011
0
0
0
0
0
6401610
0
0
0
7278141
0
0
0
0
0
8618957
0
0
0
0
0
9917959
0
0
0
10791088
0
0
0
0
0
12094082
0
0
0
0
0
13451814
0
0
0
145850
0
0
0
0
0
1188367
0
0
0
0
0
2215102
0
0
0
2890771
0
0
0
0
0
3907166
0
0
0
0
0
4914558
0
0
0
5595238
0
0
0
0
0
6651746
0
0
0
0
0
7671565
0
0
0
8370998
0
0
0
0
0
9340771
0
0
0
0
0
10401179
0
0
0
162426
0
0
0
0
0
1179229
0
0
0
0
0
2194286
0
0
0
2833560
0
0
0
0
0
3911519
0
0
0
0
0
4941383
0
0
0
5622721
0
0
0
0
0
6634354
0
0
0
0
0
7657800
0
0
0
8330431
0
0
0
0
0
9362517
0
0
0
0
0
10366508
0
0
0
198481
0
0
0
0
0
1181383
0
0
0
0
0
2203311
0
0
0
2852358
0
0
0
0
0
3901451
0
0
0
0
0
4934444
0
0
0
5597007
0
0
0
0
0
6653560
0
0
0
0
0
7668798
0
0
0
8332834
0
0
0
0
0
9395238
0
0
0
0
0
10406667
0
0
0
163492
0
0
0
0
0
1189456
0
0
0
0
0
2233923
0
0
0
2910612
0
0
0
0
0
3943288
0
0
0
0
0
4942857
0
0
0
5632120
0
0
0
0
0
6631247
0
0
0
0
0
7668322
0
0
0
8328685
0
0
0
0
0
9372154
0
0
0
0
0
10390499
0
0
0
143288
0
0
0
0
0
1200000
0
0
0
0
0
2204036
0
0
0
2917007
0
0
0
0
0
3890635
0
0
0
0
0
4943172
0
0
0
5605677
0
0
0
0
0
6638571
0
0
0
0
0
7670816
0
0
0
8350109
0
0
0
0
0
9404717
0
0
0
0
0
10382487
0
0
0
140857
0
0
0
0
0
1169728
0
0
0
0
0
2206576
0
0
0
2894150
0
0
0
0
0
3945215
0
0
0
0
0
4959909
0
0
0
5630431
0
0
0
0
0
6644898
0
0
0
0
0
7668753
0
0
0
8342218
0
0
0
0
0
9352041
0
0
0
0
0
10377891
0
0
0
0
0
0
0
0
0
0
0
0
0
0
0
0
0
0
0
0
0
0
0
0
0
0
0
0
0
0
0
0
0
0
0
0
0
0
0
0
0
0
0
0
0
0
0
0
0
0
0
0
0
0
0
0
0
0
0
0
0
0
0
0
0
0
0
0
0
0
0
0
0
0
0
0
0
0
0
0
0
0
0
0
0
0
0
0
0
0
0
0
0
0
0
0
0
0
0
0
0
0
0
0
0
0
0
0
0
0
0
0
0
0
0
0
0
0
0
0
0
0
0
0
0
0
0
0
0
0
0
0
0
0
0
0
0
0
0
0
0
0
0
0
0
0
0
0
0
0
0
0
0
0
0
0
0
0
0
0
0
0
0
0
0
0
0
0
0
0
0
0
0
0
0
0
0
0
0
0
0
0
0
0
0
0
0
0
0
0
0
0
0
0
0
0
0
0
0
0
0
0
0
0
0
0
0
0
0
0
0
0
0
0
0
0
0
0
0
0
0
0
0
0
0
0
0
0
0
0
0
0
0
0
0
0
0
0
0
0
0
0
0
0
0
0
0
0
0
0
0
0
0
0
0
0
0
0
0
0
0
0
0
0
0
0
0
0
0
0
0
0
0
0
0
0
0
0
0
0
0
0
0
0
0
0
0
0
0
0
0
0
0
0
0
0
0
0
0
0
0
0
0
0
0
0
0
0
0
0
0
0
0
0
0
0
0
0
0
0
0
0
0
0
0
0
0
0
0
0
0
0
0
0
0
0
0
0
0
0
0
0
0
0
0
0
0
0
0
0
0
0
0
0
0
0
0
0
0
0
0
0
0
0
0
0
0
0
0
0
0
0
0
0
0
0
0
0
0
0
0
0
0
0
0
0
0
242857
0
0
0
0
0
1993946
0
0
0
0
0
3741111
0
0
0
4921451
0
0
0
0
0
6614921
0
0
0
0
0
8325397
0
0
0
9523968
0
0
0
0
0
11226644
0
0
0
0
0
12977506
0
0
0
14132086
0
0
0
0
0
15841156
0
0
0
0
0
17609297
0
0
0
216054
0
0
0
0
0
1554626
0
0
0
0
0
2845397
0
0
0
3727596
0
0
0
0
0
5069501
0
0
0
0
0
6375420
0
0
0
7297528
0
0
0
0
0
8571837
0
0
0
0
0
9893061
0
0
0
10743618
0
0
0
0
0
12098594
0
0
0
0
0
13440658
0
0
0
161315
0
0
0
0
0
1203379
0
0
0
0
0
2165215
0
0
0
2867642
0
0
0
0
0
3908685
0
0
0
0
0
4940635
0
0
0
5629955
0
0
0
0
0
6647710
0
0
0
0
0
7655079
0
0
0
8344875
0
0
0
0
0
9359864
0
0
0
0
0
10365238
0
0
0
0
0
0
0
0
0
0
0
0
0
0
0
0
0
0
0
0
0
0
0
0
0
0
0
0
0
0
0
0
0
0
0
0
0
0
0
0
0
0
0
0
0
0
0
0
0
0
0
0
0
0
0
0
0
0
0
0
0
0
0
0
0
0
0
261497
0
0
0
0
0
2003129
0
0
0
0
0
3791610
0
0
0
4897279
0
0
0
0
0
6639002
0
0
0
0
0
8306961
0
0
0
9464807
0
0
0
0
0
11230658
0
0
0
0
0
13001202
0
0
0
14136372
0
0
0
0
0
15863968
0
0
0
0
0
17553946
0
0
0
295306
0
0
0
0
0
2002313
0
0
0
0
0
3737959
0
0
0
4896122
0
0
0
0
0
6623265
0
0
0
0
0
8373832
0
0
0
9499932
0
0
0
0
0
11209955
0
0
0
0
0
12955669
0
0
0
14134898
0
0
0
0
0
15848844
0
0
0
0
0
17660000
0
0
0
229070
0
0
0
0
0
1567732
0
0
0
0
0
2897959
0
0
0
3765692
0
0
0
0
0
5061655
0
0
0
0
0
6358617
0
0
0
7247755
0
0
0
0
0
8599138
0
0
0
0
0
9907574
0
0
0
10816621
0
0
0
0
0
12142154
0
0
0
0
0
13490884
0
0
0
204127
0
0
0
0
0
1538322
0
0
0
0
0
2855170
0
0
0
3703878
0
0
0
0
0
5068186
0
0
0
0
0
6423379
0
0
0
7303651
0
0
0
0
0
8596871
0
0
0
0
0
9895011
0
0
0
10788005
0
0
0
0
0
12080839
0
0
0
0
0
13518912
0
0
0
173628
0
0
0
0
0
1198009
0
0
0
0
0
2203243
0
0
0
2882880
0
0
0
0
0
3928730
0
0
0
0
0
4952721
0
0
0
5602449
0
0
0
0
0
6656327
0
0
0
0
0
7697778
0
0
0
8366871
0
0
0
0
0
9402653
0
0
0
0
0
10392812
0
0
0
162268
0
0
0
0
0
1195442
0
0
0
0
0
2220295
0
0
0
2877778
0
0
0
0
0
3909342
0
0
0
0
0
4918458
0
0
0
5581020
0
0
0
0
0
6655488
0
0
0
0
0
7665873
0
0
0
8332472
0
0
0
0
0
9367937
0
0
0
0
0
10363605
0
0
0
0
0
0
0
0
0
0
0
0
0
0
0
0
0
0
0
0
0
0
0
0
0
0
0
0
0
0
0
0
0
0
0
0
0
0
0
0
0
0
0
0
0
0
0
0
0
0
0
0
0
0
0
0
0
0
0
0
0
0
0
0
0
0
0
0
0
0
0
0
0
0
0
0
0
0
0
0
0
0
0
0
0
0
0
0
0
0
0
0
0
0
0
0
0
0
0
0
0
0
0
0
0
0
0
0
0
0
0
0
0
0
0
0
0
0
0
0
0
0
0
0
0
0
0
0
0
0
0
4005
0
0
0
0
0
1819
0
0
0
0
0
2568
0
0
0
2403
0
0
0
0
0
2190
0
0
0
0
0
2154
0
0
0
2510
0
0
0
0
0
1641
0
0
0
0
0
2382
0
0
0
2484
0
0
0
0
0
1961
0
0
0
0
0
2616
0
0
0
2623
0
0
0
0
0
2208
0
0
0
0
0
2828
0
0
0
2348
0
0
0
0
0
1781
0
0
0
0
0
2764
0
0
0
2331
0
0
0
0
0
1594
0
0
0
0
0
2980
0
0
0
2513
0
0
0
0
0
2126
0
0
0
0
0
2542
0
0
0
2670
0
0
0
0
0
2611
0
0
0
0
0
2178
0
0
0
3218
0
0
0
0
0
2501
0
0
0
0
0
2669
0
0
0
3053
0
0
0
0
0
1994
0
0
0
0
0
2633
0
0
0
2699
0
0
0
0
0
2335
0
0
0
0
0
2241
0
0
0
2760
0
0
0
0
0
1712
0
0
0
0
0
1845
0
0
0
2400
0
0
0
0
0
2163
0
0
0
0
0
2949
0
0
0
1744
0
0
0
0
0
2175
0
0
0
0
0
1854
0
0
0
2048
0
0
0
0
0
1912
0
0
0
0
0
2313
0
0
0
2615
0
0
0
0
0
2749
0
0
0
0
0
2255
0
0
0
2569
0
0
0
0
0
2417
0
0
0
0
0
2889
0
0
0
2558
0
0
0
0
0
2199
0
0
0
0
0
1607
0
0
0
1956
0
0
0
0
0
1623
0
0
0
0
0
1353
0
0
0
2637
0
0
0
0
0
2903
0
0
0
0
0
2817
0
0
0
2448
0
0
0
0
0
1796
0
0
0
0
0
2383
0
0
0
2433
0
0
0
0
0
2110
0
0
0
0
0
2143
0
0
0
2111
0
0
0
0
0
1728
0
0
0
0
0
2723
0
0
0
3169
0
0
0
0
0
4307
0
0
0
0
0
2699
0
0
0
3389
0
0
0
0
0
3044
0
0
0
0
0
3472
0
0
0
3957
0
0
0
0
0
3226
0
0
0
0
0
3171
0
0
0
4036
0
0
0
0
0
3621
0
0
0
0
0
3361
0
0
0
2489
0
0
0
0
0
2202
0
0
0
0
0
2820
0
0
0
2266
0
0
0
0
0
1498
0
0
0
0
0
2848
0
0
0
2844
0
0
0
0
0
2094
0
0
0
0
0
2694
0
0
0
2459
0
0
0
0
0
2412
0
0
0
0
0
2947
0
0
0
2978
0
0
0
0
0
2328
0
0
0
0
0
2502
0
0
0
2752
0
0
0
0
0
2654
0
0
0
0
0
2483
0
0
0
2660
0
0
0
0
0
2677
0
0
0
0
0
2952
0
0
0
2838
0
0
0
0
0
2542
0
0
0
0
0
2774
0
0
0
3923
0
0
0
0
0
2956
0
0
0
0
0
3855
0
0
0
3547
0
0
0
0
0
2969
0
0
0
0
0
3348
0
0
0
3787
0
0
0
0
0
2640
0
0
0
0
0
3343
0
0
0
3246
0
0
0
0
0
3060
0
0
0
0
0
3192
0
0
0
3385
0
0
0
0
0
3288
0
0
0
0
0
2745
0
0
0
3482
0
0
0
0
0
2558
0
0
0
0
0
2792
0
0
0
2914
0
0
0
0
0
1888
0
0
0
0
0
2471
0
0
0
3408
0
0
0
0
0
2274
0
0
0
0
0
2594
0
0
0
2700
0
0
0
0
0
2113
0
0
0
0
0
2846
0
0
0
2862
0
0
0
0
0
2492
0
0
0
0
0
2924
0
0
0
2945
0
0
0
0
0
2590
0
0
0
0
0
3068
0
0
0
3298
0
0
0
0
0
2262
0
0
0
0
0
2473
0
0
0
5289
0
0
0
0
0
4637
0
0
0
0
0
4413
0
0
0
5701
0
0
0
0
0
4726
0
0
0
0
0
4883
0
0
0
4612
0
0
0
0
0
5108
0
0
0
0
0
3931
0
0
0
5862
0
0
0
0
0
5398
0
0
0
0
0
4948
0
0
0
4067
0
0
0
0
0
3784
0
0
0
0
0
3769
0
0
0
4282
0
0
0
0
0
4432
0
0
0
0
0
4851
0
0
0
5529
0
0
0
0
0
4294
0
0
0
0
0
4369
0
0
0
5330
0
0
0
0
0
4889
0
0
0
0
0
5634
0
0
0
4328
0
0
0
0
0
2662
0
0
0
0
0
4034
0
0
0
4648
0
0
0
0
0
2624
0
0
0
0
0
3957
0
0
0
4241
0
0
0
0
0
3491
0
0
0
0
0
3496
0
0
0
2656
0
0
0
0
0
3749
0
0
0
0
0
3806
0
0
0
4985
0
0
0
0
0
4439
0
0
0
0
0
3322
0
0
0
5109
0
0
0
0
0
4891
0
0
0
0
0
3740
0
0
0
3073
0
0
0
0
0
3657
0
0
0
0
0
3107
0
0
0
3745
0
0
0
0
0
3036
0
0
0
0
0
2795
0
0
0
3831
0
0
0
0
0
4340
0
0
0
0
0
3540
0
0
0
3862
0
0
0
0
0
2979
0
0
0
0
0
2955
0
0
0
4077
0
0
0
0
0
2919
0
0
0
0
0
3737
0
0
0
3573
0
0
0
0
0
3224
0
0
0
0
0
2839
0
0
0
3507
0
0
0
0
0
2681
0
0
0
0
0
2919
0
0
0
3202
0
0
0
0
0
2561
0
0
0
0
0
2951
0
0
0
3979
0
0
0
0
0
2428
0
0
0
0
0
3063
0
0
0
3076
0
0
0
0
0
2709
0
0
0
0
0
3442
0
0
0
0
0
0
0
0
0
0
0
0
0
0
0
0
0
0
0
0
0
0
0
0
0
0
0
0
0
0
0
0
0
0
0
0
0
0
0
0
0
0
0
0
0
0
0
0
0
0
0
0
0
0
0
0
0
0
0
0
0
0
0
0
0
0
0
0
0
0
0
0
0
0
0
0
0
0
0
0
0
0
0
0
0
0
0
0
0
0
0
0
0
0
0
0
0
0
0
0
0
0
0
0
0
0
0
0
0
0
0
0
0
0
0
0
0
0
0
0
0
0
0
0
0
0
0
0
0
0
0
0
0
0
0
0
0
0
0
0
0
0
0
0
0
0
0
0
0
0
0
0
0
0
0
0
0
0
0
0
0
0
0
0
0
0
0
0
0
0
0
0
0
0
0
0
0
0
0
0
0
0
0
0
0
0
0
0
0
0
0
0
0
0
0
0
0
0
0
0
0
0
0
0
0
0
0
0
0
0
0
0
0
0
0
0
0
0
0
0
0
0
0
0
0
0
0
0
0
0
0
0
0
0
0
0
0
0
0
0
0
0
0
0
0
0
0
0
0
0
0
0
0
0
0
0
0
0
0
0
0
0
0
0
0
0
0
0
0
0
0
0
0
0
0
0
0
0
0
0
0
0
0
0
0
0
0
0
0
0
0
0
0
0
0
0
0
0
0
0
0
0
0
0
0
0
0
0
0
0
0
0
0
0
0
0
0
0
0
0
0
0
0
0
0
0
0
0
0
0
0
0
0
0
0
0
0
0
0
0
0
0
0
0
0
0
0
0
0
0
0
0
0
0
0
0
0
0
0
0
0
0
0
0
0
0
0
0
0
0
0
0
0
0
0
0
0
0
0
0
0
0
0
0
0
0
0
3026
0
0
0
0
0
2801
0
0
0
0
0
2514
0
0
0
3238
0
0
0
0
0
3251
0
0
0
0
0
2941
0
0
0
3125
0
0
0
0
0
2664
0
0
0
0
0
3610
0
0
0
3428
0
0
0
0
0
3201
0
0
0
0
0
2577
0
0
0
2875
0
0
0
0
0
3149
0
0
0
0
0
3215
0
0
0
3511
0
0
0
0
0
2754
0
0
0
0
0
2532
0
0
0
3846
0
0
0
0
0
3928
0
0
0
0
0
3239
0
0
0
3447
0
0
0
0
0
2362
0
0
0
0
0
3316
0
0
0
3447
0
0
0
0
0
3248
0
0
0
0
0
3062
0
0
0
3740
0
0
0
0
0
3030
0
0
0
0
0
2836
0
0
0
4471
0
0
0
0
0
3386
0
0
0
0
0
3238
0
0
0
3777
0
0
0
0
0
3242
0
0
0
0
0
3331
0
0
0
0
0
0
0
0
0
0
0
0
0
0
0
0
0
0
0
0
0
0
0
0
0
0
0
0
0
0
0
0
0
0
0
0
0
0
0
0
0
0
0
0
0
0
0
0
0
0
0
0
0
0
0
0
0
0
0
0
0
0
0
0
0
0
0
2811
0
0
0
0
0
2553
0
0
0
0
0
3671
0
0
0
2797
0
0
0
0
0
2665
0
0
0
0
0
3221
0
0
0
3520
0
0
0
0
0
3280
0
0
0
0
0
3353
0
0
0
2839
0
0
0
0
0
2615
0
0
0
0
0
3335
0
0
0
3120
0
0
0
0
0
3107
0
0
0
0
0
2557
0
0
0
3398
0
0
0
0
0
2624
0
0
0
0
0
2380
0
0
0
2894
0
0
0
0
0
3683
0
0
0
0
0
3251
0
0
0
3037
0
0
0
0
0
2853
0
0
0
0
0
2998
0
0
0
3432
0
0
0
0
0
3116
0
0
0
0
0
2865
0
0
0
3130
0
0
0
0
0
3187
0
0
0
0
0
2797
0
0
0
2730
0
0
0
0
0
2633
0
0
0
0
0
2639
0
0
0
2224
0
0
0
0
0
3125
0
0
0
0
0
2697
0
0
0
2796
0
0
0
0
0
3829
0
0
0
0
0
2696
0
0
0
2811
0
0
0
0
0
2666
0
0
0
0
0
2623
0
0
0
2503
0
0
0
0
0
2675
0
0
0
0
0
3340
0
0
0
2679
0
0
0
0
0
2742
0
0
0
0
0
2328
0
0
0
3327
0
0
0
0
0
3560
0
0
0
0
0
3225
0
0
0
3380
0
0
0
0
0
3477
0
0
0
0
0
4131
0
0
0
3719
0
0
0
0
0
4048
0
0
0
0
0
3543
0
0
0
3427
0
0
0
0
0
3335
0
0
0
0
0
3905
0
0
0
3427
0
0
0
0
0
2996
0
0
0
0
0
3252
0
0
0
3231
0
0
0
0
0
2960
0
0
0
0
0
3088
0
0
0
3354
0
0
0
0
0
3176
0
0
0
0
0
4163
0
0
0
3165
0
0
0
0
0
2774
0
0
0
0
0
3184
0
0
0
0
0
0
0
0
0
0
0
0
0
0
0
0
0
0
0
0
0
0
0
0
0
0
0
0
0
0
0
0
0
0
0
0
0
0
0
0
0
0
0
0
0
0
0
0
0
0
0
0
0
0
0
0
0
0
0
0
0
0
0
0
0
0
0
0
0
0
0
0
0
0
0
0
0
0
0
0
0
0
0
0
0
0
0
0
0
0
0
0
0
0
0
0
0
0
0
0
0
0
0
0
0
0
0
0
0
0
0
0
0
0
0
0
0
0
0
0
0
0
0
0
0
0
0
0
0
0
0
3605
0
0
0
0
0
3765
0
0
0
0
0
3598
0
0
0
3698
0
0
0
0
0
4102
0
0
0
0
0
3535
0
0
0
3722
0
0
0
0
0
4625
0
0
0
0
0
3327
0
0
0
3368
0
0
0
0
0
3173
0
0
0
0
0
2900
0
0
0
3025
0
0
0
0
0
3719
0
0
0
0
0
3457
0
0
0
3101
0
0
0
0
0
3977
0
0
0
0
0
3924
0
0
0
3727
0
0
0
0
0
3181
0
0
0
0
0
3026
0
0
0
3922
0
0
0
0
0
3024
0
0
0
0
0
4228
0
0
0
3968
0
0
0
0
0
2891
0
0
0
0
0
2464
0
0
0
3639
0
0
0
0
0
2811
0
0
0
0
0
3312
0
0
0
3239
0
0
0
0
0
2445
0
0
0
0
0
2928
0
0
0
3795
0
0
0
0
0
2774
0
0
0
0
0
3628
0
0
0
2636
0
0
0
0
0
2264
0
0
0
0
0
2493
0
0
0
2334
0
0
0
0
0
2450
0
0
0
0
0
2702
0
0
0
3196
0
0
0
0
0
2326
0
0
0
0
0
2493
0
0
0
2665
0
0
0
0
0
2461
0
0
0
0
0
2174
0
0
0
3124
0
0
0
0
0
3283
0
0
0
0
0
2714
0
0
0
3498
0
0
0
0
0
3885
0
0
0
0
0
3109
0
0
0
3184
0
0
0
0
0
2896
0
0
0
0
0
2950
0
0
0
2751
0
0
0
0
0
3064
0
0
0
0
0
3446
0
0
0
3531
0
0
0
0
0
2605
0
0
0
0
0
3774
0
0
0
4361
0
0
0
0
0
3634
0
0
0
0
0
3711
0
0
0
4411
0
0
0
0
0
4136
0
0
0
0
0
4748
0
0
0
3885
0
0
0
0
0
4237
0
0
0
0
0
3586
0
0
0
4219
0
0
0
0
0
4097
0
0
0
0
0
3086
0
0
0
3786
0
0
0
0
0
2687
0
0
0
0
0
3457
0
0
0
3668
0
0
0
0
0
3185
0
0
0
0
0
3116
0
0
0
3626
0
0
0
0
0
3094
0
0
0
0
0
3301
0
0
0
4139
0
0
0
0
0
3468
0
0
0
0
0
3393
0
0
0
3672
0
0
0
0
0
3574
0
0
0
0
0
3616
0
0
0
3775
0
0
0
0
0
3775
0
0
0
0
0
4237
0
0
0
3885
0
0
0
0
0
3695
0
0
0
0
0
3647
0
0
0
2647
0
0
0
0
0
3279
0
0
0
0
0
3601
0
0
0
3303
0
0
0
0
0
2650
0
0
0
0
0
2995
0
0
0
3236
0
0
0
0
0
2833
0
0
0
0
0
3023
0
0
0
3884
0
0
0
0
0
3078
0
0
0
0
0
3631
0
0
0
3970
0
0
0
0
0
4084
0
0
0
0
0
3646
0
0
0
3187
0
0
0
0
0
3175
0
0
0
0
0
3392
0
0
0
3920
0
0
0
0
0
3207
0
0
0
0
0
3485
0
0
0
3579
0
0
0
0
0
3691
0
0
0
0
0
3455
0
0
0
3589
0
0
0
0
0
2635
0
0
0
0
0
3374
0
0
0
3451
0
0
0
0
0
2814
0
0
0
0
0
2962
0
0
0
3486
0
0
0
0
0
3835
0
0
0
0
0
3114
0
0
0
2703
0
0
0
0
0
2685
0
0
0
0
0
3616
0
0
0
4603
0
0
0
0
0
3517
0
0
0
0
0
4488
0
0
0
4415
0
0
0
0
0
3673
0
0
0
0
0
3966
0
0
0
3756
0
0
0
0
0
3145
0
0
0
0
0
4249
0
0
0
4163
0
0
0
0
0
4350
0
0
0
0
0
4497
0
0
0
4428
0
0
0
0
0
3719
0
0
0
0
0
4146
0
0
0
4234
0
0
0
0
0
4011
0
0
0
0
0
5452
0
0
0
4504
0
0
0
0
0
3707
0
0
0
0
0
4159
0
0
0
3600
0
0
0
0
0
4369
0
0
0
0
0
3455
0
0
0
4457
0
0
0
0
0
5181
0
0
0
0
0
4529
0
0
0
5394
0
0
0
0
0
3934
0
0
0
0
0
5230
0
0
0
4835
0
0
0
0
0
4848
0
0
0
0
0
5044
0
0
0
6290
0
0
0
0
0
5309
0
0
0
0
0
5012
0
0
0
3220
0
0
0
0
0
4460
0
0
0
0
0
2986
0
0
0
3508
0
0
0
0
0
4040
0
0
0
0
0
3270
0
0
0
3655
0
0
0
0
0
4068
0
0
0
0
0
3798
0
0
0
3788
0
0
0
0
0
3250
0
0
0
0
0
3319
0
0
0
3702
0
0
0
0
0
4065
0
0
0
0
0
3757
0
0
0
4518
0
0
0
0
0
3098
0
0
0
0
0
4011
0
0
0
3973
0
0
0
0
0
2695
0
0
0
0
0
3705
0
0
0
4430
0
0
0
0
0
4040
0
0
0
0
0
4258
0
0
0
4278
0
0
0
0
0
3365
0
0
0
0
0
4192
0
0
0
4316
0
0
0
0
0
3353
0
0
0
0
0
3850
0
0
0
3729
0
0
0
0
0
3185
0
0
0
0
0
3803
0
0
0
3661
0
0
0
0
0
3217
0
0
0
0
0
3523
0
0
0
5257
0
0
0
0
0
4030
0
0
0
0
0
4875
0
0
0
4558
0
0
0
0
0
3690
0
0
0
0
0
4088
0
0
0
4149
0
0
0
0
0
3946
0
0
0
0
0
4494
0
0
0
4998
0
0
0
0
0
3834
0
0
0
0
0
4757
0
0
0
0
0
0
0
0
0
0
0
0
0
0
0
0
0
0
0
0
0
0
0
0
0
0
0
0
0
0
0
0
0
0
0
0
0
0
0
0
0
0
0
0
0
0
0
0
0
0
0
0
0
0
0
0
0
0
0
0
0
0
0
0
0
0
0
0
0
0
0
0
0
0
0
0
0
0
0
0
0
0
0
0
0
0
0
0
0
0
0
0
0
0
0
0
0
0
0
0
0
0
0
0
0
0
0
0
0
0
0
0
0
0
0
0
0
0
0
0
0
0
0
0
0
0
0
0
0
0
0
0
0
0
0
0
0
0
0
0
0
0
0
0
0
0
0
0
0
0
0
0
0
0
0
0
0
0
0
0
0
0
0
0
0
0
0
0
0
0
0
0
0
0
0
0
0
0
0
0
0
0
0
0
0
0
0
0
0
0
0
0
0
0
0
0
0
0
0
0
0
0
0
0
0
0
0
0
0
0
0
0
0
0
0
0
0
0
0
0
0
0
0
0
0
0
0
0
0
0
0
0
0
0
0
0
0
0
0
0
0
0
0
0
0
0
0
0
0
0
0
0
0
0
0
0
0
0
0
0
0
0
0
0
0
0
0
0
0
0
0
0
0
0
0
0
0
0
0
0
0
0
0
0
0
0
0
0
0
0
0
0
0
0
0
0
0
0
0
0
0
0
0
0
0
0
0
0
0
0
0
0
0
0
0
0
0
0
0
0
0
0
0
0
0
0
0
0
0
0
0
0
0
0
0
0
0
0
0
0
0
0
0
0
0
0
0
0
0
0
0
0
0
0
0
0
0
0
0
0
0
0
0
0
0
0
0
0
0
0
0
0
0
0
0
0
0
0
0
0
0
0
0
0
0
0
0
3730
0
0
0
0
0
2549
0
0
0
0
0
3849
0
0
0
3888
0
0
0
0
0
2276
0
0
0
0
0
3170
0
0
0
3247
0
0
0
0
0
2969
0
0
0
0
0
3557
0
0
0
3798
0
0
0
0
0
3694
0
0
0
0
0
3921
0
0
0
3673
0
0
0
0
0
4513
0
0
0
0
0
4369
0
0
0
4491
0
0
0
0
0
4133
0
0
0
0
0
4371
0
0
0
3783
0
0
0
0
0
5309
0
0
0
0
0
4199
0
0
0
4783
0
0
0
0
0
3529
0
0
0
0
0
4459
0
0
0
4744
0
0
0
0
0
3861
0
0
0
0
0
5211
0
0
0
5882
0
0
0
0
0
4435
0
0
0
0
0
4805
0
0
0
4681
0
0
0
0
0
4533
0
0
0
0
0
4764
0
0
0
5654
0
0
0
0
0
4886
0
0
0
0
0
4750
0
0
0
0
0
0
0
0
0
0
0
0
0
0
0
0
0
0
0
0
0
0
0
0
0
0
0
0
0
0
0
0
0
0
0
0
0
0
0
0
0
0
0
0
0
0
0
0
0
0
0
0
0
0
0
0
0
0
0
0
0
0
0
0
0
0
0
3508
0
0
0
0
0
3057
0
0
0
0
0
3912
0
0
0
3896
0
0
0
0
0
2931
0
0
0
0
0
3627
0
0
0
3612
0
0
0
0
0
2977
0
0
0
0
0
3984
0
0
0
3546
0
0
0
0
0
2912
0
0
0
0
0
3264
0
0
0
2565
0
0
0
0
0
2824
0
0
0
0
0
2842
0
0
0
2697
0
0
0
0
0
2874
0
0
0
0
0
3364
0
0
0
3589
0
0
0
0
0
2208
0
0
0
0
0
3128
0
0
0
3035
0
0
0
0
0
2632
0
0
0
0
0
2975
0
0
0
4611
0
0
0
0
0
3484
0
0
0
0
0
3100
0
0
0
3395
0
0
0
0
0
2628
0
0
0
0
0
2957
0
0
0
4004
0
0
0
0
0
2056
0
0
0
0
0
3139
0
0
0
3684
0
0
0
0
0
3674
0
0
0
0
0
3678
0
0
0
4025
0
0
0
0
0
3427
0
0
0
0
0
3422
0
0
0
4031
0
0
0
0
0
2700
0
0
0
0
0
3135
0
0
0
3450
0
0
0
0
0
2671
0
0
0
0
0
3631
0
0
0
3523
0
0
0
0
0
2895
0
0
0
0
0
3384
0
0
0
4750
0
0
0
0
0
3800
0
0
0
0
0
3259
0
0
0
4255
0
0
0
0
0
4147
0
0
0
0
0
4179
0
0
0
4330
0
0
0
0
0
4483
0
0
0
0
0
4290
0
0
0
4429
0
0
0
0
0
3670
0
0
0
0
0
3806
0
0
0
3900
0
0
0
0
0
3470
0
0
0
0
0
3247
0
0
0
3445
0
0
0
0
0
2813
0
0
0
0
0
2969
0
0
0
3989
0
0
0
0
0
3094
0
0
0
0
0
2797
0
0
0
3434
0
0
0
0
0
3498
0
0
0
0
0
3865
0
0
0
0
0
0
0
0
0
0
0
0
0
0
0
0
0
0
0
0
0
0
0
0
0
0
0
0
0
0
0
0
0
0
0
0
0
0
0
0
0
0
0
0
0
0
0
0
0
0
0
0
0
0
0
0
0
0
0
0
0
0
0
0
0
0
0
0
0
0
0
0
0
0
0
0
0
0
0
0
0
0
0
0
0
0
0
0
0
0
0
0
0
0
0
0
0
0
0
0
0
0
0
0
0
0
0
0
0
0
0
0
0
0
0
0
0
0
0
0
0
0
0
0
0
0
0
0
0
0
0
0
0
0
0
0
0
0
0
0
0
0
0
0
0
0
0
0
0
0
0
0
0
0
0
0
0
0
0
0
0
0
0
