%pattern_data
30
0
5
4
4
4
0
0
0
1
1
1
0
0
0
0
0
0
0
0
0
0
1
1
113
0
0
52
68
88
0
0
0
0
-6343
0
0
-8
-9
0
-1
0
1
-3
-6
3
-1
0
1
-3
1
0
-1
0
5
5
-1
0
1
-3
-6
3
-1
0
1
-3
1
0
-1
0
5
3
-1
0
1
-3
-6
3
-1
0
1
-3
1
0
-1
0
5
5
-1
0
1
-3
-6
3
-1
0
1
-3
1
0
-1
0
5
3
0
0
0
0
0
0
0
0
0
0
0
0
0
0
0
0
0
0
0
0
0
0
0
0
0
0
0
0
0
0
0
0
287052
0
874463
1140091
1434921
1696757
1992063
0
2597942
2856553
3134331
0
3733220
0
4335079
4600385
4906281
0
5486871
5745782
6040635
6321973
6608095
0
7209841
7481066
7786689
0
8372358
0
8957211
9211179
9512177
0
10070136
10363469
10673810
10936349
11233061
0
11867347
12109297
12408526
0
13000907
0
13556349
13853946
14140952
0
14754989
14983946
10673810
15552744
15859388
0
16473651
16734399
17009615
0
17597324
0
18167098
18448005
272902
0
873946
1150385
1453605
1746667
1994717
0
2581451
2863560
3159501
0
3746281
0
4335583
4592313
4897982
0
5450385
5724240
6033991
6298345
6609478
0
7229796
7476349
7796644
0
8382653
0
8982721
9231519
9525170
0
10124580
10397937
10679229
10931565
11233356
0
11812041
12124762
12431995
0
12988034
0
13570635
13863285
14138027
0
14744535
15005782
15290522
15554966
15837710
0
16439478
16701111
17025510
0
17573243
0
18175147
18482472
279841
0
842766
1116190
1432812
1685125
1983923
0
2539955
2841927
3186009
0
3749025
0
4355011
4590340
4913832
0
5476281
5753401
6065306
6317778
6609751
0
7251769
7478322
7801406
0
8363175
0
8948821
9299161
9514921
0
10092177
10370363
10683651
10936576
11236644
0
11851995
12099569
12410113
0
12967596
0
13532585
13819524
14119796
0
14690998
14990295
15283991
15531565
15832154
0
16445351
16709501
17028866
0
17589070
0
18168254
18440839
259586
0
880590
1135782
1432902
1697234
1981208
0
2588435
2857823
3170204
0
3742426
0
4335488
4580794
4902088
0
5476667
5761995
6043741
6309135
6623823
0
7224603
7475306
7797528
0
8364512
0
8963878
9236531
9526803
0
10086576
10403810
10676349
10946644
11235782
0
11842154
12119546
12421202
0
13000317
0
13562971
13861179
14123810
0
14707156
14979320
15274785
15535737
15833447
0
16416712
16718050
17019592
0
17591134
0
18177415
18443061
290635
0
866576
1131678
1387483
1669002
1976599
0
2572132
2838980
3143152
0
3727415
0
4317375
4585459
4892068
0
5455397
5762517
6037506
6314354
6637075
0
7258798
7491746
7792948
0
8364785
0
8953537
9220113
9514218
0
10135510
10353991
10664739
10919184
11215124
0
11796058
12085351
12408322
0
12969365
0
13547755
13840590
14127642
0
14709887
14982449
15262404
15522902
15809252
0
16384036
16709955
16998821
0
17582575
0
18163005
18487710
272766
0
848730
1124399
1420000
1704717
1994717
0
2585760
2882313
3168662
0
3725057
0
4328376
4607192
4901043
0
5473832
5749796
6050068
6319410
6625215
0
7243832
7505465
7794921
0
8359093
0
8943583
9224014
9511542
0
10092744
10387596
10659184
10943265
11213946
0
11816304
12104127
12420816
0
12984603
0
13552496
13844240
14126145
0
14688562
14979002
15267188
15540726
15832154
0
16427574
16741111
17028163
0
17597098
0
18152630
18442222
228821
0
712245
883673
1108662
1320363
1544739
0
2001383
2222517
2423032
0
2880249
0
3341066
3525397
3762336
0
4234649
4427075
4652812
4860907
5086463
0
5572971
5760612
5990952
0
6419206
0
6844785
7069887
7286009
0
7743379
7951882
8179773
8388095
8619615
0
9038821
9281655
9483129
0
9929909
0
10386689
10580975
10814014
0
11264467
11478322
11703447
11911565
12138866
0
12588934
12820317
13025261
0
13476032
0
13913787
14089864
225397
0
679229
879773
1115170
1331610
1561973
0
2027052
2221791
2456145
0
2883107
0
3328821
3533016
3755624
0
4202449
4437959
4635329
4840431
5073187
0
5509070
5732744
5982358
0
6411043
0
6879822
7048346
7280408
0
7719823
7950113
8186032
8373673
8609663
0
9036621
9259274
9491995
0
9942721
0
10381497
10593039
10818085
0
11255283
11471610
11692472
11882200
12106780
0
12552109
12759025
13028209
0
13469002
0
13928458
14122676
210544
0
689297
884263
1129932
1320091
1539972
0
1978027
2190317
2438367
0
2882426
0
3320930
3540489
3750930
0
4217551
4418844
4648639
4843696
5067279
0
5511837
5716349
5975329
0
6402222
0
6852900
7060513
7276312
0
7757120
7935850
8175737
8363175
8600658
0
9035329
9244717
9512812
0
9940023
0
10399433
10593991
10824762
0
11246009
11454671
11690431
11883968
12132766
0
12555079
12760907
13014082
0
13454580
0
13925964
14130119
227588
0
663345
4431383
1115737
1323401
1528002
0
1993356
2173878
2450839
0
2882290
0
3326599
3537800
3760794
0
4211837
4431383
4659410
4867800
5086553
0
5519070
5802550
5972556
0
6391564
0
6848916
7067896
7283651
0
7720181
7953628
8178141
8388231
8596798
0
9047642
9247687
9489116
0
9926553
0
10381361
10571786
10801804
0
11280204
11489796
11722086
11916757
12136709
0
12580454
12795238
13036780
0
13466452
0
13948798
14120831
218957
0
658662
874580
1094717
1297823
1538662
0
1965964
2190249
2441497
0
2872245
0
3324467
3558398
3749977
0
4213719
4432268
4645170
4848277
5094830
0
5537052
5744240
5990431
0
6409002
0
6845896
7057143
7286443
0
7736553
7955442
8170499
8369819
8601338
0
9038431
9257833
9493157
0
9928241
0
10375632
10559119
10783252
0
11244785
11455986
11690068
11897324
12123333
0
12591270
12797642
13036100
0
13463379
0
13916339
10535919
226599
0
650034
870454
1106100
1305465
1534580
0
1938617
2191361
2444331
0
2890499
0
3316780
3552472
3748571
0
4190136
4429206
4649342
4860930
5076145
0
5519620
5744263
5980680
0
6412063
0
6858277
7076122
7280340
0
7726485
7930091
8159002
8350476
8582585
0
9046599
9256417
9494739
0
9933741
0
10364580
10591746
10802902
0
11254014
11461111
11678549
11880998
12116939
0
12582268
12773424
13027120
0
13464853
0
13893560
14120113
160998
0
532902
670544
842744
992766
1166893
0
1525011
1686939
1843084
0
2214006
0
2565264
2708503
2899002
0
3261882
3424490
3600408
3751973
3926871
0
4291451
4444807
4620431
0
4956689
0
5311655
5476599
5642269
0
5991179
6162562
6321837
6492993
6648617
0
6994989
7154762
7341224
0
7678345
0
8040952
8164414
8356032
0
8711905
8873968
9045420
9189274
9384512
0
9714082
9867982
10060454
0
10423129
0
10755624
10913370
157891
0
525964
663243
834240
983651
1162521
0
1538367
1700522
1880992
0
2183628
0
2553447
2713265
2884123
0
3217432
3405125
3566009
3739728
3884524
0
4241224
4403583
4604059
0
4943515
0
5301973
5472562
5623220
0
5984150
6140363
6308798
6473583
6654603
0
6992517
7151519
7313855
0
7664853
0
8029273
8172404
8352925
0
8677007
8848277
9041927
9207007
9368072
0
9715011
9871429
10062041
0
10387043
0
10768866
10889781
166916
0
538594
679819
857120
1013968
1203696
0
1541497
1701134
1890771
0
2218458
0
2594603
2724875
2909252
0
3262245
3406077
3582698
3733651
3919342
0
4287823
4422608
4611837
0
4952676
0
5309932
5451020
5630839
0
5982222
6150998
6322585
6496440
6656009
0
6995238
7179660
7347982
0
7689252
0
8027800
8182426
8359932
0
8697846
8866576
9046576
9202313
9380884
0
9747438
9903764
10112177
0
10415306
0
10765034
10922381
177188
0
533042
692923
866345
1018413
1206621
0
1568980
1722585
1893832
0
2231406
0
2589637
2712789
2892449
0
3286213
1722585
3563769
3741814
3909107
0
4264014
4443129
4608435
0
4952290
0
5296259
5493356
5642200
0
5989320
6168594
6336893
6491293
6676168
0
7021859
7175510
7355941
0
7673333
0
7998639
8166803
8342245
0
8697732
8866236
9039683
9211156
9378390
0
9721723
9878730
10057868
0
10422857
0
10775896
10912245
161020
0
496182
696032
861134
1012630
1195850
0
1548526
1733175
1919751
0
2236395
0
2577188
2762540
2893696
0
3255782
3417959
3584331
3765420
3914898
0
4281020
4444399
4629206
0
4949819
0
5304444
5448322
5622553
0
5936122
6135215
6307687
6467075
6654875
0
6990363
7158209
7330363
0
7657098
0
8058866
8180703
8360282
0
8691366
8872630
9035351
9195964
9379161
0
9703991
9869388
10087166
0
10388662
0
10771066
10902925
173104
0
518503
684535
870748
1033741
1204785
0
1577710
1723129
1923719
0
2215011
0
2554943
2720227
2909796
0
3243256
1723129
3589569
3754308
3921451
0
4271519
4429546
4639161
0
4943946
0
5277075
5424231
5623175
0
5978005
6128345
6304308
6470930
6660021
0
6979031
7141156
7348481
0
7662472
0
8021519
8160930
8351882
0
8688685
8863311
9039116
9199728
9382608
0
9730862
9886576
10082426
0
10407234
0
10752313
10929778
0
0
0
0
0
0
0
0
0
0
0
0
0
0
0
0
0
0
0
0
0
0
0
0
0
0
0
0
0
0
0
0
0
0
0
0
0
0
0
0
0
0
0
0
0
0
0
0
0
0
0
0
0
0
0
0
0
0
0
0
0
0
0
0
0
0
0
0
0
0
0
0
0
0
0
0
0
0
0
0
0
0
0
0
0
0
0
0
0
0
0
0
0
0
0
0
0
0
0
0
0
0
0
0
0
0
0
0
0
0
0
0
0
0
0
0
0
0
0
0
0
0
0
0
0
0
0
0
0
0
0
0
0
0
0
0
0
0
0
0
0
0
0
0
0
0
0
0
0
0
0
0
0
0
0
0
0
0
0
0
0
0
0
0
0
0
0
0
0
0
0
0
0
0
0
0
0
0
0
0
0
0
0
0
0
0
0
0
0
0
0
0
0
0
0
0
0
0
0
0
0
0
0
0
0
0
0
0
0
0
0
0
0
0
0
0
0
0
0
0
0
0
0
0
0
0
0
0
0
0
0
0
0
0
0
0
0
0
0
0
0
0
0
0
0
0
0
0
0
0
0
0
0
0
0
0
0
0
0
0
0
0
0
0
0
0
0
0
0
0
0
0
0
0
0
0
0
0
0
0
0
0
0
0
0
0
0
0
0
0
0
0
0
0
0
0
0
0
0
0
0
0
0
0
0
0
0
0
0
0
0
0
0
0
0
0
0
0
0
0
0
0
0
0
0
0
0
0
0
0
0
0
0
0
0
0
0
0
0
0
0
0
0
0
0
0
0
0
0
0
0
0
0
0
0
0
0
0
0
0
0
0
0
0
0
0
0
0
0
0
0
0
0
0
0
0
0
0
0
0
0
0
0
0
269660
0
839546
1109683
1427846
1689773
1990629
0
2568413
2852404
3206893
0
3749229
0
4338730
4599274
4901406
0
5496871
5738571
6045215
6296417
6607438
0
7205941
7469773
7778095
0
8350703
0
8920118
9200454
9511701
0
10112132
10354671
10668957
10926644
11235261
0
11831247
12083152
12396576
0
12980385
0
13572494
13916531
14137732
0
14719705
15013265
15294286
15558390
15853379
0
16480567
16701723
17016100
0
17590680
0
18177166
18443560
233424
0
693084
864240
1091769
1304467
1534308
0
1987483
2181927
2434422
0
2874150
0
3335397
3510227
3740975
0
4225760
4411633
4646395
4845079
5081655
0
5511315
5727166
5959456
0
6416644
0
6854943
7042472
7278753
0
7731723
7943923
8169478
8367959
8615601
0
9056032
9255760
9465693
0
9920045
0
10376617
10570224
10809932
0
11297664
11465918
11697642
11897732
12136599
0
12598345
12796803
13021200
0
13445828
0
13907106
14105193
167619
0
525442
680862
865374
1020091
1185454
0
1524014
1696689
1912744
0
2213447
0
2587914
2735578
2898548
0
3236372
3410930
3587098
3744399
3923311
0
4263900
4411905
4621859
0
4950481
0
5286848
5495442
5631188
0
5973583
6136712
6309070
6474490
6659751
0
6980522
7148231
7353197
0
7674717
0
8016080
8171659
8360980
0
8744308
8882063
9056961
9212789
9385805
0
9732245
9913832
10090181
0
10401202
0
10761747
10901327
0
0
0
0
0
0
0
0
0
0
0
0
0
0
0
0
0
0
0
0
0
0
0
0
0
0
0
0
0
0
0
0
0
0
0
0
0
0
0
0
0
0
0
0
0
0
0
0
0
0
0
0
0
0
0
0
0
0
0
0
0
0
0
0
317982
0
868707
1139796
1458571
1715057
2025828
0
2601542
2854467
3200884
0
3742630
0
4330612
4586667
4909728
0
5517506
5755873
6070998
6312540
6616803
0
7222426
7446213
7775601
0
8371746
0
8963560
9203197
9504626
0
10078005
10338833
10667098
10908934
11224150
0
11780835
12093855
12376343
0
12971678
0
13555283
13832109
14116332
0
14713084
15006644
15295850
15545193
15868073
0
16466463
16724694
17014388
0
17596939
0
18195351
18479524
276553
0
856213
1101882
1431565
1697098
2006698
0
2597528
2870136
3166939
0
3756463
0
4352358
4612789
4870998
0
5464354
5725079
6056780
6314580
6628785
0
7226213
7489456
7790748
0
8374671
0
8948481
9199977
9512540
0
10103810
10359184
10674785
10938141
11243061
0
11837052
12102336
12416599
0
13003107
0
13562358
13822608
14120067
0
14693696
14976599
15277302
15526712
15841882
0
16438753
16711710
17016508
0
17607370
0
18170703
18449751
226213
0
652844
890249
1103900
1322766
1567211
0
1989297
2227483
2471224
0
2901882
0
3336168
3544354
3756417
0
4217891
4413129
4639025
4852744
5096463
0
5526689
5751066
5974467
0
6419433
0
6856780
7059937
7275760
0
7722358
7924218
8151905
8380952
8588345
0
9044739
9270658
9492494
0
9926780
0
10361088
10582245
10792426
0
11278672
11473991
11700680
11909320
12143379
0
12578209
12799592
13027551
0
13466440
0
13913696
14132171
224739
0
664002
870181
1089773
1286031
1525572
0
5525896
2167347
2442063
0
2859977
0
3334376
3496803
3746667
0
4203832
4427415
4653946
4854717
5069569
0
5525896
5731066
5975170
0
6411474
0
6843640
7067057
7297098
0
7749093
7952517
8190068
8392880
8615533
0
9059796
9260340
9500000
0
9936213
0
10395533
10583947
10809070
0
11270726
11466893
8190068
11895737
12123696
0
12576440
12780952
13032880
0
13457823
0
13920862
14110461
175238
0
549569
691338
866054
1029592
1197982
0
1559410
1705034
1881017
0
2227256
0
2573560
2753152
2891355
0
3270816
3423197
866054
3735873
3900662
0
4274490
4417800
4643946
0
4942698
0
5307755
5465175
5625578
0
6014490
6162630
6315941
6475125
6641574
0
6986289
7143382
7316326
0
7670930
0
8036599
8226757
8369361
0
8682299
8872862
6315941
9185918
9373515
0
9732268
9891247
10063447
0
10412086
0
10756395
10910586
162154
0
513810
670023
856281
1008073
1195589
0
1530975
1699229
1868186
0
2202177
0
2565986
2714989
2877379
0
3231814
3393311
3574512
3751111
3913605
0
4270091
4421633
4573424
0
4943401
0
5288866
5446145
5621820
0
5942585
6131179
6307029
6469773
6637868
0
7012585
7173152
7352018
0
7681746
0
8053107
8183764
8357596
0
8713061
8865782
9043016
9190998
9376939
0
9723673
9883515
10049365
0
10407506
0
10749206
10912313
0
0
0
0
0
0
0
0
0
0
0
0
0
0
0
0
0
0
0
0
0
0
0
0
0
0
0
0
0
0
0
0
0
0
0
0
0
0
0
0
0
0
0
0
0
0
0
0
0
0
0
0
0
0
0
0
0
0
0
0
0
0
0
0
0
0
0
0
0
0
0
0
0
0
0
0
0
0
0
0
0
0
0
0
0
0
0
0
0
0
0
0
0
0
0
0
0
0
0
0
0
0
0
0
0
0
0
0
0
0
0
0
0
0
0
0
0
0
0
0
0
0
0
0
0
0
0
0
287937
0
853968
1113424
1402630
1685601
1982404
0
2611565
2851814
3151361
0
3727682
0
4326009
4600998
4916100
0
5501995
5756667
6033651
6309410
6600590
0
7193946
7478957
7770567
0
8331387
0
8978730
9239705
9524263
0
10092245
10362653
10664717
10941179
11226573
0
11840975
12093764
12392517
0
12969138
0
13572826
13824287
14112606
0
14720794
14989081
15284671
15565147
15855855
0
16435420
16719705
17018821
0
17581927
0
18180214
18445578
271882
0
869753
1120839
1420340
1692540
1972336
0
2574598
2840045
3149841
0
3730703
0
4333651
4627982
4911202
0
5515737
5759138
6036281
6304989
6627120
0
7235646
7482902
7791293
0
8359660
0
8950794
9230340
9508821
0
10096961
10358594
10662721
10925193
11229184
0
11842766
12116395
12408934
0
12988073
0
13615057
13838186
14106735
0
14713175
14985737
15280499
15554717
15842925
0
16454150
16714580
17029887
0
17600408
0
18186626
18440748
261335
0
854036
1142426
1419456
1671791
1980998
0
2547784
2856100
3183867
0
3749804
0
4333020
4615170
4911859
0
5496984
5759909
6046576
6305760
6617868
0
7192739
7471542
7768219
0
8336132
0
8921814
9208549
9517007
0
10081020
10374467
10678503
10934717
11248889
0
11839297
12092063
12410726
0
12978912
0
13550454
13849456
14141270
0
14729751
14986757
15282857
15539705
15833152
0
16397188
16679093
17023265
0
17580590
0
18167710
18434717
279728
0
887029
1139478
1428798
1667302
1992653
0
2597483
2870113
3156213
0
3734601
0
4313016
4596621
4880227
0
5456032
5714943
6022971
6268753
6605397
0
7185714
7454300
7796440
0
8359344
0
8952925
9231451
9528594
0
10137868
10411837
10685533
10949796
11272381
0
11853243
12110658
12418435
0
12988526
0
13551075
13805601
14134717
0
14705714
15002676
15278889
15517959
15868413
0
16445828
16720591
17033605
0
17609025
0
18159388
18458458
268095
0
863197
1115011
1420113
1675896
1984218
0
2596576
2851950
3167891
0
3749864
0
4342562
4600544
4902358
0
5484018
5746667
6045465
6296032
6622086
0
7193084
7474422
7781995
0
8364853
0
8940136
9223220
9495964
0
10070680
10337347
10629637
10894512
11232449
0
11813832
12086667
12404195
0
12974762
0
13538277
13843084
14123719
0
14720272
14983401
15289410
15554218
15828025
0
16428912
16699433
17026236
0
17589116
0
18171247
18457211
261769
0
861183
1113923
1426893
1679932
1993288
0
2570091
2842766
3158617
0
3729977
0
4333923
4590272
4875465
0
5453311
5732834
6037302
6305964
6593061
0
7179161
7472132
7777982
0
8349652
0
8955112
9218707
9503832
0
10092812
10348254
10630317
10920068
11211497
0
11807642
12091474
12418118
0
12970245
0
13568186
13841451
14112721
0
14712018
14965578
15274830
15539388
15850181
0
16418662
16704354
17020181
0
17574422
0
18152222
18435329
224649
0
636939
859977
1091497
1292789
1526599
0
1977567
2173175
2429433
0
2868798
0
3323518
3520562
3751542
0
4219274
4414331
4646984
4876689
5088181
0
5538435
5725011
5975533
0
6406168
0
6853555
7080930
7276531
0
7710862
7948844
8179206
8395034
8617574
0
9062222
9290000
9522517
0
9947392
0
10399070
10589592
10810839
0
11266213
11460068
11691859
11902834
12150499
0
12580771
12787120
13022494
0
13447347
0
13902653
14112789
214263
0
715215
883129
1110136
1304580
1538050
0
1997007
2191655
2440431
0
2873469
0
3327732
3517256
3770998
0
4216122
4428209
4647370
4851429
5080567
0
5516850
5722608
5970794
0
6406893
0
6833237
7081105
7293016
0
7724172
7937302
8173515
8361814
8605374
0
9048118
9247755
9485465
0
9930023
0
10381565
10590091
10812698
0
11273220
11481270
11687188
11899478
12145238
0
12588458
12810317
13039070
0
13464875
0
13897596
14120544
219660
0
656009
852540
1097211
1292404
1521474
0
1976213
2165283
2436100
0
2861111
0
3341270
3531610
3774127
0
4219615
4412381
4642086
4830907
5073379
0
5485147
5707120
5979184
0
6397211
0
6834240
7052222
7285986
0
7728571
7950703
8191519
8386077
8606583
0
9042472
9262336
9494558
0
9940703
0
10380307
10580499
10813424
0
11269841
11462018
11699229
11895964
12118716
0
12563333
12766349
13026304
0
13467642
0
13901227
14113311
219048
0
674150
883061
1088537
1286236
1527940
0
1972852
2207143
2427302
0
2876168
0
3343333
3539182
3769977
0
4233719
4441837
4654921
4837483
5100816
0
5523180
5755714
5964768
0
6429116
0
6879569
7089138
7300975
0
7722494
7957506
8179819
8369592
8617506
0
9064036
9295238
9511927
0
9945125
0
10421383
10631111
10850431
0
11262404
11489297
11686395
11879025
12123923
0
12571814
12764649
13019660
0
13464535
0
13901224
14149977
235850
0
670299
866939
1119116
1301066
1538073
0
1994467
2169955
2432426
0
2870000
0
3368957
3550994
3760171
0
4194921
4398821
4643424
4829048
5086508
0
5504104
5709546
5960408
0
6391383
0
6834785
7037483
7280249
0
7694127
7906712
8154830
8340113
8599819
0
9078095
9258141
9488118
0
9925964
0
10378458
10572177
10823129
0
11251927
11462222
11697642
11910590
12146281
0
12558549
12761020
13038776
0
13458299
0
13911701
14098458
219161
0
702880
881519
1116508
1302812
1526440
0
1959252
2173537
2420703
0
2868413
0
3329977
3516213
3764422
0
4223061
4410952
4653832
4844444
5088594
0
5552608
5744014
5976190
0
6411179
0
6857324
7037891
7282041
0
7719433
7950476
8177642
8367982
8581633
0
9025374
9243424
9502676
0
9922971
0
10391225
10578481
10809410
0
11263197
7950476
11700385
11886440
12125420
0
12578549
12786032
13036213
0
13468119
0
13915986
14122721
183288
0
517392
673583
852426
1010635
1197279
0
1575624
1707211
1877370
0
2228481
0
2587029
2736780
2906236
0
3238027
3405125
3578050
3733810
3931224
0
4273447
4440748
4598753
0
4974921
0
5318231
5490794
5629206
0
6001020
6132971
6307755
6468776
6654172
0
7029116
7162698
7344762
0
7669070
0
8041474
8200884
8366077
0
8713741
8861066
9047891
9200317
9396689
0
9724354
9873379
10083107
0
10404853
0
10766553
10933583
170395
0
556621
688707
869705
1014286
1205057
0
1545306
1709683
1875306
0
2218254
0
2581278
2723828
2901361
0
3270476
3410612
3606508
3743787
3927959
0
4308753
4431406
4622494
0
4944717
0
5307664
5458458
5638345
0
6009524
6150839
6313878
6464898
6657687
0
7002580
7160159
7333107
0
7667959
0
8035147
8189217
8352225
0
8676599
8863084
9040249
9189433
9388901
0
9711686
9900544
10073424
0
10393129
0
10768458
10922449
165385
0
477302
655873
838685
993537
1181224
0
1533583
1690045
1890408
0
2218390
0
2581293
2736984
2908209
0
3258005
3422222
3584898
3734490
3945964
0
4297551
4437075
4659592
0
4959751
0
5321111
5467370
5641950
0
5962630
6126803
6310272
6451315
6637166
0
6992132
7146916
7325873
0
7656667
0
8028073
8179320
8354830
0
8707778
8858776
9039456
9191723
9378776
0
9726916
9878798
10079161
0
10401859
0
10769342
10895964
189478
0
527075
696009
877052
1041247
1209955
0
1561565
1720884
1884422
0
2215465
0
2569955
2718662
2902063
0
3262766
3426236
3590431
3733311
3945351
0
4272109
4437188
4606939
0
4948186
0
5285057
5474286
5641088
0
5988957
6123084
6316213
6455261
6668776
0
6990635
7158889
7338571
0
7664900
0
8026485
8210023
8348118
0
8706531
8870454
9037959
9219660
9370227
0
9713107
9868390
10061610
0
10399728
0
10733469
10935079
157642
0
493938
660045
847438
993832
1197098
0
1577302
1704399
1874785
0
2205261
0
2548662
2724649
2887392
0
3243492
3412653
3571315
3712948
3907732
0
4276531
4420159
4598866
0
4935125
0
5277392
5430113
5623356
0
5975442
6119048
6310476
6486644
6652766
0
7019320
7148435
7346032
0
7666531
0
8016372
8179252
8374195
0
8719887
8887098
9041224
9186689
9381451
0
9711224
9866259
10066531
0
10392200
0
10751995
10976621
170476
0
3239927
683968
3594853
1034603
1206069
0
1541655
1707279
1877618
0
2213891
0
2570892
2736378
2906032
0
3271927
3408297
3591365
3753756
3940287
0
4286168
4435057
4607982
0
4945011
0
5294372
5442472
5624355
0
5976169
6131775
6308776
6469320
6646743
0
6982785
7139592
7324902
0
7665011
0
8016015
8182677
8343687
0
8701222
8854218
9041315
9187732
9378095
0
9728068
9881338
10063968
0
10396417
0
10740995
10909776
0
0
0
0
0
0
0
0
0
0
0
0
0
0
0
0
0
0
0
0
0
0
0
0
0
0
0
0
0
0
0
0
0
0
0
0
0
0
0
0
0
0
0
0
0
0
0
0
0
0
0
0
0
0
0
0
0
0
0
0
0
0
0
0
0
0
0
0
0
0
0
0
0
0
0
0
0
0
0
0
0
0
0
0
0
0
0
0
0
0
0
0
0
0
0
0
0
0
0
0
0
0
0
0
0
0
0
0
0
0
0
0
0
0
0
0
0
0
0
0
0
0
0
0
0
0
0
0
0
0
0
0
0
0
0
0
0
0
0
0
0
0
0
0
0
0
0
0
0
0
0
0
0
0
0
0
0
0
0
0
0
0
0
0
0
0
0
0
0
0
0
0
0
0
0
0
0
0
0
0
0
0
0
0
0
0
0
0
0
0
0
0
0
0
0
0
0
0
0
0
0
0
0
0
0
0
0
0
0
0
0
0
0
0
0
0
0
0
0
0
0
0
0
0
0
0
0
0
0
0
0
0
0
0
0
0
0
0
0
0
0
0
0
0
0
0
0
0
0
0
0
0
0
0
0
0
0
0
0
0
0
0
0
0
0
0
0
0
0
0
0
0
0
0
0
0
0
0
0
0
0
0
0
0
0
0
0
0
0
0
0
0
0
0
0
0
0
0
0
0
0
0
0
0
0
0
0
0
0
0
0
0
0
0
0
0
0
0
0
0
0
0
0
0
0
0
0
0
0
0
0
0
0
0
0
0
0
0
0
0
0
0
0
0
0
0
0
0
0
0
0
0
0
0
0
0
0
0
0
0
0
0
0
0
0
0
0
0
0
0
0
0
0
0
0
0
0
0
0
0
0
0
0
0
257483
0
851995
1104921
1419161
1679955
1976303
0
2571859
2840454
3159478
0
3737574
0
4326440
4621701
4905737
0
5490068
5776032
6068617
6319756
6617256
0
7210771
7470748
7782313
0
8349156
0
8929410
9201678
9499184
0
10094438
10359569
10660590
10903923
11221655
0
11818662
12096349
12404785
0
12970000
0
13557937
13839705
14122086
0
14716077
14983039
15283220
15551383
15854263
0
16454898
16723424
17027664
0
17582245
0
18165918
18451451
222472
0
669206
872993
1105578
1303810
1536508
0
1985828
2202109
2447029
0
2878118
0
3322857
3542630
3759909
0
4209229
4414762
4650227
4836508
5073039
0
5523878
5731701
5964059
0
6400408
0
6862041
7065941
7290272
0
7730000
7941905
8167007
8364898
8605488
0
9045578
9256780
9502993
0
9922086
0
10369569
10571293
10807438
0
11238163
11453651
11694649
11892086
12131451
0
12585034
12791927
13028277
0
13463696
0
13936304
14112404
150726
0
505034
671542
864263
1008027
1194082
0
1544739
1703311
1880862
0
2225624
0
2569410
2731497
2897483
0
3230418
3408662
3591995
3729093
3925442
0
4272290
4422404
4607823
0
4933311
0
5286912
5442313
5620000
0
5950181
6126349
9059819
6446508
6644240
0
6982646
7147650
7340499
0
7669900
0
8024422
8169592
8360680
0
8708073
8868730
9059819
9198549
9389373
0
9729134
9887528
10073832
0
10404467
0
10757234
10906871
0
0
0
0
0
0
0
0
0
0
0
0
0
0
0
0
0
0
0
0
0
0
0
0
0
0
0
0
0
0
0
0
0
0
0
0
0
0
0
0
0
0
0
0
0
0
0
0
0
0
0
0
0
0
0
0
0
0
0
0
0
0
0
0
251655
0
890204
1135316
1421451
1672313
1986576
0
2574104
2839637
3151315
0
3739206
0
4316009
4622971
4888844
0
5464104
5737483
6030408
6306576
6612313
0
7202336
7489274
7782880
0
8353583
0
8923651
9226145
9490497
0
10060988
10346689
10636213
10909705
11231406
0
11840204
12114082
12404535
0
12979478
0
13542608
13834739
14140658
0
14713764
14968980
15273968
15534603
15840998
0
16422086
16698209
17007528
0
17560227
0
18155760
18421224
271995
0
916553
1148571
1459388
1716689
2006417
0
2600771
2869342
3164694
0
3728957
0
4309184
4584921
4882948
0
5462358
5738322
6035261
6316417
6614331
0
7217778
7478367
7778231
0
8336531
0
8923175
9216032
9499161
0
10090113
10365533
10661519
10929252
11226168
0
11838821
12100612
12401723
0
12973129
0
13571383
13853900
14145714
0
14722812
15004490
15289728
15555442
15846961
0
16439615
16703152
17012290
0
17585714
0
18177778
18455533
221995
0
692948
891111
1130454
1331769
1556349
0
2001088
2212154
2449841
0
2879977
0
3310295
3534263
3750431
0
4188776
4397664
4619252
4812517
5063764
0
5509932
5731361
5963810
0
6395964
0
6848798
7065692
7281950
0
7748073
7913832
8145578
8366939
8593946
0
9046259
9251270
9501338
0
9932721
0
10403991
10599456
10809841
0
11261633
11463424
11682834
11878526
12133379
0
12578753
12780181
13030272
0
13461565
0
13909297
14101542
227732
0
715850
887959
1119252
1317891
1567982
0
2024671
2228549
2458526
0
2887528
0
3349365
3530023
3755937
0
4186385
887959
4637256
4840794
5100771
0
5530703
5731383
6041497
0
6407279
0
6871587
7058095
7288458
0
7735510
7940272
8167143
8370204
8617868
0
9078844
9263878
9487370
0
9924172
0
10374535
10574853
10805079
0
11256032
11453288
11684875
11883515
12131111
0
12593787
12802971
13042948
0
13452109
0
13905873
14100181
158549
0
515386
670839
850204
992200
1185238
0
1531565
1703492
1889365
0
2219615
0
2574853
2749365
2912041
0
3271791
3415397
3586531
3740317
3926417
0
4264150
4422381
4603039
0
4939320
0
5286461
5450340
5622915
0
5983288
6130023
6308662
6452721
6637438
0
6980019
7145964
7319637
0
7647483
0
8013968
8187937
8348617
0
8700816
8861202
9028639
9166871
9365760
0
9705125
9873537
10055805
0
10385420
0
10754767
10907303
153560
0
503061
665941
858254
1012880
1187551
0
1529477
1699456
1868382
0
2226712
0
2576281
2723016
2910771
0
3267800
3422766
3600363
3746961
3928779
0
4268703
4428254
4612585
0
4945125
0
5286980
5452540
5616692
0
8698481
6127846
9028707
6457415
6627657
0
6964395
7131519
7333152
0
7658730
0
8009043
8164878
8344218
0
8698481
8850249
9028707
9174512
9357029
0
9692351
9858141
10042744
0
10385714
0
10732426
10893325
0
0
0
0
0
0
0
0
0
0
0
0
0
0
0
0
0
0
0
0
0
0
0
0
0
0
0
0
0
0
0
0
0
0
0
0
0
0
0
0
0
0
0
0
0
0
0
0
0
0
0
0
0
0
0
0
0
0
0
0
0
0
0
0
0
0
0
0
0
0
0
0
0
0
0
0
0
0
0
0
0
0
0
0
0
0
0
0
0
0
0
0
0
0
0
0
0
0
0
0
0
0
0
0
0
0
0
0
0
0
0
0
0
0
0
0
0
0
0
0
0
0
0
0
0
0
0
0
9295
0
1687
4748
2688
2843
9469
0
1468
4237
4911
0
8375
0
2575
2604
7908
0
3171
4611
3083
2935
6469
0
1680
5124
5169
0
6094
0
2125
2920
7736
0
2421
4331
2684
3459
7259
0
1917
4941
3566
0
7499
0
2557
3394
8225
0
2363
3522
3732
2830
8717
0
2607
5288
4263
0
7136
0
2571
2973
5589
0
2549
4615
3141
2123
4531
0
2067
6330
3159
0
3842
0
1728
2348
4936
0
2751
3707
3479
2829
3389
0
2712
7424
3694
0
6228
0
1674
1554
6835
0
2847
2857
4317
2447
4197
0
2014
4713
2571
0
5684
0
1865
1498
5939
0
1951
3358
4060
2606
4380
0
2089
5378
2713
0
4729
0
1927
1852
6169
0
3080
4336
3519
1973
5035
0
3691
9030
3664
0
5391
0
2225
2059
6032
0
3503
3173
3900
2175
5311
0
3331
8251
5634
0
6599
0
2638
1309
5901
0
3525
3164
2942
1822
5228
0
2313
6263
4131
0
5207
0
2924
2378
6596
0
3377
2868
3843
1652
4763
0
2938
6938
3842
0
5910
0
2641
2365
6605
0
2176
4865
2854
2540
2989
0
2046
7719
2420
0
5554
0
2468
1548
5940
0
2330
3141
3464
1972
3652
0
2618
7209
3436
0
5616
0
1881
2174
6602
0
2657
3786
3533
2443
5219
0
2090
6584
3107
0
5099
0
1890
2461
5959
0
1971
4013
3732
1974
5121
0
2366
5874
3431
0
5866
0
2138
2193
5974
0
2272
5453
3172
2120
4782
0
1593
6291
3452
0
6011
0
2799
1867
5663
0
1904
4987
3722
2695
4302
0
2243
6459
3282
0
5972
0
2437
2360
5907
0
1779
3872
3190
2081
4150
0
2551
7322
2975
0
5468
0
2814
1677
5590
0
1824
3111
4168
2216
4765
0
2280
5070
3775
0
6640
0
1511
2284
7428
0
1999
4771
3135
2291
5327
0
2337
4943
3181
0
5275
0
1532
2187
6356
0
1735
3622
3762
2568
4999
0
2055
4272
3635
0
6448
0
1761
2493
6444
0
2084
4407
3798
2457
4755
0
2419
5183
2814
0
5668
0
1566
2604
6255
0
1622
3889
3438
2754
3777
0
3229
4304
3096
0
6108
0
2570
2441
11679
0
1867
7629
3557
3329
9290
0
3190
4248
4955
0
9675
0
3077
2929
10000
0
2844
4939
3564
2731
10182
0
2748
4223
5458
0
9786
0
3207
3267
10601
0
4100
3665
3241
2769
8285
0
2899
5117
6314
0
11322
0
3860
3308
10166
0
3839
4919
3908
3090
8160
0
3586
4263
4309
0
12623
0
2224
3183
5184
0
2709
4140
3682
3165
4167
0
2431
5378
3409
0
5632
0
2285
2692
6599
0
3313
4408
3433
2607
4118
0
3279
7860
4171
0
6347
0
2359
1805
5935
0
2413
5010
3248
2957
4238
0
2851
7768
4525
0
5750
0
2722
2511
7722
0
2696
5261
3171
2645
4217
0
3004
5300
4158
0
4769
0
1551
2830
7951
0
2606
8603
3721
2907
6411
0
3407
11821
5946
0
8638
0
3973
2718
8500
0
4713
9012
3809
2472
6732
0
3624
8363
5054
0
9316
0
2999
2307
8774
0
3786
5259
5127
2126
6478
0
3100
11269
5532
0
8704
0
4708
2840
8270
0
5856
5454
4393
2939
6631
0
3887
9741
5384
0
9667
0
3236
2608
7856
0
1867
8251
5537
3071
7090
0
5230
9815
4683
0
8265
0
3008
2282
7856
0
2679
7253
4640
3436
6190
0
3314
5859
4426
0
8921
0
2067
2286
8961
0
2524
7149
5029
2830
5639
0
2583
8460
5272
0
8481
0
2962
3255
7517
0
3501
7299
4708
3069
5334
0
3434
9125
5736
0
8521
0
2899
3057
6547
0
2736
5463
3923
2443
5301
0
2621
6065
3235
0
6370
0
3202
1776
6712
0
3466
4234
4014
2615
5654
0
3502
5193
3645
0
6366
0
2833
2108
5145
0
3036
4981
3632
2104
5343
0
3045
3968
3367
0
7020
0
2701
1583
5931
0
2554
6348
4954
2620
5289
0
2531
5778
3980
0
7133
0
2498
1636
8126
0
2379
6597
4251
2788
6365
0
2085
7347
5287
0
8011
0
2979
2051
8770
0
3441
4610
4004
2369
5645
0
1811
6352
5303
0
7832
0
2682
1459
7485
0
2571
5958
4074
1841
6158
0
3527
6285
5254
0
7179
0
2318
2865
7486
0
2199
4253
4140
2526
4841
0
2964
6421
5390
0
7919
0
3192
3007
9889
0
3685
7841
4957
3703
7496
0
3996
6548
9219
0
9675
0
4320
4788
10252
0
4532
9962
4979
3698
7779
0
3879
8597
5806
0
10992
0
4834
3616
11001
0
3230
7048
5643
2514
7709
0
3679
7279
7616
0
11174
0
4081
3997
10063
0
4079
7944
5636
1868
7849
0
3335
8035
7010
0
8955
0
4762
3591
8078
0
4228
9884
4232
2937
6606
0
4125
9216
6253
0
8650
0
4345
3058
9544
0
4414
7737
5394
3289
6308
0
3179
4796
4310
0
8808
0
3326
2837
9603
0
3456
7985
5011
3284
8227
0
4943
8511
7501
0
7805
0
4001
4546
9309
0
3267
8548
5817
3388
5585
0
5894
8433
6949
0
10161
0
4769
3471
11894
0
3921
11200
4621
3011
5570
0
4666
8839
8649
0
9168
0
3125
3569
7548
0
2948
11688
4304
3701
6406
0
4514
8472
6401
0
9630
0
4677
3030
9216
0
3664
9356
6214
3478
9191
0
6216
10714
6608
0
10050
0
5535
3180
8816
0
3551
11001
4555
2907
7687
0
4680
7752
5296
0
10036
0
4515
3068
9791
0
3120
10071
5014
2710
8335
0
2820
8072
6002
0
9462
0
3346
2278
9730
0
2837
12810
760
3869
7281
0
3759
8679
6011
0
8375
0
4113
3014
10342
0
2791
10380
6086
3372
7737
0
3673
8527
4554
0
10868
0
4263
2767
9309
0
4295
9630
6949
2488
6959
0
4330
9488
5016
0
8953
0
4182
3549
8126
0
3214
11071
4186
1938
4851
0
4020
9217
4468
0
10406
0
3620
2357
10352
0
2972
7052
5917
2780
4038
0
3873
9502
5494
0
9859
0
3013
3200
8587
0
2997
7205
6280
3111
4427
0
5466
10697
6415
0
9275
0
2802
3354
9253
0
3590
7956
4689
3639
3370
0
5376
9349
4737
0
7834
0
2465
3648
9085
0
3084
7937
6056
3927
6488
0
3212
7351
3941
0
8773
0
4032
3651
9752
0
3276
9586
4362
3532
6043
0
2850
6487
3821
0
9029
0
3532
4587
10271
0
2626
9818
5217
2796
4930
0
2752
7882
4866
0
8933
0
3255
3825
7362
0
3049
9291
5882
3234
6187
0
3795
9951
4762
0
7990
0
6268
3603
0
0
0
0
0
0
0
0
0
0
0
0
0
0
0
0
0
0
0
0
0
0
0
0
0
0
0
0
0
0
0
0
0
0
0
0
0
0
0
0
0
0
0
0
0
0
0
0
0
0
0
0
0
0
0
0
0
0
0
0
0
0
0
0
0
0
0
0
0
0
0
0
0
0
0
0
0
0
0
0
0
0
0
0
0
0
0
0
0
0
0
0
0
0
0
0
0
0
0
0
0
0
0
0
0
0
0
0
0
0
0
0
0
0
0
0
0
0
0
0
0
0
0
0
0
0
0
0
0
0
0
0
0
0
0
0
0
0
0
0
0
0
0
0
0
0
0
0
0
0
0
0
0
0
0
0
0
0
0
0
0
0
0
0
0
0
0
0
0
0
0
0
0
0
0
0
0
0
0
0
0
0
0
0
0
0
0
0
0
0
0
0
0
0
0
0
0
0
0
0
0
0
0
0
0
0
0
0
0
0
0
0
0
0
0
0
0
0
0
0
0
0
0
0
0
0
0
0
0
0
0
0
0
0
0
0
0
0
0
0
0
0
0
0
0
0
0
0
0
0
0
0
0
0
0
0
0
0
0
0
0
0
0
0
0
0
0
0
0
0
0
0
0
0
0
0
0
0
0
0
0
0
0
0
0
0
0
0
0
0
0
0
0
0
0
0
0
0
0
0
0
0
0
0
0
0
0
0
0
0
0
0
0
0
0
0
0
0
0
0
0
0
0
0
0
0
0
0
0
0
0
0
0
0
0
0
0
0
0
0
0
0
0
0
0
0
0
0
0
0
0
0
0
0
0
0
0
0
0
0
0
0
0
0
0
0
0
0
0
0
0
0
0
0
0
0
0
0
0
0
0
0
0
0
10138
0
2304
5643
4543
3263
7496
0
3915
6408
4820
0
8210
0
2505
1791
8850
0
2067
5679
6787
2908
7001
0
2302
8777
5461
0
10002
0
1966
2415
7857
0
2870
5002
4617
2551
6831
0
2222
7186
4920
0
8246
0
2560
1671
8396
0
2347
4286
5268
2469
7537
0
1385
6842
4323
0
8058
0
3300
1948
8925
0
2317
9209
2713
2232
6782
0
4897
7146
4250
0
9242
0
2779
1871
10456
0
3388
9152
3448
3514
7814
0
2270
5669
5742
0
8052
0
6628
3281
10517
0
5012
6380
5739
5099
7645
0
2464
7356
6119
0
9663
0
3764
2259
9254
0
2423
5877
6950
3396
8615
0
2498
7007
4145
0
9440
0
3078
2175
12563
0
6262
9840
6490
4335
8030
0
12294
11214
7133
0
14335
0
7610
4413
13383
0
5899
10705
5894
5663
6183
0
12681
10987
7027
0
9136
0
5678
3510
10338
0
7390
9895
7814
5860
6193
0
8814
11089
7509
0
12958
0
4970
3770
8083
0
4709
8933
5516
5552
6854
0
10681
10636
6807
0
13881
0
3563
2620
0
0
0
0
0
0
0
0
0
0
0
0
0
0
0
0
0
0
0
0
0
0
0
0
0
0
0
0
0
0
0
0
0
0
0
0
0
0
0
0
0
0
0
0
0
0
0
0
0
0
0
0
0
0
0
0
0
0
0
0
0
0
0
0
7109
0
2329
6085
3007
3507
4883
0
1849
6587
4896
0
6942
0
3262
3305
9572
0
2002
4599
2220
3007
5775
0
1589
6656
4603
0
8230
0
2643
2632
7357
0
3374
4897
3826
3133
6567
0
5510
4066
5471
0
7569
0
2285
2075
7393
0
3969
3775
5747
3145
5659
0
3086
4973
6806
0
7778
0
2495
1740
6519
0
3178
3723
3485
3297
5104
0
3079
7629
3146
0
7752
0
2375
1842
7434
0
2955
3590
4089
2760
4909
0
1949
6973
3613
0
7100
0
1779
2852
8703
0
2694
4452
3679
2960
5699
0
2166
6823
3566
0
6615
0
3216
2154
6722
0
2793
3935
4527
2708
5406
0
2122
6224
3512
0
7679
0
2488
2262
10803
0
4417
7492
5575
3324
11546
0
5076
6616
5302
0
12809
0
5410
2961
10700
0
5375
7380
4762
4740
7995
0
5804
6314
6365
0
12620
0
4527
2567
12530
0
6470
11366
5817
3128
11712
0
6618
8535
6416
0
12886
0
4277
2378
10577
0
4416
9101
6212
4508
7703
0
7359
9776
7499
0
12901
0
6021
3876
11202
0
3506
10595
4591
4362
8685
0
2920
6882
3865
0
9891
0
3837
2455
11035
0
5240
5881
5527
4501
9461
0
3640
8024
5624
0
10403
0
5079
2648
10197
0
6492
6242
5905
4462
8632
0
4911
8252
5181
0
10757
0
3640
5676
10839
0
5974
7292
5110
4356
9561
0
3827
8874
6500
0
10838
0
5186
2237
9852
0
2571
9136
4478
4328
8097
0
3248
6133
6155
0
9924
0
4219
3183
9657
0
4939
6705
3806
4762
9146
0
4779
7561
5865
0
10683
0
4162
5225
10120
0
5657
6713
4383
5604
7971
0
3946
8037
6895
0
11569
0
3742
3052
9330
0
5696
8104
4244
5900
9552
0
3907
6943
6409
0
10499
0
4282
4354
13757
0
6441
9090
7158
5293
7548
0
4497
10387
4761
0
13689
0
4402
3607
11643
0
8209
9938
5286
3936
12304
0
4526
8824
6023
0
13419
0
4481
4978
12523
0
5553
6514
7970
5032
10840
0
4617
10249
5691
0
13959
0
3891
4477
12664
0
5751
10842
6470
5519
11898
0
5340
7207
5817
0
12566
0
6866
4655
0
0
0
0
0
0
0
0
0
0
0
0
0
0
0
0
0
0
0
0
0
0
0
0
0
0
0
0
0
0
0
0
0
0
0
0
0
0
0
0
0
0
0
0
0
0
0
0
0
0
0
0
0
0
0
0
0
0
0
0
0
0
0
0
0
0
0
0
0
0
0
0
0
0
0
0
0
0
0
0
0
0
0
0
0
0
0
0
0
0
0
0
0
0
0
0
0
0
0
0
0
0
0
0
0
0
0
0
0
0
0
0
0
0
0
0
0
0
0
0
0
0
0
0
0
0
0
0
8048
0
2219
9450
4246
2471
5945
0
1357
5540
3478
0
6718
0
3085
3106
9917
0
1840
10149
3718
3085
4991
0
2072
4646
3458
0
7134
0
2934
2609
9177
0
3063
5223
4215
3953
5254
0
2158
5345
2927
0
7157
0
1801
2542
6700
0
2383
6760
3423
3105
4412
0
3587
5132
2952
0
6372
0
2470
2835
6962
0
1896
6971
3777
2853
5286
0
2217
5849
3919
0
6939
0
2825
2294
6889
0
2448
8692
3325
2526
4744
0
1920
5707
3496
0
6166
0
2430
1792
6729
0
1826
6336
3917
3368
4016
0
2548
5680
3729
0
6291
0
2051
2539
5969
0
2964
6354
3955
3431
5112
0
3235
7060
4047
0
6272
0
1706
2829
6653
0
1748
4153
4175
3203
3849
0
3373
6189
3023
0
6291
0
1711
3345
6822
0
2713
6861
2813
2890
3608
0
4142
5218
3142
0
6970
0
4572
2741
7814
0
3546
5473
3704
4041
4484
0
3044
6145
4315
0
6164
0
3274
3373
6437
0
4180
6626
2646
3129
3562
0
3416
5957
2430
0
6638
0
2286
2784
7400
0
2708
5789
3818
3070
4956
0
3901
5269
3398
0
7290
0
2385
2053
7533
0
2787
7110
3058
2801
5133
0
4338
4852
3512
0
6996
0
2923
2917
7815
0
2695
5980
4183
4071
5365
0
2795
6031
4666
0
6961
0
3616
2563
6450
0
3380
5505
3912
4514
4971
0
3241
6306
3460
0
7544
0
3469
2923
6517
0
1517
6795
3475
3790
4030
0
2253
5470
3917
0
5859
0
2327
2668
6943
0
1771
7634
3246
3856
4764
0
3064
6109
3326
0
7444
0
2228
2887
8032
0
2120
8762
3258
3284
4147
0
2802
6877
3913
0
6138
0
2584
2467
7344
0
2408
6938
3811
3883
5065
0
2590
5886
3617
0
7208
0
2253
2862
8535
0
1449
8284
3180
2314
5818
0
2570
7851
4924
0
7844
0
2203
2641
7852
0
2953
4991
4845
3412
6176
0
3230
7494
4565
0
7834
0
2074
2867
7039
0
2295
8330
3400
2421
5423
0
2560
7137
4183
0
7241
0
2990
3388
8478
0
2506
7278
3895
4438
5685
0
3028
5435
3780
0
6427
0
2199
2793
10915
0
3863
11960
5548
2964
6545
0
3283
7114
4148
0
9526
0
4328
3215
11320
0
4818
10591
5402
4129
5970
0
4482
7043
4577
0
10282
0
3699
2643
10014
0
4068
9328
5594
4332
5696
0
5450
7119
4295
0
9168
0
3270
3946
10122
0
4577
9347
5585
3280
6424
0
4127
7771
4764
0
10641
0
3412
4641
9710
0
2401
9695
4022
4294
6778
0
2461
7360
5115
0
9082
0
3058
3439
7973
0
4261
9201
3647
3166
6111
0
3206
7105
4974
0
7873
0
4014
2692
8783
0
5017
8338
4539
3357
5995
0
3876
7344
4842
0
8679
0
2743
4357
9415
0
4550
10541
4026
3218
6944
0
2852
6916
5244
0
7738
0
3814
3373
9512
0
3327
6656
4314
3493
6905
0
3678
9090
4106
0
8715
0
3116
2785
8229
0
2741
9389
2783
2796
5744
0
4026
6664
3895
0
8726
0
2562
3439
8212
0
3175
8784
3509
3204
5687
0
4384
6410
4347
0
8231
0
3195
3346
7319
0
3818
7346
4139
4034
5486
0
3739
5776
3991
0
8838
0
3764
3501
7968
0
2194
7442
3256
2559
5201
0
4553
5836
4671
0
7632
0
2597
2946
7973
0
2559
7770
4080
3587
4517
0
4138
6199
4661
0
8437
0
3189
4189
9250
0
4053
7004
4030
3264
4773
0
3747
6144
4268
0
8118
0
3726
4473
7985
0
3520
8042
4687
4068
4992
0
3440
7856
5785
0
7553
0
3252
2744
7109
0
2088
8767
3231
3869
5257
0
2337
8592
3719
0
8724
0
2100
3935
8369
0
2930
9425
3533
3397
4765
0
3270
7015
4446
0
9564
0
2637
3101
6781
0
3743
8928
4470
4301
5629
0
2299
8581
5322
0
7122
0
4364
3080
9138
0
3801
7421
4883
4907
4592
0
3355
9120
4510
0
9640
0
3604
2539
9792
0
2527
7999
4235
4249
6795
0
4421
8089
5496
0
9751
0
3788
4529
8478
0
3613
8152
3620
4298
5848
0
3367
7923
5187
0
8482
0
3254
3378
8304
0
3691
8151
4454
3699
6755
0
4229
5809
3910
0
9389
0
3657
3912
9199
0
3399
9269
4701
4013
7220
0
2863
7288
4873
0
9005
0
3825
3414
12662
0
4067
12699
5569
4344
6192
0
2463
10847
5334
0
9756
0
5267
4760
12147
0
4342
10817
5867
5064
5977
0
5654
9629
5834
0
9738
0
4918
4790
12876
0
3713
10266
6509
4980
5971
0
3091
9480
5814
0
11291
0
4997
4586
11595
0
3754
10721
6125
3742
5381
0
5479
8086
4761
0
12352
0
5584
4419
12505
0
4226
11314
6075
4126
8395
0
3459
8821
6191
0
11520
0
3054
4078
11361
0
3530
10526
4335
5779
8402
0
3397
9838
6105
0
11140
0
4990
5292
9620
0
2723
13066
5385
3645
7060
0
2346
10449
7176
0
11115
0
3314
6164
9824
0
4813
11438
5883
3665
5733
0
3101
9119
6268
0
12457
0
5150
6335
8291
0
4635
13227
4203
4076
7233
0
2880
8388
4957
0
9595
0
4104
4051
10641
0
5417
8784
5662
4540
5814
0
3134
9210
5791
0
9643
0
4247
3567
10131
0
4820
9909
4177
4284
6459
0
3050
8746
5957
0
9581
0
4052
4128
8902
0
2715
10152
6410
5059
5808
0
3550
8776
4558
0
10931
0
3449
3008
8550
0
3516
11870
3528
5144
6057
0
3092
6996
5024
0
8902
0
4123
3347
8949
0
3388
8907
6105
4645
5322
0
4423
6694
6545
0
9614
0
4847
3846
8853
0
2690
9249
5424
4586
5804
0
3677
6684
4948
0
7777
0
3439
3263
9643
0
2839
10360
8007
5595
6413
0
4110
7356
5255
0
10321
0
5267
3530
8309
0
6641
10268
4160
4798
7671
0
2942
7633
5106
0
10032
0
4414
4132
10691
0
4428
6420
5874
5350
7088
0
3122
7440
5394
0
10779
0
4910
3350
10960
0
4887
10359
4110
4654
6834
0
3776
7835
5048
0
10505
0
5417
4513
9226
0
3217
8328
5677
5882
8471
0
3957
8736
5692
0
9040
0
5171
5304
10607
0
5177
12826
4214
4021
7400
0
4667
10004
6359
0
12567
0
3756
3972
12378
0
3630
10341
5960
2720
7296
0
3417
11597
7368
0
10640
0
4175
6641
11228
0
3627
11332
4927
6052
8292
0
3415
9799
6321
0
11879
0
6726
5293
9737
0
6275
10343
5173
5199
9520
0
3293
8859
9235
0
10359
0
5400
5465
0
0
0
0
0
0
0
0
0
0
0
0
0
0
0
0
0
0
0
0
0
0
0
0
0
0
0
0
0
0
0
0
0
0
0
0
0
0
0
0
0
0
0
0
0
0
0
0
0
0
0
0
0
0
0
0
0
0
0
0
0
0
0
0
0
0
0
0
0
0
0
0
0
0
0
0
0
0
0
0
0
0
0
0
0
0
0
0
0
0
0
0
0
0
0
0
0
0
0
0
0
0
0
0
0
0
0
0
0
0
0
0
0
0
0
0
0
0
0
0
0
0
0
0
0
0
0
0
0
0
0
0
0
0
0
0
0
0
0
0
0
0
0
0
0
0
0
0
0
0
0
0
0
0
0
0
0
0
0
0
0
0
0
0
0
0
0
0
0
0
0
0
0
0
0
0
0
0
0
0
0
0
0
0
0
0
0
0
0
0
0
0
0
0
0
0
0
0
0
0
0
0
0
0
0
0
0
0
0
0
0
0
0
0
0
0
0
0
0
0
0
0
0
0
0
0
0
0
0
0
0
0
0
0
0
0
0
0
0
0
0
0
0
0
0
0
0
0
0
0
0
0
0
0
0
0
0
0
0
0
0
0
0
0
0
0
0
0
0
0
0
0
0
0
0
0
0
0
0
0
0
0
0
0
0
0
0
0
0
0
0
0
0
0
0
0
0
0
0
0
0
0
0
0
0
0
0
0
0
0
0
0
0
0
0
0
0
0
0
0
0
0
0
0
0
0
0
0
0
0
0
0
0
0
0
0
0
0
0
0
0
0
0
0
0
0
0
0
0
0
0
0
0
0
0
0
0
0
0
0
0
0
0
0
0
0
0
0
0
0
0
0
0
0
0
0
0
0
0
0
0
0
0
0
5856
0
2391
6786
4533
4456
5085
0
3555
5083
3854
0
7986
0
3146
2966
7303
0
3020
5251
3816
5177
5388
0
3873
5317
3718
0
7382
0
2761
2541
7947
0
3025
8354
3833
5112
5457
0
3261
5523
3707
0
7633
0
3451
3857
6439
0
1610
7350
4548
3886
7069
0
3072
6113
3905
0
7909
0
2907
3340
9492
0
3223
9458
3681
5085
7325
0
3280
6847
4573
0
9233
0
3578
3131
9886
0
2842
9115
4591
3556
6968
0
4377
7070
5278
0
8205
0
4447
4292
8936
0
4389
8392
4093
4947
7463
0
4991
7092
4876
0
10103
0
3880
4650
8920
0
3153
10173
4779
3896
6624
0
3994
6068
4714
0
8803
0
3394
3708
9983
0
4160
9742
4280
4052
7713
0
3859
11212
5851
0
8896
0
5161
4899
8640
0
3186
11226
3799
4279
7624
0
3732
10826
5883
0
9920
0
4923
4801
9261
0
4176
10723
4575
4453
8429
0
3106
10737
5528
0
8832
0
3552
5089
9262
0
3146
8716
4226
4111
7887
0
3600
10224
5299
0
9925
0
3655
4581
0
0
0
0
0
0
0
0
0
0
0
0
0
0
0
0
0
0
0
0
0
0
0
0
0
0
0
0
0
0
0
0
0
0
0
0
0
0
0
0
0
0
0
0
0
0
0
0
0
0
0
0
0
0
0
0
0
0
0
0
0
0
0
0
6663
0
1182
4763
3370
3778
5063
0
3409
5686
3817
0
7480
0
2799
2232
7577
0
2454
5287
3885
3481
5034
0
2977
5518
3838
0
7124
0
3562
2451
6759
0
3517
6004
3825
3153
4746
0
3400
4938
3302
0
6587
0
1947
2421
6590
0
2791
5103
3507
3625
4311
0
3311
4420
4050
0
7024
0
3001
2494
6077
0
1390
4898
3229
2483
4917
0
2187
3701
3006
0
5202
0
2125
2646
5963
0
1768
5377
3035
2591
4296
0
2176
3236
2643
0
5312
0
3730
2663
6664
0
1843
5500
3734
2799
4455
0
2138
4669
2883
0
5747
0
2021
2672
5758
0
2283
6108
4271
2818
4579
0
2331
4807
3293
0
5230
0
1827
2607
7863
0
2673
7459
3614
4298
4672
0
3271
5740
4346
0
7543
0
3223
2608
9235
0
3742
7490
3934
3562
5712
0
2763
6153
4161
0
7971
0
3685
3745
8352
0
2627
5652
4467
3943
6071
0
2871
6425
4925
0
7719
0
2828
3581
9025
0
2864
7753
4205
4358
6683
0
3244
5893
3701
0
8042
0
3914
3730
7671
0
1583
6775
3707
2507
5867
0
3047
4679
3451
0
7169
0
2082
2419
5579
0
1391
7810
3554
2840
4832
0
2306
5685
2324
0
7987
0
1924
3298
6874
0
2204
6495
4256
3059
5608
0
2323
5903
3890
0
6635
0
2380
2746
7786
0
1929
6666
3875
3015
5321
0
2811
5059
2759
0
8610
0
2254
2836
10248
0
2579
9073
5512
4410
7326
0
5391
7046
4995
0
9098
0
3137
3622
9571
0
2366
8522
4991
4408
6136
0
3651
7545
4875
0
8998
0
2313
4060
8780
0
1951
8076
5663
5236
6843
0
3557
6552
5324
0
8969
0
4130
4057
9660
0
2611
6712
5403
4517
7862
0
4603
7283
5680
0
9733
0
3590
4636
9176
0
2140
9860
3628
3843
5770
0
3712
5214
3335
0
7141
0
2496
4415
7454
0
2876
8068
4080
3976
4168
0
2920
6758
4473
0
7940
0
3984
3299
6762
0
3695
7834
4841
4472
5616
0
1618
6306
3698
0
9425
0
2670
4133
9512
0
4604
7356
4559
3221
6835
0
3893
8147
4616
0
9154
0
3324
4341
0
0
0
0
0
0
0
0
0
0
0
0
0
0
0
0
0
0
0
0
0
0
0
0
0
0
0
0
0
0
0
0
0
0
0
0
0
0
0
0
0
0
0
0
0
0
0
0
0
0
0
0
0
0
0
0
0
0
0
0
0
0
0
0
0
0
0
0
0
0
0
0
0
0
0
0
0
0
0
0
0
0
0
0
0
0
0
0
0
0
0
0
0
0
0
0
0
0
0
0
0
0
0
0
0
0
0
0
0
0
0
0
0
0
0
0
0
0
0
0
0
0
0
0
0
0
0
0
0
0
-16
0
0
0
0
0
-7
0
0
0
-13
0
0
0
0
0
-16
0
0
0
0
0
-7
0
0
0
-13
0
0
0
