%pattern_data
10
0
18
4
4
4
0
0
0
1
1
1
0
0
0
0
0
0
0
0
0
0
1
16
94
0
0
52
68
88
0
0
0
960
-5657
0
0
-8
-8
0
-1
0
0
0
1
0
0
0
-1
0
0
0
-101
0
0
0
-1
0
0
0
1
0
0
0
-1
0
0
0
-101
0
0
0
-1
0
0
0
1
0
0
0
-1
0
0
0
-101
0
0
0
-1
0
0
0
1
0
0
0
-1
0
0
0
-101
0
0
0
0
3
248
0
0
0
3
0
0
3
268
0
273
0
3
0
0
3
0
0
0
0
3
0
0
3
0
0
278
0
3
0
292200
0
0
0
1444649
0
0
0
2578299
0
0
0
0
0
0
0
4914943
0
0
0
6074422
0
0
0
7202630
0
0
0
0
0
0
0
9522834
0
0
0
10691973
0
0
0
11817528
0
0
0
0
0
0
0
14120522
0
0
0
15266780
0
0
0
16420522
0
0
0
0
0
0
0
295442
0
0
0
1440023
0
0
0
2594830
0
0
0
0
0
0
0
4872653
0
0
0
6045147
0
0
0
7210635
0
0
0
0
0
0
0
9512449
0
0
0
10687098
0
0
0
11829501
0
0
0
0
0
0
0
14123923
0
0
0
15288685
0
0
0
16436122
0
0
0
0
0
0
0
262744
0
0
0
1400612
0
0
0
2576417
0
0
0
0
0
0
0
4876916
0
0
0
6026508
0
0
0
7196531
0
0
0
0
0
0
0
9499751
0
0
0
10665986
0
0
0
11797664
0
0
0
0
0
0
0
14126893
0
0
0
15303651
0
0
0
16445238
0
0
0
0
0
0
0
262109
0
0
0
1429138
0
0
0
2587596
0
0
0
0
0
0
0
4914762
0
0
0
6069819
0
0
0
7186689
0
0
0
0
0
0
0
9498617
0
0
0
10672290
0
0
0
11826145
0
0
0
0
0
0
0
14119002
0
0
0
15302676
0
0
0
16442925
0
0
0
0
0
0
0
285918
0
0
0
1437891
0
0
0
2564444
0
0
0
0
0
0
0
4934762
0
0
0
6073243
0
0
0
7168277
0
0
0
0
0
0
0
9517755
0
0
0
10663696
0
0
0
11789637
0
0
0
0
0
0
0
14167891
0
0
0
15294785
0
0
0
16426848
0
0
0
0
0
0
0
307370
0
0
0
1447755
0
0
0
2607234
0
0
0
0
0
0
0
4896327
0
0
0
6045351
0
0
0
7204717
0
0
0
0
0
0
0
9506304
0
0
0
10671497
0
0
0
11831270
0
0
0
0
0
0
0
14108844
0
0
0
15315692
0
0
0
16434150
0
0
0
0
0
0
0
215850
0
0
0
1106032
0
0
0
1988390
0
0
0
0
0
0
0
3756077
0
0
0
4630136
0
0
0
5525329
0
0
0
0
0
0
0
7272902
0
0
0
8155261
0
0
0
9039955
0
0
0
0
0
0
0
10826508
0
0
0
11693084
0
0
0
12552744
0
0
0
0
0
0
0
252018
0
0
0
1094218
0
0
0
1977732
0
0
0
0
0
0
0
3740522
0
0
0
4586553
0
0
0
5493741
0
0
0
0
0
0
0
7262268
0
0
0
8122449
0
0
0
8999592
0
0
0
0
0
0
0
10818957
0
0
0
11688639
0
0
0
12572517
0
0
0
0
0
0
0
195624
0
0
0
1062109
0
0
0
1959456
0
0
0
0
0
0
0
3741066
0
0
0
4631927
0
0
0
5520204
0
0
0
0
0
0
0
7268662
0
0
0
8158118
0
0
0
9063741
0
0
0
0
0
0
0
10799478
0
0
0
11678299
0
0
0
12588889
0
0
0
0
0
0
0
219229
0
0
0
1109388
0
0
0
2002971
0
0
0
0
0
0
0
3726531
0
0
0
4618957
0
0
0
5542948
0
0
0
0
0
0
0
7265578
0
0
0
8151769
0
0
0
9053447
0
0
0
0
0
0
0
10811859
0
0
0
11693515
0
0
0
12578299
0
0
0
0
0
0
0
235125
0
0
0
1096508
0
0
0
2009909
0
0
0
0
0
0
0
3767120
0
0
0
4623243
0
0
0
5519410
0
0
0
0
0
0
0
7286803
0
0
0
8134909
0
0
0
9029365
0
0
0
0
0
0
0
10808254
0
0
0
11692744
0
0
0
12579796
0
0
0
0
0
0
0
224195
0
0
0
1102971
0
0
0
1997279
0
0
0
0
0
0
0
3762245
0
0
0
4631088
0
0
0
5509342
0
0
0
0
0
0
0
7272358
0
0
0
8156780
0
0
0
9062766
0
0
0
0
0
0
0
10831633
0
0
0
11692698
0
0
0
12549887
0
0
0
0
0
0
0
157506
0
0
0
842018
0
0
0
1517732
0
0
0
0
0
0
0
2904649
0
0
0
3601179
0
0
0
4266803
0
0
0
0
0
0
0
5618821
0
0
0
6293016
0
0
0
6983152
0
0
0
0
0
0
0
8349320
0
0
0
9020181
0
0
0
9716712
0
0
0
0
0
0
0
175170
0
0
0
854580
0
0
0
1537619
0
0
0
0
0
0
0
2900454
0
0
0
3572744
0
0
0
4258095
0
0
0
0
0
0
0
5620272
0
0
0
6311338
0
0
0
6987347
0
0
0
0
0
0
0
8345283
0
0
0
9015420
0
0
0
9701134
0
0
0
0
0
0
0
178526
0
0
0
864422
0
0
0
1551429
0
0
0
0
0
0
0
2910476
0
0
0
3592971
0
0
0
4248435
0
0
0
0
0
0
0
5607506
0
0
0
6278322
0
0
0
6984603
0
0
0
0
0
0
0
8324850
0
0
0
9010649
0
0
0
9727075
0
0
0
0
0
0
0
146599
0
0
0
853039
0
0
0
1521837
0
0
0
0
0
0
0
2902916
0
0
0
3590000
0
0
0
4273515
0
0
0
0
0
0
0
5608889
0
0
0
6294036
0
0
0
6980023
0
0
0
0
0
0
0
8350680
0
0
0
9025782
0
0
0
9713039
0
0
0
0
0
0
0
164422
0
0
0
856916
0
0
0
1558163
0
0
0
0
0
0
0
2912925
0
0
0
3592063
0
0
0
4259116
0
0
0
0
0
0
0
5641542
0
0
0
6320272
0
0
0
6994195
0
0
0
0
0
0
0
8347256
0
0
0
9025057
0
0
0
9714150
0
0
0
0
0
0
0
168730
0
0
0
860227
0
0
0
1545805
0
0
0
0
0
0
0
2901542
0
0
0
3580181
0
0
0
4272812
0
0
0
0
0
0
0
5616259
0
0
0
6291565
0
0
0
6972925
0
0
0
0
0
0
0
8339070
0
0
0
9022063
0
0
0
9727823
0
0
0
0
0
0
0
0
0
0
0
0
0
0
0
0
0
0
0
0
0
0
0
0
0
0
0
0
0
0
0
0
0
0
0
0
0
0
0
0
0
0
0
0
0
0
0
0
0
0
0
0
0
0
0
0
0
0
0
0
0
0
0
0
0
0
0
0
0
0
0
0
0
0
0
0
0
0
0
0
0
0
0
0
0
0
0
0
0
0
0
0
0
0
0
0
0
0
0
0
0
0
0
0
0
0
0
0
0
0
0
0
0
0
0
0
0
0
0
0
0
0
0
0
0
0
0
0
0
0
0
0
0
0
0
0
0
0
0
0
0
0
0
0
0
0
0
0
0
0
0
0
0
0
0
0
0
0
0
0
0
0
0
0
0
0
0
0
0
0
0
0
0
0
0
0
0
0
0
0
0
0
0
0
0
0
0
0
0
0
0
0
0
0
0
0
0
0
0
0
0
0
0
0
0
0
0
0
0
0
0
0
0
0
0
0
0
0
0
0
0
0
0
0
0
0
0
0
0
0
0
0
0
0
0
0
0
0
0
0
0
0
0
0
0
0
0
0
0
0
0
0
0
0
0
0
0
0
0
0
0
0
0
0
0
0
0
0
0
0
0
0
0
0
0
0
0
0
0
0
0
0
0
0
0
0
0
0
0
0
0
0
0
0
0
0
0
0
0
0
0
0
0
0
0
0
0
0
0
0
0
0
0
0
0
0
0
0
0
0
0
0
0
0
0
0
0
0
0
0
0
0
0
0
0
0
0
0
0
0
0
0
0
0
0
0
0
0
0
0
0
0
0
0
0
0
0
0
0
0
0
0
0
0
0
0
0
0
0
0
0
0
0
0
0
0
0
0
0
0
0
0
0
0
0
0
0
0
0
0
0
266667
0
0
0
1447687
0
0
0
2589093
0
0
0
0
0
0
0
4882948
0
0
0
6037483
0
0
0
7211950
0
0
0
0
0
0
0
9490884
0
0
0
10663039
0
0
0
11824399
0
0
0
0
0
0
0
14117166
0
0
0
15255714
0
0
0
16426939
0
0
0
0
0
0
0
206757
0
0
0
1097211
0
0
0
1993764
0
0
0
0
0
0
0
3732472
0
0
0
4601519
0
0
0
5515624
0
0
0
0
0
0
0
7270000
0
0
0
8165760
0
0
0
9053696
0
0
0
0
0
0
0
10800340
0
0
0
11650249
0
0
0
12568254
0
0
0
0
0
0
0
164376
0
0
0
866780
0
0
0
1539796
0
0
0
0
0
0
0
2874059
0
0
0
3562449
0
0
0
4246463
0
0
0
0
0
0
0
5629887
0
0
0
6324649
0
0
0
6996054
0
0
0
0
0
0
0
8346304
0
0
0
9020998
0
0
0
9721179
0
0
0
0
0
0
0
0
0
0
0
0
0
0
0
0
0
0
0
0
0
0
0
0
0
0
0
0
0
0
0
0
0
0
0
0
0
0
0
0
0
0
0
0
0
0
0
0
0
0
0
0
0
0
0
0
0
0
0
0
0
0
0
0
0
0
0
0
0
0
0
259796
0
0
0
1425034
0
0
0
2599093
0
0
0
0
0
0
0
4872426
0
0
0
6041429
0
0
0
7202290
0
0
0
0
0
0
0
9501905
0
0
0
10648980
0
0
0
11819025
0
0
0
0
0
0
0
14113333
0
0
0
15257347
0
0
0
16419501
0
0
0
0
0
0
0
268481
0
0
0
1426372
0
0
0
2572086
0
0
0
0
0
0
0
4888186
0
0
0
6021315
0
0
0
7193810
0
0
0
0
0
0
0
9512358
0
0
0
10609342
0
0
0
11818685
0
0
0
0
0
0
0
14136168
0
0
0
15285034
0
0
0
16403424
0
0
0
0
0
0
0
229002
0
0
0
1094785
0
0
0
1973447
0
0
0
0
0
0
0
3730907
0
0
0
4620794
0
0
0
5509002
0
0
0
0
0
0
0
7272313
0
0
0
8149660
0
0
0
9049501
0
0
0
0
0
0
0
10793764
0
0
0
11681882
0
0
0
12582562
0
0
0
0
0
0
0
225488
0
0
0
1113129
0
0
0
1994014
0
0
0
0
0
0
0
3728866
0
0
0
4605669
0
0
0
5511769
0
0
0
0
0
0
0
7269501
0
0
0
8158662
0
0
0
9023447
0
0
0
0
0
0
0
10803311
0
0
0
11716236
0
0
0
12573583
0
0
0
0
0
0
0
166531
0
0
0
846145
0
0
0
1535057
0
0
0
0
0
0
0
2904875
0
0
0
3569569
0
0
0
4253605
0
0
0
0
0
0
0
5630227
0
0
0
6296961
0
0
0
6989887
0
0
0
0
0
0
0
8367732
0
0
0
9038798
0
0
0
9727007
0
0
0
0
0
0
0
162880
0
0
0
847392
0
0
0
1527891
0
0
0
0
0
0
0
2885624
0
0
0
3591542
0
0
0
4267664
0
0
0
0
0
0
0
5609025
0
0
0
6302063
0
0
0
6994830
0
0
0
0
0
0
0
8334240
0
0
0
9010590
0
0
0
9703583
0
0
0
0
0
0
0
0
0
0
0
0
0
0
0
0
0
0
0
0
0
0
0
0
0
0
0
0
0
0
0
0
0
0
0
0
0
0
0
0
0
0
0
0
0
0
0
0
0
0
0
0
0
0
0
0
0
0
0
0
0
0
0
0
0
0
0
0
0
0
0
0
0
0
0
0
0
0
0
0
0
0
0
0
0
0
0
0
0
0
0
0
0
0
0
0
0
0
0
0
0
0
0
0
0
0
0
0
0
0
0
0
0
0
0
0
0
0
0
0
0
0
0
0
0
0
0
0
0
0
0
0
0
0
0
248390
0
0
0
1435986
0
0
0
2601088
0
0
0
0
0
0
0
4901406
0
0
0
6035986
0
0
0
7208889
0
0
0
0
0
0
0
9508481
0
0
0
10657143
0
0
0
11843696
0
0
0
0
0
0
0
14098209
0
0
0
15273129
0
0
0
16425873
0
0
0
0
0
0
0
272426
0
0
0
1446100
0
0
0
2582834
0
0
0
0
0
0
0
4905283
0
0
0
6037710
0
0
0
7211723
0
0
0
0
0
0
0
9510136
0
0
0
10643197
0
0
0
11806190
0
0
0
0
0
0
0
14118186
0
0
0
15302222
0
0
0
16435964
0
0
0
0
0
0
0
292902
0
0
0
1449864
0
0
0
2597052
0
0
0
0
0
0
0
4906712
0
0
0
6033379
0
0
0
7208231
0
0
0
0
0
0
0
9509048
0
0
0
10667098
0
0
0
11832517
0
0
0
0
0
0
0
14140295
0
0
0
15267052
0
0
0
16451156
0
0
0
0
0
0
0
290748
0
0
0
1430771
0
0
0
2587778
0
0
0
0
0
0
0
4890249
0
0
0
6037755
0
0
0
7204921
0
0
0
0
0
0
0
9502766
0
0
0
10667664
0
0
0
11834127
0
0
0
0
0
0
0
14112837
0
0
0
15266122
0
0
0
16450748
0
0
0
0
0
0
0
258866
0
0
0
1424127
0
0
0
2587574
0
0
0
0
0
0
0
4890091
0
0
0
6022381
0
0
0
7217347
0
0
0
0
0
0
0
9498322
0
0
0
10638776
0
0
0
11802630
0
0
0
0
0
0
0
14149501
0
0
0
15296903
0
0
0
16446621
0
0
0
0
0
0
0
254218
0
0
0
1439841
0
0
0
2600431
0
0
0
0
0
0
0
4879433
0
0
0
6033175
0
0
0
7218005
0
0
0
0
0
0
0
9498277
0
0
0
10669977
0
0
0
11823787
0
0
0
0
0
0
0
14117415
0
0
0
15293628
0
0
0
16453492
0
0
0
0
0
0
0
219751
0
0
0
1107551
0
0
0
1986440
0
0
0
0
0
0
0
3750363
0
0
0
4633651
0
0
0
5502857
0
0
0
0
0
0
0
7302812
0
0
0
8172562
0
0
0
9036054
0
0
0
0
0
0
0
10804875
0
0
0
11691497
0
0
0
12564127
0
0
0
0
0
0
0
238005
0
0
0
1085601
0
0
0
1991020
0
0
0
0
0
0
0
3745374
0
0
0
4622993
0
0
0
5514195
0
0
0
0
0
0
0
7269887
0
0
0
8141655
0
0
0
9013651
0
0
0
0
0
0
0
10816151
0
0
0
11682245
0
0
0
12538594
0
0
0
0
0
0
0
211678
0
0
0
1094104
0
0
0
1973447
0
0
0
0
0
0
0
3759433
0
0
0
4632971
0
0
0
5497029
0
0
0
0
0
0
0
7272254
0
0
0
8166440
0
0
0
9018980
0
0
0
0
0
0
0
10815283
0
0
0
11694603
0
0
0
12566463
0
0
0
0
0
0
0
192902
0
0
0
1096100
0
0
0
1978821
0
0
0
0
0
0
0
3772200
0
0
0
4629977
0
0
0
5518231
0
0
0
0
0
0
0
7272125
0
0
0
8136440
0
0
0
9032041
0
0
0
0
0
0
0
10832404
0
0
0
11704785
0
0
0
12562698
0
0
0
0
0
0
0
226145
0
0
0
1114422
0
0
0
1999683
0
0
0
0
0
0
0
3772494
0
0
0
4647642
0
0
0
5513810
0
0
0
0
0
0
0
7284308
0
0
0
8142222
0
0
0
9033968
0
0
0
0
0
0
0
10814694
0
0
0
11682993
0
0
0
12577574
0
0
0
0
0
0
0
219501
0
0
0
1089932
0
0
0
2007710
0
0
0
0
0
0
0
3742540
0
0
0
4614195
0
0
0
5506327
0
0
0
0
0
0
0
7274603
0
0
0
8164036
0
0
0
9042517
0
0
0
0
0
0
0
10814422
0
0
0
11689887
0
0
0
12585556
0
0
0
0
0
0
0
156939
0
0
0
830522
0
0
0
1524104
0
0
0
0
0
0
0
2884490
0
0
0
3566508
0
0
0
4267528
0
0
0
0
0
0
0
5634036
0
0
0
6330499
0
0
0
7000816
0
0
0
0
0
0
0
8345782
0
0
0
9007755
0
0
0
9697982
0
0
0
0
0
0
0
163537
0
0
0
850227
0
0
0
1534399
0
0
0
0
0
0
0
2898526
0
0
0
3568322
0
0
0
4254943
0
0
0
0
0
0
0
5618118
0
0
0
6290635
0
0
0
6986780
0
0
0
0
0
0
0
8346302
0
0
0
9018141
0
0
0
9716077
0
0
0
0
0
0
0
184694
0
0
0
867324
0
0
0
1551837
0
0
0
0
0
0
0
2886621
0
0
0
3551610
0
0
0
4263560
0
0
0
0
0
0
0
5635782
0
0
0
6312472
0
0
0
6992857
0
0
0
0
0
0
0
8328118
0
0
0
9000340
0
0
0
9702200
0
0
0
0
0
0
0
158367
0
0
0
826168
0
0
0
1537302
0
0
0
0
0
0
0
2888367
0
0
0
3563605
0
0
0
4269977
0
0
0
0
0
0
0
5635034
0
0
0
6308912
0
0
0
6989410
0
0
0
0
0
0
0
8340136
0
0
0
9018322
0
0
0
9708866
0
0
0
0
0
0
0
172426
0
0
0
853061
0
0
0
1542925
0
0
0
0
0
0
0
2897324
0
0
0
3567256
0
0
0
4256621
0
0
0
0
0
0
0
5625057
0
0
0
6301723
0
0
0
6993991
0
0
0
0
0
0
0
8355465
0
0
0
9007800
0
0
0
9718050
0
0
0
0
0
0
0
186440
0
0
0
854036
0
0
0
1546735
0
0
0
0
0
0
0
2902245
0
0
0
3573673
0
0
0
4264717
0
0
0
0
0
0
0
5592766
0
0
0
6259796
0
0
0
6989546
0
0
0
0
0
0
0
8345624
0
0
0
9036803
0
0
0
9725714
0
0
0
0
0
0
0
0
0
0
0
0
0
0
0
0
0
0
0
0
0
0
0
0
0
0
0
0
0
0
0
0
0
0
0
0
0
0
0
0
0
0
0
0
0
0
0
0
0
0
0
0
0
0
0
0
0
0
0
0
0
0
0
0
0
0
0
0
0
0
0
0
0
0
0
0
0
0
0
0
0
0
0
0
0
0
0
0
0
0
0
0
0
0
0
0
0
0
0
0
0
0
0
0
0
0
0
0
0
0
0
0
0
0
0
0
0
0
0
0
0
0
0
0
0
0
0
0
0
0
0
0
0
0
0
0
0
0
0
0
0
0
0
0
0
0
0
0
0
0
0
0
0
0
0
0
0
0
0
0
0
0
0
0
0
0
0
0
0
0
0
0
0
0
0
0
0
0
0
0
0
0
0
0
0
0
0
0
0
0
0
0
0
0
0
0
0
0
0
0
0
0
0
0
0
0
0
0
0
0
0
0
0
0
0
0
0
0
0
0
0
0
0
0
0
0
0
0
0
0
0
0
0
0
0
0
0
0
0
0
0
0
0
0
0
0
0
0
0
0
0
0
0
0
0
0
0
0
0
0
0
0
0
0
0
0
0
0
0
0
0
0
0
0
0
0
0
0
0
0
0
0
0
0
0
0
0
0
0
0
0
0
0
0
0
0
0
0
0
0
0
0
0
0
0
0
0
0
0
0
0
0
0
0
0
0
0
0
0
0
0
0
0
0
0
0
0
0
0
0
0
0
0
0
0
0
0
0
0
0
0
0
0
0
0
0
0
0
0
0
0
0
0
0
0
0
0
0
0
0
0
0
0
0
0
0
0
0
0
0
0
0
0
0
0
0
0
0
0
0
0
0
0
0
0
0
0
0
0
0
0
301769
0
0
0
1414558
0
0
0
2586553
0
0
0
0
0
0
0
4877120
0
0
0
6012290
0
0
0
7202109
0
0
0
0
0
0
0
9506576
0
0
0
10649932
0
0
0
11801088
0
0
0
0
0
0
0
14101156
0
0
0
15274308
0
0
0
16425442
0
0
0
0
0
0
0
225646
0
0
0
1120816
0
0
0
1994966
0
0
0
0
0
0
0
3750023
0
0
0
4621543
0
0
0
5535374
0
0
0
0
0
0
0
7264082
0
0
0
8147166
0
0
0
9029728
0
0
0
0
0
0
0
10842993
0
0
0
11699388
0
0
0
12568390
0
0
0
0
0
0
0
149252
0
0
0
814558
0
0
0
1523039
0
0
0
0
0
0
0
2894943
0
0
0
3568413
0
0
0
4257528
0
0
0
0
0
0
0
5613878
0
0
0
6286871
0
0
0
6967234
0
0
0
0
0
0
0
8331633
0
0
0
9024467
0
0
0
9693447
0
0
0
0
0
0
0
0
0
0
0
0
0
0
0
0
0
0
0
0
0
0
0
0
0
0
0
0
0
0
0
0
0
0
0
0
0
0
0
0
0
0
0
0
0
0
0
0
0
0
0
0
0
0
0
0
0
0
0
0
0
0
0
0
0
0
0
0
0
0
0
274422
0
0
0
1421995
0
0
0
2582336
0
0
0
0
0
0
0
4895896
0
0
0
6044172
0
0
0
7212313
0
0
0
0
0
0
0
9502063
0
0
0
10661474
0
0
0
11836168
0
0
0
0
0
0
0
14116644
0
0
0
15290023
0
0
0
16457415
0
0
0
0
0
0
0
285261
0
0
0
1435601
0
0
0
2596054
0
0
0
0
0
0
0
4896349
0
0
0
6038776
0
0
0
7166236
0
0
0
0
0
0
0
9511995
0
0
0
10674966
0
0
0
11830023
0
0
0
0
0
0
0
14129105
0
0
0
15241814
0
0
0
16417755
0
0
0
0
0
0
0
206984
0
0
0
1119637
0
0
0
1995556
0
0
0
0
0
0
0
3759569
0
0
0
4638503
0
0
0
5518450
0
0
0
0
0
0
0
7296961
0
0
0
8146893
0
0
0
9019501
0
0
0
0
0
0
0
10813107
0
0
0
11663719
0
0
0
12555329
0
0
0
0
0
0
0
232721
0
0
0
1103878
0
0
0
1987188
0
0
0
0
0
0
0
3758866
0
0
0
4618481
0
0
0
5497823
0
0
0
0
0
0
0
7267642
0
0
0
8144036
0
0
0
9026122
0
0
0
0
0
0
0
10800544
0
0
0
11662200
0
0
0
12569660
0
0
0
0
0
0
0
183152
0
0
0
851179
0
0
0
1539297
0
0
0
0
0
0
0
2912132
0
0
0
3586122
0
0
0
4243288
0
0
0
0
0
0
0
5601746
0
0
0
6285918
0
0
0
6986372
0
0
0
0
0
0
0
8342041
0
0
0
8999592
0
0
0
9705306
0
0
0
0
0
0
0
147687
0
0
0
827075
0
0
0
1554512
0
0
0
0
0
0
0
2898458
0
0
0
3572358
0
0
0
4258639
0
0
0
0
0
0
0
5629683
0
0
0
6296735
0
0
0
6980975
0
0
0
0
0
0
0
8335578
0
0
0
9010159
0
0
0
9716939
0
0
0
0
0
0
0
0
0
0
0
0
0
0
0
0
0
0
0
0
0
0
0
0
0
0
0
0
0
0
0
0
0
0
0
0
0
0
0
0
0
0
0
0
0
0
0
0
0
0
0
0
0
0
0
0
0
0
0
0
0
0
0
0
0
0
0
0
0
0
0
0
0
0
0
0
0
0
0
0
0
0
0
0
0
0
0
0
0
0
0
0
0
0
0
0
0
0
0
0
0
0
0
0
0
0
0
0
0
0
0
0
0
0
0
0
0
0
0
0
0
0
0
0
0
0
0
0
0
0
0
0
0
0
0
4679
0
0
0
3606
0
0
0
4761
0
0
0
0
0
0
0
3709
0
0
0
3692
0
0
0
5915
0
0
0
0
0
0
0
4542
0
0
0
3625
0
0
0
3546
0
0
0
0
0
0
0
4332
0
0
0
2630
0
0
0
4613
0
0
0
0
0
0
0
4518
0
0
0
2579
0
0
0
6168
0
0
0
0
0
0
0
5387
0
0
0
2671
0
0
0
5059
0
0
0
0
0
0
0
6071
0
0
0
3492
0
0
0
6469
0
0
0
0
0
0
0
5463
0
0
0
2760
0
0
0
6295
0
0
0
0
0
0
0
3894
0
0
0
2903
0
0
0
4983
0
0
0
0
0
0
0
4395
0
0
0
2721
0
0
0
3883
0
0
0
0
0
0
0
3548
0
0
0
2674
0
0
0
3593
0
0
0
0
0
0
0
3874
0
0
0
2306
0
0
0
4460
0
0
0
0
0
0
0
4282
0
0
0
2306
0
0
0
4723
0
0
0
0
0
0
0
4028
0
0
0
1994
0
0
0
4526
0
0
0
0
0
0
0
3932
0
0
0
1998
0
0
0
4396
0
0
0
0
0
0
0
4562
0
0
0
2986
0
0
0
4278
0
0
0
0
0
0
0
4422
0
0
0
3460
0
0
0
4199
0
0
0
0
0
0
0
4255
0
0
0
2745
0
0
0
4339
0
0
0
0
0
0
0
4105
0
0
0
2652
0
0
0
4890
0
0
0
0
0
0
0
4077
0
0
0
2739
0
0
0
4710
0
0
0
0
0
0
0
4098
0
0
0
3093
0
0
0
4302
0
0
0
0
0
0
0
3972
0
0
0
2098
0
0
0
4314
0
0
0
0
0
0
0
3742
0
0
0
2644
0
0
0
4593
0
0
0
0
0
0
0
4130
0
0
0
2716
0
0
0
3811
0
0
0
0
0
0
0
5039
0
0
0
3519
0
0
0
5972
0
0
0
0
0
0
0
4747
0
0
0
3302
0
0
0
5557
0
0
0
0
0
0
0
5549
0
0
0
3354
0
0
0
5458
0
0
0
0
0
0
0
5293
0
0
0
3939
0
0
0
5230
0
0
0
0
0
0
0
5515
0
0
0
2086
0
0
0
5127
0
0
0
0
0
0
0
4795
0
0
0
2655
0
0
0
7762
0
0
0
0
0
0
0
6468
0
0
0
2200
0
0
0
5575
0
0
0
0
0
0
0
5697
0
0
0
2218
0
0
0
5862
0
0
0
0
0
0
0
4476
0
0
0
2394
0
0
0
5385
0
0
0
0
0
0
0
4213
0
0
0
3733
0
0
0
4091
0
0
0
0
0
0
0
4485
0
0
0
2881
0
0
0
4652
0
0
0
0
0
0
0
4424
0
0
0
2461
0
0
0
4755
0
0
0
0
0
0
0
5503
0
0
0
2023
0
0
0
4919
0
0
0
0
0
0
0
4641
0
0
0
2190
0
0
0
5278
0
0
0
0
0
0
0
4659
0
0
0
2260
0
0
0
5996
0
0
0
0
0
0
0
4071
0
0
0
2683
0
0
0
6319
0
0
0
0
0
0
0
4483
0
0
0
2404
0
0
0
4705
0
0
0
0
0
0
0
4198
0
0
0
2468
0
0
0
4346
0
0
0
0
0
0
0
4147
0
0
0
2569
0
0
0
4269
0
0
0
0
0
0
0
4263
0
0
0
2845
0
0
0
4999
0
0
0
0
0
0
0
4918
0
0
0
2656
0
0
0
5259
0
0
0
0
0
0
0
5184
0
0
0
2935
0
0
0
5439
0
0
0
0
0
0
0
4386
0
0
0
2320
0
0
0
4894
0
0
0
0
0
0
0
4927
0
0
0
3130
0
0
0
5238
0
0
0
0
0
0
0
6635
0
0
0
3398
0
0
0
5696
0
0
0
0
0
0
0
5905
0
0
0
2768
0
0
0
5379
0
0
0
0
0
0
0
5197
0
0
0
3061
0
0
0
6478
0
0
0
0
0
0
0
4875
0
0
0
3568
0
0
0
6071
0
0
0
0
0
0
0
6520
0
0
0
2603
0
0
0
6660
0
0
0
0
0
0
0
6614
0
0
0
3071
0
0
0
7357
0
0
0
0
0
0
0
4802
0
0
0
2899
0
0
0
8046
0
0
0
0
0
0
0
5662
0
0
0
3655
0
0
0
8370
0
0
0
0
0
0
0
4210
0
0
0
2239
0
0
0
5052
0
0
0
0
0
0
0
4790
0
0
0
2856
0
0
0
5616
0
0
0
0
0
0
0
5583
0
0
0
2896
0
0
0
5159
0
0
0
0
0
0
0
3873
0
0
0
3375
0
0
0
4492
0
0
0
0
0
0
0
5110
0
0
0
2160
0
0
0
5132
0
0
0
0
0
0
0
3739
0
0
0
2753
0
0
0
4733
0
0
0
0
0
0
0
4771
0
0
0
2256
0
0
0
5500
0
0
0
0
0
0
0
4258
0
0
0
2399
0
0
0
5909
0
0
0
0
0
0
0
4721
0
0
0
2892
0
0
0
4874
0
0
0
0
0
0
0
4844
0
0
0
1998
0
0
0
5144
0
0
0
0
0
0
0
4462
0
0
0
2564
0
0
0
5482
0
0
0
0
0
0
0
4062
0
0
0
2428
0
0
0
5951
0
0
0
0
0
0
0
4947
0
0
0
3097
0
0
0
4660
0
0
0
0
0
0
0
5121
0
0
0
3584
0
0
0
5756
0
0
0
0
0
0
0
4198
0
0
0
2468
0
0
0
5254
0
0
0
0
0
0
0
4971
0
0
0
2648
0
0
0
5748
0
0
0
0
0
0
0
0
0
0
0
0
0
0
0
0
0
0
0
0
0
0
0
0
0
0
0
0
0
0
0
0
0
0
0
0
0
0
0
0
0
0
0
0
0
0
0
0
0
0
0
0
0
0
0
0
0
0
0
0
0
0
0
0
0
0
0
0
0
0
0
0
0
0
0
0
0
0
0
0
0
0
0
0
0
0
0
0
0
0
0
0
0
0
0
0
0
0
0
0
0
0
0
0
0
0
0
0
0
0
0
0
0
0
0
0
0
0
0
0
0
0
0
0
0
0
0
0
0
0
0
0
0
0
0
0
0
0
0
0
0
0
0
0
0
0
0
0
0
0
0
0
0
0
0
0
0
0
0
0
0
0
0
0
0
0
0
0
0
0
0
0
0
0
0
0
0
0
0
0
0
0
0
0
0
0
0
0
0
0
0
0
0
0
0
0
0
0
0
0
0
0
0
0
0
0
0
0
0
0
0
0
0
0
0
0
0
0
0
0
0
0
0
0
0
0
0
0
0
0
0
0
0
0
0
0
0
0
0
0
0
0
0
0
0
0
0
0
0
0
0
0
0
0
0
0
0
0
0
0
0
0
0
0
0
0
0
0
0
0
0
0
0
0
0
0
0
0
0
0
0
0
0
0
0
0
0
0
0
0
0
0
0
0
0
0
0
0
0
0
0
0
0
0
0
0
0
0
0
0
0
0
0
0
0
0
0
0
0
0
0
0
0
0
0
0
0
0
0
0
0
0
0
0
0
0
0
0
0
0
0
0
0
0
0
0
0
0
0
0
0
0
0
0
0
0
0
0
0
0
0
0
0
0
0
0
0
0
0
0
0
0
0
0
0
0
0
0
0
0
0
0
0
0
0
0
0
0
0
0
0
3958
0
0
0
2184
0
0
0
4103
0
0
0
0
0
0
0
3891
0
0
0
1872
0
0
0
3827
0
0
0
0
0
0
0
3926
0
0
0
2091
0
0
0
4474
0
0
0
0
0
0
0
3787
0
0
0
1907
0
0
0
4729
0
0
0
0
0
0
0
4609
0
0
0
2997
0
0
0
4772
0
0
0
0
0
0
0
4383
0
0
0
2315
0
0
0
5414
0
0
0
0
0
0
0
4422
0
0
0
2445
0
0
0
5583
0
0
0
0
0
0
0
4700
0
0
0
2521
0
0
0
4832
0
0
0
0
0
0
0
5218
0
0
0
3163
0
0
0
5821
0
0
0
0
0
0
0
4811
0
0
0
2838
0
0
0
5409
0
0
0
0
0
0
0
5435
0
0
0
3488
0
0
0
5056
0
0
0
0
0
0
0
5171
0
0
0
2483
0
0
0
4657
0
0
0
0
0
0
0
0
0
0
0
0
0
0
0
0
0
0
0
0
0
0
0
0
0
0
0
0
0
0
0
0
0
0
0
0
0
0
0
0
0
0
0
0
0
0
0
0
0
0
0
0
0
0
0
0
0
0
0
0
0
0
0
0
0
0
0
0
0
0
0
3881
0
0
0
2985
0
0
0
4292
0
0
0
0
0
0
0
4517
0
0
0
2703
0
0
0
4879
0
0
0
0
0
0
0
3925
0
0
0
2176
0
0
0
4678
0
0
0
0
0
0
0
5035
0
0
0
2491
0
0
0
5176
0
0
0
0
0
0
0
4502
0
0
0
2315
0
0
0
6192
0
0
0
0
0
0
0
4828
0
0
0
2017
0
0
0
5063
0
0
0
0
0
0
0
5229
0
0
0
2577
0
0
0
6509
0
0
0
0
0
0
0
5265
0
0
0
2119
0
0
0
6152
0
0
0
0
0
0
0
4881
0
0
0
2424
0
0
0
5268
0
0
0
0
0
0
0
4461
0
0
0
3556
0
0
0
5667
0
0
0
0
0
0
0
5470
0
0
0
3169
0
0
0
6021
0
0
0
0
0
0
0
4455
0
0
0
2597
0
0
0
4889
0
0
0
0
0
0
0
6266
0
0
0
2771
0
0
0
6430
0
0
0
0
0
0
0
4697
0
0
0
2577
0
0
0
5566
0
0
0
0
0
0
0
6029
0
0
0
3389
0
0
0
5703
0
0
0
0
0
0
0
5629
0
0
0
3721
0
0
0
7179
0
0
0
0
0
0
0
5511
0
0
0
2709
0
0
0
5691
0
0
0
0
0
0
0
4923
0
0
0
3137
0
0
0
5753
0
0
0
0
0
0
0
4891
0
0
0
2600
0
0
0
4393
0
0
0
0
0
0
0
4564
0
0
0
2960
0
0
0
5628
0
0
0
0
0
0
0
7103
0
0
0
4499
0
0
0
7151
0
0
0
0
0
0
0
6549
0
0
0
3644
0
0
0
5880
0
0
0
0
0
0
0
6897
0
0
0
3209
0
0
0
7756
0
0
0
0
0
0
0
6499
0
0
0
3655
0
0
0
6669
0
0
0
0
0
0
0
0
0
0
0
0
0
0
0
0
0
0
0
0
0
0
0
0
0
0
0
0
0
0
0
0
0
0
0
0
0
0
0
0
0
0
0
0
0
0
0
0
0
0
0
0
0
0
0
0
0
0
0
0
0
0
0
0
0
0
0
0
0
0
0
0
0
0
0
0
0
0
0
0
0
0
0
0
0
0
0
0
0
0
0
0
0
0
0
0
0
0
0
0
0
0
0
0
0
0
0
0
0
0
0
0
0
0
0
0
0
0
0
0
0
0
0
0
0
0
0
0
0
0
0
0
0
0
0
4510
0
0
0
2497
0
0
0
3819
0
0
0
0
0
0
0
3688
0
0
0
2404
0
0
0
5079
0
0
0
0
0
0
0
4388
0
0
0
2278
0
0
0
3401
0
0
0
0
0
0
0
4424
0
0
0
1791
0
0
0
4515
0
0
0
0
0
0
0
4561
0
0
0
3253
0
0
0
5551
0
0
0
0
0
0
0
3987
0
0
0
2550
0
0
0
4729
0
0
0
0
0
0
0
4213
0
0
0
3032
0
0
0
5115
0
0
0
0
0
0
0
4325
0
0
0
2335
0
0
0
4418
0
0
0
0
0
0
0
3980
0
0
0
2703
0
0
0
4830
0
0
0
0
0
0
0
4079
0
0
0
2040
0
0
0
3821
0
0
0
0
0
0
0
4130
0
0
0
2244
0
0
0
3861
0
0
0
0
0
0
0
3810
0
0
0
1740
0
0
0
3999
0
0
0
0
0
0
0
3864
0
0
0
2327
0
0
0
4391
0
0
0
0
0
0
0
4378
0
0
0
1967
0
0
0
4800
0
0
0
0
0
0
0
4776
0
0
0
2379
0
0
0
4411
0
0
0
0
0
0
0
4716
0
0
0
2424
0
0
0
4771
0
0
0
0
0
0
0
4816
0
0
0
2323
0
0
0
5490
0
0
0
0
0
0
0
5045
0
0
0
2160
0
0
0
5194
0
0
0
0
0
0
0
4248
0
0
0
2157
0
0
0
5072
0
0
0
0
0
0
0
4286
0
0
0
2239
0
0
0
4598
0
0
0
0
0
0
0
4807
0
0
0
2353
0
0
0
4890
0
0
0
0
0
0
0
4398
0
0
0
2850
0
0
0
4523
0
0
0
0
0
0
0
4510
0
0
0
1621
0
0
0
3794
0
0
0
0
0
0
0
4846
0
0
0
2966
0
0
0
4990
0
0
0
0
0
0
0
5608
0
0
0
2986
0
0
0
5158
0
0
0
0
0
0
0
4626
0
0
0
2920
0
0
0
5216
0
0
0
0
0
0
0
5039
0
0
0
2083
0
0
0
4678
0
0
0
0
0
0
0
4533
0
0
0
2485
0
0
0
5515
0
0
0
0
0
0
0
3868
0
0
0
2978
0
0
0
5738
0
0
0
0
0
0
0
4922
0
0
0
3023
0
0
0
6068
0
0
0
0
0
0
0
4366
0
0
0
3294
0
0
0
5413
0
0
0
0
0
0
0
4492
0
0
0
2702
0
0
0
4744
0
0
0
0
0
0
0
4673
0
0
0
2428
0
0
0
5248
0
0
0
0
0
0
0
4690
0
0
0
2677
0
0
0
6299
0
0
0
0
0
0
0
5566
0
0
0
2305
0
0
0
5335
0
0
0
0
0
0
0
4815
0
0
0
1870
0
0
0
5026
0
0
0
0
0
0
0
5848
0
0
0
2380
0
0
0
4610
0
0
0
0
0
0
0
4168
0
0
0
3150
0
0
0
4988
0
0
0
0
0
0
0
5091
0
0
0
2566
0
0
0
5268
0
0
0
0
0
0
0
5189
0
0
0
2374
0
0
0
5077
0
0
0
0
0
0
0
5153
0
0
0
2431
0
0
0
5024
0
0
0
0
0
0
0
5240
0
0
0
2575
0
0
0
4948
0
0
0
0
0
0
0
4765
0
0
0
1825
0
0
0
5403
0
0
0
0
0
0
0
5645
0
0
0
1969
0
0
0
7298
0
0
0
0
0
0
0
5061
0
0
0
2440
0
0
0
4514
0
0
0
0
0
0
0
5455
0
0
0
3032
0
0
0
6506
0
0
0
0
0
0
0
4506
0
0
0
2331
0
0
0
5350
0
0
0
0
0
0
0
5536
0
0
0
3032
0
0
0
5553
0
0
0
0
0
0
0
6520
0
0
0
2865
0
0
0
6562
0
0
0
0
0
0
0
5233
0
0
0
3079
0
0
0
6142
0
0
0
0
0
0
0
4935
0
0
0
2758
0
0
0
6372
0
0
0
0
0
0
0
6509
0
0
0
3292
0
0
0
5257
0
0
0
0
0
0
0
6881
0
0
0
3232
0
0
0
6351
0
0
0
0
0
0
0
6877
0
0
0
3929
0
0
0
5946
0
0
0
0
0
0
0
5632
0
0
0
2993
0
0
0
6169
0
0
0
0
0
0
0
5310
0
0
0
3584
0
0
0
6411
0
0
0
0
0
0
0
5267
0
0
0
1807
0
0
0
5233
0
0
0
0
0
0
0
5414
0
0
0
1652
0
0
0
4799
0
0
0
0
0
0
0
5712
0
0
0
1922
0
0
0
5496
0
0
0
0
0
0
0
5605
0
0
0
1806
0
0
0
4291
0
0
0
0
0
0
0
5476
0
0
0
1603
0
0
0
6138
0
0
0
0
0
0
0
5179
0
0
0
2144
0
0
0
7191
0
0
0
0
0
0
0
5888
0
0
0
2550
0
0
0
6555
0
0
0
0
0
0
0
5089
0
0
0
2097
0
0
0
5784
0
0
0
0
0
0
0
5200
0
0
0
1926
0
0
0
5772
0
0
0
0
0
0
0
6417
0
0
0
2910
0
0
0
6761
0
0
0
0
0
0
0
6097
0
0
0
2410
0
0
0
6040
0
0
0
0
0
0
0
6158
0
0
0
2682
0
0
0
6964
0
0
0
0
0
0
0
5830
0
0
0
2918
0
0
0
5048
0
0
0
0
0
0
0
4833
0
0
0
1970
0
0
0
5104
0
0
0
0
0
0
0
4761
0
0
0
2461
0
0
0
4350
0
0
0
0
0
0
0
5170
0
0
0
2411
0
0
0
6063
0
0
0
0
0
0
0
0
0
0
0
0
0
0
0
0
0
0
0
0
0
0
0
0
0
0
0
0
0
0
0
0
0
0
0
0
0
0
0
0
0
0
0
0
0
0
0
0
0
0
0
0
0
0
0
0
0
0
0
0
0
0
0
0
0
0
0
0
0
0
0
0
0
0
0
0
0
0
0
0
0
0
0
0
0
0
0
0
0
0
0
0
0
0
0
0
0
0
0
0
0
0
0
0
0
0
0
0
0
0
0
0
0
0
0
0
0
0
0
0
0
0
0
0
0
0
0
0
0
0
0
0
0
0
0
0
0
0
0
0
0
0
0
0
0
0
0
0
0
0
0
0
0
0
0
0
0
0
0
0
0
0
0
0
0
0
0
0
0
0
0
0
0
0
0
0
0
0
0
0
0
0
0
0
0
0
0
0
0
0
0
0
0
0
0
0
0
0
0
0
0
0
0
0
0
0
0
0
0
0
0
0
0
0
0
0
0
0
0
0
0
0
0
0
0
0
0
0
0
0
0
0
0
0
0
0
0
0
0
0
0
0
0
0
0
0
0
0
0
0
0
0
0
0
0
0
0
0
0
0
0
0
0
0
0
0
0
0
0
0
0
0
0
0
0
0
0
0
0
0
0
0
0
0
0
0
0
0
0
0
0
0
0
0
0
0
0
0
0
0
0
0
0
0
0
0
0
0
0
0
0
0
0
0
0
0
0
0
0
0
0
0
0
0
0
0
0
0
0
0
0
0
0
0
0
0
0
0
0
0
0
0
0
0
0
0
0
0
0
0
0
0
0
0
0
0
0
0
0
0
0
0
0
0
0
0
0
0
0
0
0
0
0
0
0
0
0
0
0
0
0
0
0
0
0
0
0
0
0
0
0
4091
0
0
0
2272
0
0
0
4310
0
0
0
0
0
0
0
3518
0
0
0
2508
0
0
0
4177
0
0
0
0
0
0
0
3604
0
0
0
2314
0
0
0
4002
0
0
0
0
0
0
0
3384
0
0
0
2199
0
0
0
4098
0
0
0
0
0
0
0
3819
0
0
0
2423
0
0
0
4406
0
0
0
0
0
0
0
4085
0
0
0
1893
0
0
0
5041
0
0
0
0
0
0
0
3906
0
0
0
2392
0
0
0
4690
0
0
0
0
0
0
0
4867
0
0
0
2493
0
0
0
4989
0
0
0
0
0
0
0
5263
0
0
0
3319
0
0
0
5664
0
0
0
0
0
0
0
6006
0
0
0
3130
0
0
0
6515
0
0
0
0
0
0
0
5293
0
0
0
2919
0
0
0
6353
0
0
0
0
0
0
0
5556
0
0
0
2938
0
0
0
5635
0
0
0
0
0
0
0
0
0
0
0
0
0
0
0
0
0
0
0
0
0
0
0
0
0
0
0
0
0
0
0
0
0
0
0
0
0
0
0
0
0
0
0
0
0
0
0
0
0
0
0
0
0
0
0
0
0
0
0
0
0
0
0
0
0
0
0
0
0
0
0
4453
0
0
0
3264
0
0
0
4682
0
0
0
0
0
0
0
3973
0
0
0
2960
0
0
0
4549
0
0
0
0
0
0
0
3741
0
0
0
2177
0
0
0
3886
0
0
0
0
0
0
0
4520
0
0
0
2980
0
0
0
4167
0
0
0
0
0
0
0
5060
0
0
0
3305
0
0
0
5165
0
0
0
0
0
0
0
4921
0
0
0
2874
0
0
0
5339
0
0
0
0
0
0
0
5243
0
0
0
3895
0
0
0
5350
0
0
0
0
0
0
0
4249
0
0
0
3184
0
0
0
5706
0
0
0
0
0
0
0
4787
0
0
0
2420
0
0
0
3999
0
0
0
0
0
0
0
4867
0
0
0
2455
0
0
0
4453
0
0
0
0
0
0
0
3958
0
0
0
3172
0
0
0
3774
0
0
0
0
0
0
0
4572
0
0
0
3363
0
0
0
4283
0
0
0
0
0
0
0
3434
0
0
0
1887
0
0
0
4403
0
0
0
0
0
0
0
3905
0
0
0
2268
0
0
0
3954
0
0
0
0
0
0
0
3786
0
0
0
2237
0
0
0
3882
0
0
0
0
0
0
0
3428
0
0
0
2144
0
0
0
3793
0
0
0
0
0
0
0
4712
0
0
0
2761
0
0
0
5434
0
0
0
0
0
0
0
3989
0
0
0
3498
0
0
0
5025
0
0
0
0
0
0
0
5054
0
0
0
2982
0
0
0
5653
0
0
0
0
0
0
0
5029
0
0
0
2735
0
0
0
6023
0
0
0
0
0
0
0
5991
0
0
0
2578
0
0
0
6200
0
0
0
0
0
0
0
5333
0
0
0
2747
0
0
0
5786
0
0
0
0
0
0
0
4986
0
0
0
2959
0
0
0
6186
0
0
0
0
0
0
0
4132
0
0
0
2568
0
0
0
6023
0
0
0
0
0
0
0
0
0
0
0
0
0
0
0
0
0
0
0
0
0
0
0
0
0
0
0
0
0
0
0
0
0
0
0
0
0
0
0
0
0
0
0
0
0
0
0
0
0
0
0
0
0
0
0
0
0
0
0
0
0
0
0
0
0
0
0
0
0
0
0
0
0
0
0
0
0
0
0
0
0
0
0
0
0
0
0
0
0
0
0
0
0
0
0
0
0
0
0
0
0
0
0
0
0
0
0
0
0
0
0
0
0
0
0
0
0
0
0
0
0
0
0
0
0
0
0
0
0
0
0
0
0
0
0
0
0
0
0
0
0
0
0
0
0
0
0
0
0
0
0
0
0
0
0
0
0
0
0
0
0
0
0
0
0
0
0
