%pattern_data
10
0
18
3
4
4
0
0
0
1
1
1
0
0
0
0
0
0
0
0
0
0
1
37
87
0
0
52
68
88
0
0
0
480
0
0
0
-8
-8
0
3
0
-101
0
3
0
-101
0
3
0
-101
0
0
0
-1
0
0
0
-1
0
0
0
-101
0
3
0
-101
0
3
0
-101
0
3
0
-101
0
0
0
-1
0
0
0
-1
0
0
0
-101
0
0
0
0
0
0
0
0
0
0
0
0
0
0
0
0
0
0
0
268
0
0
0
268
0
0
0
288
0
0
0
0
0
0
0
0
0
0
0
291
0
0
0
0
0
0
0
0
0
270139
0
0
0
1382724
0
0
0
2581862
0
0
0
0
0
4312270
0
0
0
5492452
0
0
0
0
0
7173721
0
0
0
8307809
0
0
0
9522526
0
0
0
0
0
11228739
0
0
0
12433909
0
0
0
0
0
0
0
0
0
0
0
0
0
0
0
0
0
0
0
0
0
286208
0
0
0
1387093
0
0
0
2578317
0
0
0
0
0
4312104
0
0
0
5477320
0
0
0
0
0
7170421
0
0
0
8346158
0
0
0
9506543
0
0
0
0
0
11244956
0
0
0
12393867
0
0
0
0
0
0
0
0
0
0
0
0
0
0
0
0
0
0
0
0
0
245942
0
0
0
1399344
0
0
0
2548051
0
0
0
0
0
4344718
0
0
0
5467303
0
0
0
0
0
7216997
0
0
0
8353641
0
0
0
9517889
0
0
0
0
0
11245815
0
0
0
12361512
0
0
0
0
0
0
0
0
0
0
0
0
0
0
0
0
0
0
0
0
0
265770
0
0
0
1400282
0
0
0
2561325
0
0
0
0
0
4310146
0
0
0
5470237
0
0
0
0
0
7170270
0
0
0
8359839
0
0
0
9494782
0
0
0
0
0
11252991
0
0
0
12373422
0
0
0
0
0
0
0
0
0
0
0
0
0
0
0
0
0
0
0
0
0
281034
0
0
0
1418567
0
0
0
2588563
0
0
0
0
0
4263529
0
0
0
5477973
0
0
0
0
0
7247738
0
0
0
8365788
0
0
0
9518963
0
0
0
0
0
11221350
0
0
0
12435267
0
0
0
0
0
0
0
0
0
0
0
0
0
0
0
0
0
0
0
0
0
283536
0
0
0
1431200
0
0
0
2587935
0
0
0
0
0
4296143
0
0
0
5464828
0
0
0
0
0
7206416
0
0
0
8316756
0
0
0
9507436
0
0
0
0
0
11207368
0
0
0
12408252
0
0
0
0
0
0
0
0
0
0
0
0
0
0
0
0
0
0
0
0
0
206298
0
0
0
1106797
0
0
0
1978498
0
0
0
0
0
3298271
0
0
0
4188067
0
0
0
0
0
5521590
0
0
0
6373492
0
0
0
7218526
0
0
0
0
0
8571880
0
0
0
9466954
0
0
0
0
0
0
0
0
0
0
0
0
0
0
0
0
0
0
0
0
0
211973
0
0
0
1093197
0
0
0
2005918
0
0
0
0
0
3280907
0
0
0
4149773
0
0
0
0
0
5524820
0
0
0
6417836
0
0
0
7291917
0
0
0
0
0
8580171
0
0
0
9485115
0
0
0
0
0
0
0
0
0
0
0
0
0
0
0
0
0
0
0
0
0
270225
0
0
0
1124307
0
0
0
1966166
0
0
0
0
0
3314965
0
0
0
4206348
0
0
0
0
0
5562156
0
0
0
6407983
0
0
0
7269979
0
0
0
0
0
8597621
0
0
0
9497371
0
0
0
0
0
0
0
0
0
0
0
0
0
0
0
0
0
0
0
0
0
203036
0
0
0
1092152
0
0
0
2005962
0
0
0
0
0
3315123
0
0
0
4204216
0
0
0
0
0
5528623
0
0
0
6419598
0
0
0
7295856
0
0
0
0
0
8601004
0
0
0
9498691
0
0
0
0
0
0
0
0
0
0
0
0
0
0
0
0
0
0
0
0
0
237848
0
0
0
1115931
0
0
0
1995069
0
0
0
0
0
3292983
0
0
0
4183595
0
0
0
0
0
5519046
0
0
0
6385735
0
0
0
7272152
0
0
0
0
0
8608774
0
0
0
9474511
0
0
0
0
0
0
0
0
0
0
0
0
0
0
0
0
0
0
0
0
0
208819
0
3838
0
1095825
0
3838
0
1990474
0
3838
0
0
0
3303898
0
0
0
4172764
0
0
0
3838
0
5506948
0
0
0
6380483
0
0
0
7253787
0
0
0
0
0
8583945
0
0
0
9474376
0
0
0
0
0
0
0
0
0
0
0
0
0
0
0
0
0
0
0
0
0
139917
0
0
0
841914
0
0
0
1523954
0
0
0
0
0
2533410
0
0
0
3232208
0
0
0
0
0
4271029
0
0
0
4932843
0
0
0
5594113
0
0
0
0
0
6613892
0
0
0
7313932
0
0
0
0
0
0
0
0
0
0
0
0
0
0
0
0
0
0
0
0
0
149029
0
0
0
807805
0
0
0
1504993
0
0
0
0
0
2544041
0
0
0
3238916
0
0
0
0
0
4249295
0
0
0
4924511
0
0
0
5602878
0
0
0
0
0
6653218
0
0
0
7325486
0
0
0
0
0
0
0
0
0
0
0
0
0
0
0
0
0
0
0
0
0
157159
0
1729
0
821014
0
1729
0
1506225
0
1729
0
0
0
2542919
0
0
0
3228429
0
0
0
1729
0
4252485
0
0
0
4938880
0
0
0
5593007
0
0
0
0
0
6623120
0
0
0
7314821
0
0
0
0
0
0
0
0
0
0
0
0
0
0
0
0
0
0
0
0
0
149309
0
0
0
828538
0
0
0
1492869
0
0
0
0
0
2525499
0
0
0
3236746
0
0
0
0
0
4259418
0
0
0
4928692
0
0
0
5583941
0
0
0
0
0
6632774
0
0
0
7331980
0
0
0
0
0
0
0
0
0
0
0
0
0
0
0
0
0
0
0
0
0
182210
0
0
0
850123
0
0
0
1498513
0
0
0
0
0
2538763
0
0
0
3216563
0
0
0
0
0
4250927
0
0
0
4912444
0
0
0
5584303
0
0
0
0
0
6618498
0
0
0
7317478
0
0
0
0
0
0
0
0
0
0
0
0
0
0
0
0
0
0
0
0
0
153946
0
0
0
843084
0
0
0
1515372
0
0
0
0
0
2518831
0
0
0
3207688
0
0
0
0
0
4259337
0
2394
0
4931310
0
2394
0
5580085
0
2394
0
0
0
6632784
0
0
0
7312534
0
0
0
2394
0
0
0
0
0
0
0
0
0
0
0
0
0
0
0
0
0
0
0
0
0
0
0
0
0
0
0
0
0
0
0
0
0
0
0
0
0
0
0
0
0
0
0
0
0
0
0
0
0
0
0
0
0
0
0
0
0
0
0
0
0
0
0
0
0
0
0
0
0
0
0
0
0
0
0
0
0
0
0
0
0
0
0
0
0
0
0
0
0
0
0
0
0
0
0
0
0
0
0
0
0
0
0
0
0
0
0
0
0
0
0
0
0
0
0
0
0
0
0
0
0
0
0
0
0
0
0
0
0
0
0
0
0
0
0
0
0
0
0
0
0
0
0
0
0
0
0
0
0
0
0
0
0
0
0
0
0
0
0
0
0
0
0
0
0
0
0
0
0
0
0
0
0
0
0
0
0
0
0
0
0
0
0
0
0
0
0
0
0
0
0
0
0
0
0
0
0
0
0
0
0
0
0
0
0
0
0
0
0
0
0
0
0
0
0
0
0
0
0
0
0
0
0
0
0
0
0
0
0
0
0
0
0
0
0
0
0
0
0
0
0
0
0
0
0
0
0
0
0
0
0
0
0
0
0
0
0
0
0
0
0
0
0
0
0
0
0
0
0
0
0
0
0
0
0
0
0
0
0
0
0
0
0
0
0
0
0
0
0
0
0
0
0
0
0
0
0
0
0
0
0
0
0
0
0
0
0
0
0
0
0
0
0
0
0
0
0
0
0
0
0
0
0
0
0
0
0
0
0
0
0
0
0
0
0
0
0
0
0
0
0
0
0
0
0
0
0
0
0
0
0
0
0
0
0
0
0
0
0
0
0
0
0
0
0
0
0
0
0
0
0
0
0
0
0
0
0
0
0
0
0
0
0
0
0
0
0
0
0
0
0
0
0
0
0
0
0
0
0
0
0
284762
0
0
0
1444535
0
0
0
2589215
0
0
0
0
0
4318050
0
0
0
5471678
0
0
0
0
0
7216439
0
0
0
8348548
0
0
0
9496621
0
0
0
0
0
11180657
0
0
0
12396462
0
0
0
0
0
0
0
0
0
0
0
0
0
0
0
0
0
0
0
0
0
232811
0
0
0
1089478
0
0
0
1974761
0
0
0
0
0
3305895
0
0
0
4174512
0
0
0
0
0
5506282
0
0
0
6366577
0
0
0
7254937
0
0
0
0
0
8596010
0
0
0
9459094
0
0
0
0
0
0
0
0
0
0
0
0
0
0
0
0
0
0
0
0
0
168730
0
0
0
848086
0
0
0
1500680
0
0
0
0
0
2552336
0
0
0
3239185
0
0
0
0
0
4239178
0
0
0
4941332
0
0
0
5616094
0
0
0
0
0
6654598
0
0
0
7335596
0
0
0
0
0
0
0
0
0
0
0
0
0
0
0
0
0
0
0
0
0
0
0
0
0
0
0
0
0
0
0
0
0
0
0
0
0
0
0
0
0
0
0
0
0
0
0
0
0
0
0
0
0
0
0
0
0
0
0
0
0
0
0
0
0
0
0
0
0
0
0
0
0
0
0
0
0
0
0
0
0
0
0
0
0
281815
0
0
0
1399615
0
0
0
2518051
0
0
0
0
0
4305216
0
0
0
5447529
0
0
0
0
0
7174260
0
0
0
8326159
0
0
0
9487474
0
0
0
0
0
11221556
0
0
0
12317542
0
0
0
0
0
0
0
0
0
0
0
0
0
0
0
0
0
0
0
0
0
240532
0
0
0
1445482
0
0
0
2591627
0
0
0
0
0
4336226
0
0
0
5459269
0
0
0
0
0
7197498
0
0
0
8308065
0
0
0
9502305
0
0
0
0
0
11207934
0
0
0
12350174
0
0
0
0
0
0
0
0
0
0
0
0
0
0
0
0
0
0
0
0
0
185531
0
0
0
1078797
0
0
0
1979069
0
0
0
0
0
3322470
0
0
0
4189305
0
0
0
0
0
5505784
0
0
0
6395965
0
0
0
7249095
0
0
0
0
0
8609525
0
0
0
9480387
0
0
0
0
0
0
0
0
0
0
0
0
0
0
0
0
0
0
0
0
0
202999
0
0
0
1094133
0
0
0
1958147
0
0
0
0
0
3255993
0
0
0
4179938
0
0
0
0
0
5535403
0
0
0
6381072
0
0
0
7257660
0
0
0
0
0
8598873
0
0
0
9481322
0
0
0
0
0
0
0
0
0
0
0
0
0
0
0
0
0
0
0
0
0
148558
0
0
0
813521
0
0
0
1502504
0
0
0
0
0
2499405
0
0
0
3237152
0
0
0
0
0
4240105
0
0
0
4928809
0
0
0
5603433
0
0
0
0
0
6634125
0
0
0
7325630
0
0
0
0
0
0
0
0
0
0
0
0
0
0
0
0
0
0
0
0
0
170176
0
0
0
838132
0
0
0
1509886
0
0
0
0
0
2550082
0
0
0
3240785
0
0
0
0
0
4234530
0
0
0
4917841
0
0
0
5583011
0
0
0
0
0
6635097
0
0
0
7321659
0
0
0
0
0
0
0
0
0
0
0
0
0
0
0
0
0
0
0
0
0
0
0
0
0
0
0
0
0
0
0
0
0
0
0
0
0
0
0
0
0
0
0
0
0
0
0
0
0
0
0
0
0
0
0
0
0
0
0
0
0
0
0
0
0
0
0
0
0
0
0
0
0
0
0
0
0
0
0
0
0
0
0
0
0
0
0
0
0
0
0
0
0
0
0
0
0
0
0
0
0
0
0
0
0
0
0
0
0
0
0
0
0
0
0
0
0
0
0
0
0
0
0
0
0
0
0
0
0
0
0
0
0
0
0
0
0
0
0
0
0
0
0
0
0
0
0
0
0
239556
0
0
0
1421147
0
0
0
2585882
0
0
0
0
0
4338581
0
0
0
5490236
0
0
0
0
0
7208974
0
0
0
8341401
0
0
0
9521015
0
0
0
0
0
11232648
0
0
0
12387319
0
0
0
0
0
0
0
0
0
0
0
0
0
0
0
0
0
0
0
0
0
228680
0
0
0
1416752
0
0
0
2560970
0
0
0
0
0
4350811
0
0
0
5484144
0
0
0
0
0
7190349
0
0
0
8368060
0
0
0
9480398
0
0
0
0
0
11222444
0
0
0
12392774
0
0
0
0
0
0
0
0
0
0
0
0
0
0
0
0
0
0
0
0
0
230434
0
0
0
1398098
0
0
0
2590502
0
0
0
0
0
4326556
0
0
0
5462248
0
0
0
0
0
7176911
0
0
0
8334008
0
0
0
9480190
0
0
0
0
0
11230244
0
0
0
12395596
0
0
0
0
0
0
0
0
0
0
0
0
0
0
0
0
0
0
0
0
0
264383
0
0
0
1404292
0
0
0
2568918
0
0
0
0
0
4302138
0
0
0
5475585
0
0
0
0
0
7187236
0
0
0
8321294
0
0
0
9491637
0
0
0
0
0
11220614
0
0
0
12372133
0
0
0
0
0
0
0
0
0
0
0
0
0
0
0
0
0
0
0
0
0
262720
0
0
0
1405033
0
0
0
2574084
0
0
0
0
0
4297942
0
0
0
5476711
0
0
0
0
0
7180105
0
0
0
8323030
0
0
0
9533552
0
0
0
0
0
11203234
0
0
0
12398200
0
0
0
0
0
0
0
0
0
0
0
0
0
0
0
0
0
0
0
0
0
254317
0
0
0
1423796
0
0
0
2596403
0
0
0
0
0
4297537
0
0
0
5462163
0
0
0
0
0
7217163
0
0
0
8352242
0
0
0
9498955
0
0
0
0
0
11224328
0
0
0
12357798
0
0
0
0
0
0
0
0
0
0
0
0
0
0
0
0
0
0
0
0
0
210066
0
0
0
1086687
0
0
0
1966687
0
0
0
0
0
3309930
0
0
0
4186669
0
0
0
0
0
5519204
0
0
0
6398252
0
0
0
7276234
0
0
0
0
0
8588527
0
0
0
9473626
0
0
0
0
0
0
0
0
0
0
0
0
0
0
0
0
0
0
0
0
0
207605
0
0
0
1087695
0
0
0
1973773
0
0
0
0
0
3306788
0
0
0
4199147
0
0
0
0
0
5501771
0
0
0
6398438
0
0
0
7276226
0
0
0
0
0
8581475
0
0
0
9474922
0
0
0
0
0
0
0
0
0
0
0
0
0
0
0
0
0
0
0
0
0
223874
0
0
0
1088998
0
0
0
1979021
0
0
0
0
0
3308295
0
0
0
4204667
0
0
0
0
0
5545281
0
0
0
6377413
0
0
0
7278003
0
0
0
0
0
8589726
0
0
0
9490792
0
0
0
0
0
0
0
0
0
0
0
0
0
0
0
0
0
0
0
0
0
255072
0
0
0
1114913
0
0
0
1943099
0
0
0
0
0
3276274
0
0
0
4179335
0
0
0
0
0
5508338
0
0
0
6368582
0
0
0
7240089
0
0
0
0
0
8599023
0
0
0
9505237
0
0
0
0
0
0
0
0
0
0
0
0
0
0
0
0
0
0
0
0
0
236738
0
0
0
1117804
0
0
0
1985265
0
0
0
0
0
3304652
0
0
0
4198394
0
0
0
0
0
5518059
0
0
0
6373411
0
0
0
7276676
0
0
0
0
0
8603048
0
0
0
9471914
0
0
0
0
0
0
0
0
0
0
0
0
0
0
0
0
0
0
0
0
0
213531
0
0
0
1099160
0
0
0
1967800
0
0
0
0
0
3307777
0
0
0
4184580
0
0
0
0
0
5498623
0
0
0
6389462
0
0
0
7262319
0
0
0
0
0
8603362
0
0
0
9466310
0
0
0
0
0
0
0
0
0
0
0
0
0
0
0
0
0
0
0
0
0
182637
0
0
0
846061
0
0
0
1496038
0
0
0
0
0
2529575
0
0
0
3234745
0
0
0
0
0
4217846
0
0
0
4917460
0
0
0
5595034
0
0
0
0
0
6659728
0
0
0
7327823
0
0
0
0
0
0
0
0
0
0
0
0
0
0
0
0
0
0
0
0
0
132423
0
0
0
806648
0
0
0
1499929
0
0
0
0
0
2528138
0
0
0
3215507
0
0
0
0
0
4248572
0
0
0
4919728
0
0
0
5593995
0
0
0
0
0
6641451
0
0
0
7301066
0
0
0
0
0
0
0
0
0
0
0
0
0
0
0
0
0
0
0
0
0
182248
0
0
0
858937
0
0
0
1529346
0
0
0
0
0
2551364
0
0
0
3230706
0
0
0
0
0
4248363
0
0
0
4934461
0
0
0
5629066
0
0
0
0
0
6657025
0
0
0
7357886
0
0
0
0
0
0
0
0
0
0
0
0
0
0
0
0
0
0
0
0
0
169704
0
0
0
839092
0
0
0
1491450
0
0
0
0
0
2527958
0
0
0
3224897
0
0
0
0
0
4236813
0
0
0
4897720
0
0
0
5575407
0
0
0
0
0
6653933
0
0
0
7333434
0
0
0
0
0
0
0
0
0
0
0
0
0
0
0
0
0
0
0
0
0
158579
0
0
0
833240
0
0
0
1512125
0
0
0
0
0
2520973
0
0
0
3232719
0
0
0
0
0
4260772
0
0
0
4929865
0
0
0
5603674
0
0
0
0
0
6637620
0
0
0
7327348
0
0
0
0
0
0
0
0
0
0
0
0
0
0
0
0
0
0
0
0
0
164860
0
0
0
852887
0
0
0
1500008
0
0
0
0
0
2540824
0
0
0
3227944
0
0
0
0
0
4245488
0
0
0
4923522
0
0
0
5601044
0
0
0
0
0
6646940
0
0
0
7341497
0
0
0
0
0
0
0
0
0
0
0
0
0
0
0
0
0
0
0
0
0
0
0
0
0
0
0
0
0
0
0
0
0
0
0
0
0
0
0
0
0
0
0
0
0
0
0
0
0
0
0
0
0
0
0
0
0
0
0
0
0
0
0
0
0
0
0
0
0
0
0
0
0
0
0
0
0
0
0
0
0
0
0
0
0
0
0
0
0
0
0
0
0
0
0
0
0
0
0
0
0
0
0
0
0
0
0
0
0
0
0
0
0
0
0
0
0
0
0
0
0
0
0
0
0
0
0
0
0
0
0
0
0
0
0
0
0
0
0
0
0
0
0
0
0
0
0
0
0
0
0
0
0
0
0
0
0
0
0
0
0
0
0
0
0
0
0
0
0
0
0
0
0
0
0
0
0
0
0
0
0
0
0
0
0
0
0
0
0
0
0
0
0
0
0
0
0
0
0
0
0
0
0
0
0
0
0
0
0
0
0
0
0
0
0
0
0
0
0
0
0
0
0
0
0
0
0
0
0
0
0
0
0
0
0
0
0
0
0
0
0
0
0
0
0
0
0
0
0
0
0
0
0
0
0
0
0
0
0
0
0
0
0
0
0
0
0
0
0
0
0
0
0
0
0
0
0
0
0
0
0
0
0
0
0
0
0
0
0
0
0
0
0
0
0
0
0
0
0
0
0
0
0
0
0
0
0
0
0
0
0
0
0
0
0
0
0
0
0
0
0
0
0
0
0
0
0
0
0
0
0
0
0
0
0
0
0
0
0
0
0
0
0
0
0
0
0
0
0
0
0
0
0
0
0
0
0
0
0
0
0
0
0
0
0
0
0
0
0
0
0
0
0
0
0
0
0
0
0
0
0
0
0
0
0
0
0
0
0
0
0
0
0
0
0
0
0
0
0
0
0
0
0
0
0
278984
0
0
0
1393769
0
0
0
2575379
0
0
0
0
0
4326375
0
0
0
5464336
0
0
0
0
0
7206508
0
0
0
8350884
0
0
0
9503161
0
0
0
0
0
11225369
0
0
0
12395699
0
0
0
0
0
0
0
0
0
0
0
0
0
0
0
0
0
0
0
0
0
203301
0
0
0
1078403
0
0
0
1988924
0
0
0
0
0
3305999
0
0
0
4213562
0
0
0
0
0
5500876
0
0
0
6352237
0
0
0
7247497
0
0
0
0
0
8637497
0
0
0
9459085
0
0
0
0
0
0
0
0
0
0
0
0
0
0
0
0
0
0
0
0
0
149827
0
0
0
818262
0
0
0
1496562
0
0
0
0
0
2530711
0
0
0
3216652
0
0
0
0
0
4249063
0
0
0
4927476
0
0
0
5597725
0
0
0
0
0
6615707
0
0
0
7313145
0
0
0
0
0
0
0
0
0
0
0
0
0
0
0
0
0
0
0
0
0
0
0
0
0
0
0
0
0
0
0
0
0
0
0
0
0
0
0
0
0
0
0
0
0
0
0
0
0
0
0
0
0
0
0
0
0
0
0
0
0
0
0
0
0
0
0
0
0
0
0
0
0
0
0
0
0
0
0
0
0
0
0
0
0
251184
0
0
0
1406898
0
0
0
2590073
0
0
0
0
0
4322159
0
0
0
5462295
0
0
0
0
0
7236920
0
0
0
8346711
0
0
0
9465690
0
0
0
0
0
11223585
0
0
0
12357667
0
0
0
0
0
0
0
0
0
0
0
0
0
0
0
0
0
0
0
0
0
259270
0
0
0
1414871
0
0
0
2560494
0
0
0
0
0
4364122
0
0
0
5479383
0
0
0
0
0
7182993
0
0
0
8340000
0
0
0
9499682
0
0
0
0
0
11227392
0
0
0
12408911
0
0
0
0
0
0
0
0
0
0
0
0
0
0
0
0
0
0
0
0
0
218399
0
0
0
1096358
0
0
0
1972503
0
0
0
0
0
3300326
0
0
0
4212957
0
0
0
0
0
5524490
0
0
0
6381429
0
0
0
7243136
0
0
0
0
0
8580920
0
0
0
9482520
0
0
0
0
0
0
0
0
0
0
0
0
0
0
0
0
0
0
0
0
0
177680
0
0
0
1069599
0
0
0
1995833
0
0
0
0
0
3310340
0
0
0
4186236
0
0
0
0
0
5518450
0
0
0
6386401
0
0
0
7280460
0
0
0
0
0
8607467
0
0
0
9489462
0
0
0
0
0
0
0
0
0
0
0
0
0
0
0
0
0
0
0
0
0
151515
0
0
0
810374
0
0
0
1496135
0
0
0
0
0
2532172
0
0
0
3203057
0
0
0
0
0
4228019
0
0
0
4924138
0
0
0
5599220
0
0
0
0
0
6626212
0
0
0
7304852
0
0
0
0
0
0
0
0
0
0
0
0
0
0
0
0
0
0
0
0
0
152269
0
0
0
817598
0
0
0
1470433
0
0
0
0
0
2546464
0
0
0
3216124
0
0
0
0
0
4230791
0
0
0
4910310
0
0
0
5607491
0
0
0
0
0
6648088
0
0
0
7306954
0
0
0
0
0
0
0
0
0
0
0
0
0
0
0
0
0
0
0
0
0
0
0
0
0
0
0
0
0
0
0
0
0
0
0
0
0
0
0
0
0
0
0
0
0
0
0
0
0
0
0
0
0
0
0
0
0
0
0
0
0
0
0
0
0
0
0
0
0
0
0
0
0
0
0
0
0
0
0
0
0
0
0
0
0
0
0
0
0
0
0
0
0
0
0
0
0
0
0
0
0
0
0
0
0
0
0
0
0
0
0
0
0
0
0
0
0
0
0
0
0
0
0
0
0
0
0
0
0
0
0
0
0
0
0
0
0
0
0
0
0
0
0
0
0
0
0
0
0
3329
0
0
0
3352
0
0
0
3192
0
0
0
0
0
4088
0
0
0
4031
0
0
0
0
0
2721
0
0
0
2810
0
0
0
3072
0
0
0
0
0
3468
0
0
0
3175
0
0
0
0
0
0
0
0
0
0
0
0
0
0
0
0
0
0
0
0
0
3810
0
0
0
2821
0
0
0
3651
0
0
0
0
0
4522
0
0
0
2603
0
0
0
0
0
3508
0
0
0
3108
0
0
0
3331
0
0
0
0
0
3947
0
0
0
4079
0
0
0
0
0
0
0
0
0
0
0
0
0
0
0
0
0
0
0
0
0
2204
0
0
0
2984
0
0
0
2902
0
0
0
0
0
4106
0
0
0
4394
0
0
0
0
0
3182
0
0
0
3112
0
0
0
3428
0
0
0
0
0
4812
0
0
0
4222
0
0
0
0
0
0
0
0
0
0
0
0
0
0
0
0
0
0
0
0
0
3707
0
0
0
3228
0
0
0
3578
0
0
0
0
0
3973
0
0
0
4119
0
0
0
0
0
2840
0
0
0
3391
0
0
0
3114
0
0
0
0
0
3703
0
0
0
3643
0
0
0
0
0
0
0
0
0
0
0
0
0
0
0
0
0
0
0
0
0
3778
0
0
0
3210
0
0
0
3418
0
0
0
0
0
4116
0
0
0
2889
0
0
0
0
0
2950
0
0
0
2640
0
0
0
2524
0
0
0
0
0
3447
0
0
0
4389
0
0
0
0
0
0
0
0
0
0
0
0
0
0
0
0
0
0
0
0
0
4334
0
0
0
3623
0
0
0
3817
0
0
0
0
0
2989
0
0
0
3464
0
0
0
0
0
2710
0
0
0
3665
0
0
0
2762
0
0
0
0
0
3613
0
0
0
3603
0
0
0
0
0
0
0
0
0
0
0
0
0
0
0
0
0
0
0
0
0
3864
0
0
0
3293
0
0
0
4469
0
0
0
0
0
4648
0
0
0
4477
0
0
0
0
0
2815
0
0
0
3378
0
0
0
3389
0
0
0
0
0
5013
0
0
0
4902
0
0
0
0
0
0
0
0
0
0
0
0
0
0
0
0
0
0
0
0
0
3826
0
0
0
3400
0
0
0
5080
0
0
0
0
0
6205
0
0
0
3322
0
0
0
0
0
4379
0
0
0
3469
0
0
0
3792
0
0
0
0
0
4465
0
0
0
4697
0
0
0
0
0
0
0
0
0
0
0
0
0
0
0
0
0
0
0
0
0
3554
0
0
0
3009
0
0
0
4559
0
0
0
0
0
3907
0
0
0
3286
0
0
0
0
0
3321
0
0
0
4390
0
0
0
2893
0
0
0
0
0
3462
0
0
0
4587
0
0
0
0
0
0
0
0
0
0
0
0
0
0
0
0
0
0
0
0
0
3326
0
0
0
3663
0
0
0
3748
0
0
0
0
0
4843
0
0
0
4007
0
0
0
0
0
4215
0
0
0
3291
0
0
0
3252
0
0
0
0
0
5264
0
0
0
4336
0
0
0
0
0
0
0
0
0
0
0
0
0
0
0
0
0
0
0
0
0
4515
0
0
0
4414
0
0
0
4679
0
0
0
0
0
4010
0
0
0
3533
0
0
0
0
0
4048
0
0
0
3465
0
0
0
2818
0
0
0
0
0
3524
0
0
0
3008
0
0
0
0
0
0
0
0
0
0
0
0
0
0
0
0
0
0
0
0
0
4504
0
0
0
3869
0
0
0
4057
0
0
0
0
0
3613
0
0
0
3411
0
0
0
0
0
3652
0
0
0
2067
0
0
0
3489
0
0
0
0
0
4202
0
0
0
4210
0
0
0
0
0
0
0
0
0
0
0
0
0
0
0
0
0
0
0
0
0
4653
0
0
0
3338
0
0
0
3819
0
0
0
0
0
4814
0
0
0
4272
0
0
0
0
0
3979
0
0
0
4132
0
0
0
3875
0
0
0
0
0
4934
0
0
0
4963
0
0
0
0
0
0
0
0
0
0
0
0
0
0
0
0
0
0
0
0
0
4910
0
0
0
3819
0
0
0
4906
0
0
0
0
0
5903
0
0
0
5003
0
0
0
0
0
4431
0
0
0
4454
0
0
0
4372
0
0
0
0
0
5875
0
0
0
4801
0
0
0
0
0
0
0
0
0
0
0
0
0
0
0
0
0
0
0
0
0
4650
0
0
0
4102
0
0
0
3698
0
0
0
0
0
5327
0
0
0
4737
0
0
0
0
0
5217
0
0
0
4160
0
0
0
4133
0
0
0
0
0
5165
0
0
0
3951
0
0
0
0
0
0
0
0
0
0
0
0
0
0
0
0
0
0
0
0
0
5190
0
0
0
3557
0
0
0
3182
0
0
0
0
0
4561
0
0
0
4436
0
0
0
0
0
3967
0
0
0
2827
0
0
0
2555
0
0
0
0
0
4355
0
0
0
3813
0
0
0
0
0
0
0
0
0
0
0
0
0
0
0
0
0
0
0
0
0
3560
0
0
0
4446
0
0
0
3634
0
0
0
0
0
5483
0
0
0
4567
0
0
0
0
0
4092
0
0
0
3156
0
0
0
3114
0
0
0
0
0
4095
0
0
0
3743
0
0
0
0
0
0
0
0
0
0
0
0
0
0
0
0
0
0
0
0
0
3988
0
0
0
3886
0
0
0
3259
0
0
0
0
0
4415
0
0
0
5678
0
0
0
0
0
3693
0
0
0
4736
0
0
0
3816
0
0
0
0
0
4736
0
0
0
5071
0
0
0
0
0
0
0
0
0
0
0
0
0
0
0
0
0
0
0
0
0
0
0
0
0
0
0
0
0
0
0
0
0
0
0
0
0
0
0
0
0
0
0
0
0
0
0
0
0
0
0
0
0
0
0
0
0
0
0
0
0
0
0
0
0
0
0
0
0
0
0
0
0
0
0
0
0
0
0
0
0
0
0
0
0
0
0
0
0
0
0
0
0
0
0
0
0
0
0
0
0
0
0
0
0
0
0
0
0
0
0
0
0
0
0
0
0
0
0
0
0
0
0
0
0
0
0
0
0
0
0
0
0
0
0
0
0
0
0
0
0
0
0
0
0
0
0
0
0
0
0
0
0
0
0
0
0
0
0
0
0
0
0
0
0
0
0
0
0
0
0
0
0
0
0
0
0
0
0
0
0
0
0
0
0
0
0
0
0
0
0
0
0
0
0
0
0
0
0
0
0
0
0
0
0
0
0
0
0
0
0
0
0
0
0
0
0
0
0
0
0
0
0
0
0
0
0
0
0
0
0
0
0
0
0
0
0
0
0
0
0
0
0
0
0
0
0
0
0
0
0
0
0
0
0
0
0
0
0
0
0
0
0
0
0
0
0
0
0
0
0
0
0
0
0
0
0
0
0
0
0
0
0
0
0
0
0
0
0
0
0
0
0
0
0
0
0
0
0
0
0
0
0
0
0
0
0
0
0
0
0
0
0
0
0
0
0
0
0
0
0
0
0
0
0
0
0
0
0
0
0
0
0
0
0
0
0
0
0
0
0
0
0
0
0
0
0
0
0
0
0
0
0
0
0
0
0
0
0
0
0
0
0
0
0
0
0
0
0
0
0
0
0
0
0
0
0
0
0
0
0
0
0
0
0
0
0
0
0
0
0
0
0
0
0
0
0
0
0
0
0
0
0
0
0
2482
0
0
0
2617
0
0
0
3133
0
0
0
0
0
3572
0
0
0
3561
0
0
0
0
0
2326
0
0
0
2477
0
0
0
2458
0
0
0
0
0
2824
0
0
0
2873
0
0
0
0
0
0
0
0
0
0
0
0
0
0
0
0
0
0
0
0
0
2782
0
0
0
2742
0
0
0
3107
0
0
0
0
0
3190
0
0
0
2757
0
0
0
0
0
2616
0
0
0
2984
0
0
0
2572
0
0
0
0
0
3439
0
0
0
3061
0
0
0
0
0
0
0
0
0
0
0
0
0
0
0
0
0
0
0
0
0
3646
0
0
0
3537
0
0
0
3557
0
0
0
0
0
4474
0
0
0
4200
0
0
0
0
0
2641
0
0
0
3304
0
0
0
3232
0
0
0
0
0
4233
0
0
0
4022
0
0
0
0
0
0
0
0
0
0
0
0
0
0
0
0
0
0
0
0
0
0
0
0
0
0
0
0
0
0
0
0
0
0
0
0
0
0
0
0
0
0
0
0
0
0
0
0
0
0
0
0
0
0
0
0
0
0
0
0
0
0
0
0
0
0
0
0
0
0
0
0
0
0
0
0
0
0
0
0
0
0
0
0
0
2583
0
0
0
3051
0
0
0
2927
0
0
0
0
0
3217
0
0
0
3281
0
0
0
0
0
3179
0
0
0
2925
0
0
0
3370
0
0
0
0
0
3553
0
0
0
2985
0
0
0
0
0
0
0
0
0
0
0
0
0
0
0
0
0
0
0
0
0
2661
0
0
0
2790
0
0
0
2718
0
0
0
0
0
4703
0
0
0
4618
0
0
0
0
0
2321
0
0
0
2662
0
0
0
2938
0
0
0
0
0
4177
0
0
0
3359
0
0
0
0
0
0
0
0
0
0
0
0
0
0
0
0
0
0
0
0
0
2599
0
0
0
3347
0
0
0
3399
0
0
0
0
0
3860
0
0
0
4381
0
0
0
0
0
2766
0
0
0
4094
0
0
0
3519
0
0
0
0
0
3398
0
0
0
4695
0
0
0
0
0
0
0
0
0
0
0
0
0
0
0
0
0
0
0
0
0
3955
0
0
0
3004
0
0
0
4789
0
0
0
0
0
4116
0
0
0
4541
0
0
0
0
0
4294
0
0
0
3120
0
0
0
3904
0
0
0
0
0
6003
0
0
0
5488
0
0
0
0
0
0
0
0
0
0
0
0
0
0
0
0
0
0
0
0
0
3858
0
0
0
3171
0
0
0
2708
0
0
0
0
0
4395
0
0
0
3797
0
0
0
0
0
3221
0
0
0
2864
0
0
0
2918
0
0
0
0
0
4853
0
0
0
4364
0
0
0
0
0
0
0
0
0
0
0
0
0
0
0
0
0
0
0
0
0
4972
0
0
0
4226
0
0
0
4340
0
0
0
0
0
5472
0
0
0
5331
0
0
0
0
0
4585
0
0
0
3980
0
0
0
3024
0
0
0
0
0
5825
0
0
0
5376
0
0
0
0
0
0
0
0
0
0
0
0
0
0
0
0
0
0
0
0
0
0
0
0
0
0
0
0
0
0
0
0
0
0
0
0
0
0
0
0
0
0
0
0
0
0
0
0
0
0
0
0
0
0
0
0
0
0
0
0
0
0
0
0
0
0
0
0
0
0
0
0
0
0
0
0
0
0
0
0
0
0
0
0
0
0
0
0
0
0
0
0
0
0
0
0
0
0
0
0
0
0
0
0
0
0
0
0
0
0
0
0
0
0
0
0
0
0
0
0
0
0
0
0
0
0
0
0
0
0
0
0
0
0
0
0
0
0
0
0
0
0
0
0
0
0
0
0
0
2452
0
0
0
2815
0
0
0
2950
0
0
0
0
0
2787
0
0
0
3634
0
0
0
0
0
3553
0
0
0
3070
0
0
0
2761
0
0
0
0
0
3494
0
0
0
3481
0
0
0
0
0
0
0
0
0
0
0
0
0
0
0
0
0
0
0
0
0
2947
0
0
0
2710
0
0
0
3005
0
0
0
0
0
3504
0
0
0
3284
0
0
0
0
0
2650
0
0
0
2738
0
0
0
2996
0
0
0
0
0
3483
0
0
0
2829
0
0
0
0
0
0
0
0
0
0
0
0
0
0
0
0
0
0
0
0
0
2644
0
0
0
2619
0
0
0
2596
0
0
0
0
0
3422
0
0
0
3054
0
0
0
0
0
2061
0
0
0
2928
0
0
0
2990
0
0
0
0
0
3178
0
0
0
3860
0
0
0
0
0
0
0
0
0
0
0
0
0
0
0
0
0
0
0
0
0
3137
0
0
0
3712
0
0
0
3324
0
0
0
0
0
4192
0
0
0
3700
0
0
0
0
0
2647
0
0
0
2945
0
0
0
2658
0
0
0
0
0
2968
0
0
0
3930
0
0
0
0
0
0
0
0
0
0
0
0
0
0
0
0
0
0
0
0
0
3804
0
0
0
3090
0
0
0
4388
0
0
0
0
0
5226
0
0
0
4412
0
0
0
0
0
3811
0
0
0
3542
0
0
0
4840
0
0
0
0
0
3646
0
0
0
3657
0
0
0
0
0
0
0
0
0
0
0
0
0
0
0
0
0
0
0
0
0
2274
0
0
0
2985
0
0
0
2749
0
0
0
0
0
3640
0
0
0
3332
0
0
0
0
0
3332
0
0
0
2626
0
0
0
3137
0
0
0
0
0
3761
0
0
0
3264
0
0
0
0
0
0
0
0
0
0
0
0
0
0
0
0
0
0
0
0
0
3964
0
0
0
2780
0
0
0
3776
0
0
0
0
0
5033
0
0
0
5229
0
0
0
0
0
4075
0
0
0
3466
0
0
0
4261
0
0
0
0
0
5125
0
0
0
4154
0
0
0
0
0
0
0
0
0
0
0
0
0
0
0
0
0
0
0
0
0
3992
0
0
0
3824
0
0
0
3100
0
0
0
0
0
3917
0
0
0
3761
0
0
0
0
0
2462
0
0
0
3032
0
0
0
3644
0
0
0
0
0
4558
0
0
0
4702
0
0
0
0
0
0
0
0
0
0
0
0
0
0
0
0
0
0
0
0
0
4036
0
0
0
2645
0
0
0
3416
0
0
0
0
0
5179
0
0
0
4722
0
0
0
0
0
3656
0
0
0
3541
0
0
0
3443
0
0
0
0
0
4375
0
0
0
4369
0
0
0
0
0
0
0
0
0
0
0
0
0
0
0
0
0
0
0
0
0
3838
0
0
0
3406
0
0
0
3362
0
0
0
0
0
3975
0
0
0
3602
0
0
0
0
0
3923
0
0
0
3863
0
0
0
2927
0
0
0
0
0
4055
0
0
0
4153
0
0
0
0
0
0
0
0
0
0
0
0
0
0
0
0
0
0
0
0
0
4187
0
0
0
3873
0
0
0
4107
0
0
0
0
0
5068
0
0
0
4047
0
0
0
0
0
3945
0
0
0
2939
0
0
0
4162
0
0
0
0
0
4467
0
0
0
3551
0
0
0
0
0
0
0
0
0
0
0
0
0
0
0
0
0
0
0
0
0
3626
0
0
0
3224
0
0
0
4447
0
0
0
0
0
3464
0
0
0
3751
0
0
0
0
0
2997
0
0
0
3623
0
0
0
3496
0
0
0
0
0
3890
0
0
0
3699
0
0
0
0
0
0
0
0
0
0
0
0
0
0
0
0
0
0
0
0
0
3145
0
0
0
4273
0
0
0
3927
0
0
0
0
0
5061
0
0
0
5127
0
0
0
0
0
4003
0
0
0
4060
0
0
0
3997
0
0
0
0
0
5732
0
0
0
5153
0
0
0
0
0
0
0
0
0
0
0
0
0
0
0
0
0
0
0
0
0
4456
0
0
0
5157
0
0
0
4321
0
0
0
0
0
4508
0
0
0
4828
0
0
0
0
0
5029
0
0
0
4201
0
0
0
4478
0
0
0
0
0
5540
0
0
0
4415
0
0
0
0
0
0
0
0
0
0
0
0
0
0
0
0
0
0
0
0
0
4454
0
0
0
3232
0
0
0
4455
0
0
0
0
0
4641
0
0
0
3966
0
0
0
0
0
4242
0
0
0
3685
0
0
0
3882
0
0
0
0
0
5472
0
0
0
4446
0
0
0
0
0
0
0
0
0
0
0
0
0
0
0
0
0
0
0
0
0
4783
0
0
0
3510
0
0
0
2774
0
0
0
0
0
4457
0
0
0
3787
0
0
0
0
0
4039
0
0
0
3431
0
0
0
3370
0
0
0
0
0
4600
0
0
0
4580
0
0
0
0
0
0
0
0
0
0
0
0
0
0
0
0
0
0
0
0
0
3834
0
0
0
4907
0
0
0
4950
0
0
0
0
0
4806
0
0
0
4306
0
0
0
0
0
4654
0
0
0
4261
0
0
0
3877
0
0
0
0
0
5549
0
0
0
5402
0
0
0
0
0
0
0
0
0
0
0
0
0
0
0
0
0
0
0
0
0
4050
0
0
0
3662
0
0
0
3993
0
0
0
0
0
4120
0
0
0
4652
0
0
0
0
0
3759
0
0
0
4071
0
0
0
3597
0
0
0
0
0
3801
0
0
0
4250
0
0
0
0
0
0
0
0
0
0
0
0
0
0
0
0
0
0
0
0
0
0
0
0
0
0
0
0
0
0
0
0
0
0
0
0
0
0
0
0
0
0
0
0
0
0
0
0
0
0
0
0
0
0
0
0
0
0
0
0
0
0
0
0
0
0
0
0
0
0
0
0
0
0
0
0
0
0
0
0
0
0
0
0
0
0
0
0
0
0
0
0
0
0
0
0
0
0
0
0
0
0
0
0
0
0
0
0
0
0
0
0
0
0
0
0
0
0
0
0
0
0
0
0
0
0
0
0
0
0
0
0
0
0
0
0
0
0
0
0
0
0
0
0
0
0
0
0
0
0
0
0
0
0
0
0
0
0
0
0
0
0
0
0
0
0
0
0
0
0
0
0
0
0
0
0
0
0
0
0
0
0
0
0
0
0
0
0
0
0
0
0
0
0
0
0
0
0
0
0
0
0
0
0
0
0
0
0
0
0
0
0
0
0
0
0
0
0
0
0
0
0
0
0
0
0
0
0
0
0
0
0
0
0
0
0
0
0
0
0
0
0
0
0
0
0
0
0
0
0
0
0
0
0
0
0
0
0
0
0
0
0
0
0
0
0
0
0
0
0
0
0
0
0
0
0
0
0
0
0
0
0
0
0
0
0
0
0
0
0
0
0
0
0
0
0
0
0
0
0
0
0
0
0
0
0
0
0
0
0
0
0
0
0
0
0
0
0
0
0
0
0
0
0
0
0
0
0
0
0
0
0
0
0
0
0
0
0
0
0
0
0
0
0
0
0
0
0
0
0
0
0
0
0
0
0
0
0
0
0
0
0
0
0
0
0
0
0
0
0
0
0
0
0
0
0
0
0
0
0
0
0
0
0
0
0
0
0
0
0
0
0
0
0
0
0
0
0
0
0
0
0
0
0
0
3146
0
0
0
2965
0
0
0
3490
0
0
0
0
0
3997
0
0
0
3971
0
0
0
0
0
3477
0
0
0
3247
0
0
0
3485
0
0
0
0
0
3593
0
0
0
3867
0
0
0
0
0
0
0
0
0
0
0
0
0
0
0
0
0
0
0
0
0
3666
0
0
0
4094
0
0
0
3564
0
0
0
0
0
3409
0
0
0
3384
0
0
0
0
0
4248
0
0
0
3101
0
0
0
3491
0
0
0
0
0
3881
0
0
0
3744
0
0
0
0
0
0
0
0
0
0
0
0
0
0
0
0
0
0
0
0
0
4019
0
0
0
3750
0
0
0
3866
0
0
0
0
0
4004
0
0
0
5440
0
0
0
0
0
4477
0
0
0
4001
0
0
0
3796
0
0
0
0
0
5027
0
0
0
4671
0
0
0
0
0
0
0
0
0
0
0
0
0
0
0
0
0
0
0
0
0
0
0
0
0
0
0
0
0
0
0
0
0
0
0
0
0
0
0
0
0
0
0
0
0
0
0
0
0
0
0
0
0
0
0
0
0
0
0
0
0
0
0
0
0
0
0
0
0
0
0
0
0
0
0
0
0
0
0
0
0
0
0
0
0
2506
0
0
0
2402
0
0
0
1915
0
0
0
0
0
4223
0
0
0
3045
0
0
0
0
0
2414
0
0
0
2483
0
0
0
2771
0
0
0
0
0
2593
0
0
0
3003
0
0
0
0
0
0
0
0
0
0
0
0
0
0
0
0
0
0
0
0
0
2990
0
0
0
3318
0
0
0
3532
0
0
0
0
0
3850
0
0
0
3986
0
0
0
0
0
2415
0
0
0
3800
0
0
0
3739
0
0
0
0
0
3761
0
0
0
4264
0
0
0
0
0
0
0
0
0
0
0
0
0
0
0
0
0
0
0
0
0
3558
0
0
0
2785
0
0
0
2880
0
0
0
0
0
3782
0
0
0
4015
0
0
0
0
0
3233
0
0
0
3394
0
0
0
2712
0
0
0
0
0
4067
0
0
0
4351
0
0
0
0
0
0
0
0
0
0
0
0
0
0
0
0
0
0
0
0
0
5485
0
0
0
4842
0
0
0
3824
0
0
0
0
0
4558
0
0
0
4497
0
0
0
0
0
4455
0
0
0
3762
0
0
0
4099
0
0
0
0
0
4021
0
0
0
3660
0
0
0
0
0
0
0
0
0
0
0
0
0
0
0
0
0
0
0
0
0
3180
0
0
0
3280
0
0
0
3410
0
0
0
0
0
4066
0
0
0
4231
0
0
0
0
0
3822
0
0
0
3490
0
0
0
3817
0
0
0
0
0
3263
0
0
0
4118
0
0
0
0
0
0
0
0
0
0
0
0
0
0
0
0
0
0
0
0
0
3744
0
0
0
4149
0
0
0
4154
0
0
0
0
0
5106
0
0
0
5269
0
0
0
0
0
4168
0
0
0
3137
0
0
0
4138
0
0
0
0
0
4751
0
0
0
4715
0
0
0
0
0
0
0
0
0
0
0
0
0
0
0
0
0
0
0
0
0
0
0
0
0
0
0
0
0
0
0
0
0
0
0
0
0
0
0
0
0
0
0
0
0
0
0
0
0
0
0
0
0
0
0
0
0
0
0
0
0
0
0
0
0
0
0
0
0
0
0
0
0
0
0
0
0
0
0
0
0
0
0
0
0
0
0
0
0
0
0
0
0
0
0
0
0
0
0
0
0
0
0
0
0
0
0
0
0
0
0
0
0
0
0
0
0
0
0
0
0
0
0
0
0
0
0
0
0
0
0
0
0
0
0
0
0
0
0
0
0
0
0
0
0
0
0
0
0
0
0
0
0
0
0
0
0
0
0
0
0
0
0
0
0
0
0
0
0
0
0
0
0
0
0
0
0
0
0
0
0
