%pattern_data
-60
3
9
4
4
4
0
0
0
1
0
0
0
0
0
0
0
0
0
0
0
0
1
45
113
0
0
52
74
0
0
0
0
0
0
32
1
-68
-21
1
-2
5
5
5
-2
5
5
5
-2
5
5
5
-2
5
5
5
-2
5
5
5
-2
5
5
5
-2
5
5
5
-2
5
5
5
-2
5
5
5
-2
5
5
5
-2
5
5
5
-2
5
5
5
-2
5
5
5
-2
5
5
5
-2
5
5
5
-2
5
5
5
0
0
0
0
0
0
0
0
0
0
0
0
0
0
0
0
0
0
0
0
0
0
0
0
0
0
0
0
0
0
0
0
290045
593923
870703
1157188
1446644
1756032
2051088
2335692
2622676
2915215
3195714
3487574
3757982
4080998
4358299
4632381
4915669
5224853
5505896
5781497
6069478
6382698
6656054
6948322
7228005
7550771
7827143
8102971
8379887
8695261
8977302
9253333
4915669
5224853
5505896
5781497
6069478
6382698
6656054
6948322
7228005
7550771
7827143
8102971
8379887
8695261
8977302
9253333
290045
593923
870703
1157188
1446644
1756032
2051088
2335692
2622676
2915215
3195714
3487574
3757982
4080998
4358299
4632381
306485
589909
870748
1150476
1450159
1758957
2046757
2318549
2599728
2912313
3193492
3476644
3751905
4072381
4342018
4628866
4904943
5208934
5489342
5781519
7218753
6381859
6665193
6954853
7218753
7538912
7808503
8096304
8378730
8699864
8991950
9258526
4904943
5208934
5489342
5781519
7218753
6381859
6665193
6954853
7218753
7538912
7808503
8096304
8378730
8699864
8991950
9258526
306485
589909
870748
1150476
1450159
1758957
2046757
2318549
2599728
2912313
3193492
3476644
3751905
4072381
4342018
4628866
314898
592245
867392
1139093
1442336
1750952
2045102
2324444
2609410
2885057
3180476
3457256
3746531
4050476
4349955
4631043
4918503
5208050
5510136
5782149
6066599
6364127
6651633
6941338
7231020
7527800
7804331
8100295
8383855
7527800
8970499
9249773
4918503
5208050
5510136
5782149
6066599
6364127
6651633
6941338
7231020
7527800
7804331
8100295
8383855
7527800
8970499
9249773
314898
592245
867392
1139093
1442336
1750952
2045102
2324444
2609410
2885057
3180476
3457256
3746531
4050476
4349955
4631043
306485
600454
887347
1168141
1455941
600454
2028685
2316032
2615261
2925624
3198299
3469342
3757914
4071814
4343560
4624807
4926213
5226599
5496599
5791202
6067800
6391043
6643447
6922562
7224331
7496531
7797891
8087075
8390726
8658639
8954898
9238889
4926213
5226599
5496599
5791202
6067800
6391043
6643447
6922562
7224331
7496531
7797891
8087075
8390726
8658639
8954898
9238889
306485
600454
887347
1168141
1455941
600454
2028685
2316032
2615261
2925624
3198299
3469342
3757914
4071814
4343560
4624807
305828
618005
885646
1175034
1450204
1756145
2037868
2324490
2606803
2899365
3184717
2324490
3775147
4068753
4343039
4636009
4922698
5226526
5501973
5780408
6072404
6379932
6630204
6930748
7236984
6373992
7788503
8074172
8368005
8684065
8962971
9253016
4922698
5226526
5501973
5780408
6072404
6379932
6630204
6930748
7236984
6373992
7788503
8074172
8368005
8684065
8962971
9253016
305828
618005
885646
1175034
1450204
1756145
2037868
2324490
2606803
2899365
3184717
2324490
3775147
4068753
4343039
4636009
303492
605964
869569
1169342
1449592
1774966
2057574
2326259
2605261
2908912
3190408
3488050
3763265
4082744
4364490
4633397
4902540
5220590
6647483
5792925
6048662
6373333
6647483
6935873
7216485
7522177
7802426
8093356
8361633
8679751
8963379
8093356
4902540
5220590
6647483
5792925
6048662
6373333
6647483
6935873
7216485
7522177
7802426
8093356
8361633
8679751
8963379
8093356
303492
605964
869569
1169342
1449592
1774966
2057574
2326259
2605261
2908912
3190408
3488050
3763265
4082744
4364490
4633397
244263
465578
643061
853107
1055737
1248163
1437506
1641224
1849660
2047528
2253878
2459138
2667891
2865374
3058186
3263311
3478957
3661134
3870703
4088277
4301837
4490658
4700181
4895669
5098776
5292971
5490091
5692562
5897188
6104694
6312426
6498186
3478957
3661134
3870703
4088277
4301837
4490658
4700181
4895669
5098776
5292971
5490091
5692562
5897188
6104694
6312426
6498186
244263
465578
643061
853107
1055737
1248163
1437506
1641224
1849660
2047528
2253878
2459138
2667891
2865374
3058186
3263311
237596
436780
635397
832766
1039093
1248186
1444195
1649025
1855737
2048707
2252789
2446757
2656100
2863175
3066893
3259206
3470499
3683855
3881859
4069887
4265964
4474172
4681383
4886168
5092789
5312290
5496644
5685941
5914331
6104490
6308367
6507188
3470499
3683855
3881859
4069887
4265964
4474172
4681383
4886168
5092789
5312290
5496644
5685941
5914331
6104490
6308367
6507188
237596
436780
635397
832766
1039093
1248186
1444195
1649025
1855737
2048707
2252789
2446757
2656100
2863175
3066893
3259206
225261
449705
663810
853333
1055828
1248776
1450952
1639546
1841270
2025034
2268639
2456372
2671746
2868005
3075578
3261361
3486190
3680680
3890839
4077166
4274694
4486395
4686032
4877574
5103129
5298050
5513605
5706440
5913265
6085023
6318435
6509388
3486190
3680680
3890839
4077166
4274694
4486395
4686032
4877574
5103129
5298050
5513605
5706440
5913265
6085023
6318435
6509388
225261
449705
663810
853333
1055828
1248776
1450952
1639546
1841270
2025034
2268639
2456372
2671746
2868005
3075578
3261361
227392
453424
646689
831088
1847937
1251927
1458231
1642177
1847937
2065986
2255669
2443469
2651542
2867937
3064921
3251179
3471134
3695556
3875102
4074399
5897392
4458821
4671156
4859705
3471134
5293991
5485351
5682721
5897392
6103016
6302698
6507732
3471134
3695556
3875102
4074399
5897392
4458821
4671156
4859705
3471134
5293991
5485351
5682721
5897392
6103016
6302698
6507732
227392
453424
646689
831088
1847937
1251927
1458231
1642177
1847937
2065986
2255669
2443469
2651542
2867937
3064921
3251179
226077
451224
631565
829297
1032993
1253492
1457279
1644490
1842290
2064785
2257302
2449887
2649546
2873696
3054490
3257800
3462676
3679819
3867823
4080703
4285283
4498254
4671497
4876231
5085669
5303129
5508390
5701156
5897188
6116712
6291791
6502086
3462676
3679819
3867823
4080703
4285283
4498254
4671497
4876231
5085669
5303129
5508390
5701156
5897188
6116712
6291791
6502086
226077
451224
631565
829297
1032993
1253492
1457279
1644490
1842290
2064785
2257302
2449887
2649546
2873696
3054490
3257800
229274
465556
662540
842449
1049161
1248050
1470204
1650227
1854989
2068594
2258367
2441519
2656961
2861315
3065306
3247460
3463968
3679388
3892358
4079841
4295805
4494830
4699229
4875283
5089048
5273605
5491497
5685397
5903084
6092086
6308435
6503583
3463968
3679388
3892358
4079841
4295805
4494830
4699229
4875283
5089048
5273605
5491497
5685397
5903084
6092086
6308435
6503583
229274
465556
662540
842449
1049161
1248050
1470204
1650227
1854989
2068594
2258367
2441519
2656961
2861315
3065306
3247460
0
0
0
0
0
0
0
0
0
0
0
0
0
0
0
0
0
0
0
0
0
0
0
0
0
0
0
0
0
0
0
0
0
0
0
0
0
0
0
0
0
0
0
0
0
0
0
0
0
0
0
0
0
0
0
0
0
0
0
0
0
0
0
0
0
0
0
0
0
0
0
0
0
0
0
0
0
0
0
0
0
0
0
0
0
0
0
0
0
0
0
0
0
0
0
0
0
0
0
0
0
0
0
0
0
0
0
0
0
0
0
0
0
0
0
0
0
0
0
0
0
0
0
0
0
0
0
0
0
0
0
0
0
0
0
0
0
0
0
0
0
0
0
0
0
0
0
0
0
0
0
0
0
0
0
0
0
0
0
0
0
0
0
0
0
0
0
0
0
0
0
0
0
0
0
0
0
0
0
0
0
0
0
0
0
0
0
0
0
0
0
0
0
0
0
0
0
0
0
0
0
0
0
0
0
0
0
0
0
0
0
0
0
0
0
0
0
0
0
0
0
0
0
0
0
0
0
0
0
0
0
0
0
0
0
0
0
0
0
0
0
0
0
0
0
0
0
0
0
0
0
0
0
0
0
0
0
0
0
0
0
0
0
0
0
0
0
0
0
0
0
0
0
0
0
0
0
0
0
0
0
0
0
0
0
0
0
0
0
0
0
0
0
0
0
0
0
0
0
0
0
0
0
0
0
0
0
0
0
0
0
0
0
0
0
0
0
0
0
0
0
0
0
0
0
0
0
0
0
0
0
0
0
0
0
0
0
0
0
0
0
0
0
0
0
0
0
0
0
0
0
0
0
0
0
0
0
0
0
0
0
0
0
0
0
0
0
0
0
0
0
0
0
0
0
0
0
0
0
0
0
0
0
0
0
0
0
0
0
0
0
0
0
0
0
0
0
0
0
0
0
0
0
0
0
0
0
0
0
0
0
0
0
0
0
0
0
0
0
0
0
0
0
0
0
0
0
0
0
0
0
0
0
0
0
0
0
0
0
0
0
0
0
0
0
0
0
0
0
0
0
0
0
0
0
0
0
0
0
0
0
0
0
0
0
0
0
0
0
0
0
0
0
0
0
0
0
0
0
0
0
0
0
0
0
0
0
0
0
0
0
0
0
0
0
0
0
0
0
0
0
0
0
0
0
0
0
0
0
0
0
0
0
0
0
0
0
0
0
0
0
0
0
0
0
0
0
0
0
0
0
0
0
0
0
0
0
0
0
0
0
0
0
0
0
0
0
0
0
0
0
0
0
0
0
0
0
0
0
0
0
0
0
0
0
0
0
0
0
0
0
0
0
0
0
0
0
0
0
0
0
0
0
0
0
0
0
0
0
0
0
0
0
0
0
0
0
0
0
0
0
0
0
0
0
0
0
0
0
0
0
0
0
0
0
0
0
0
0
0
0
0
0
0
0
0
0
0
0
0
0
0
0
0
0
0
0
0
0
0
0
0
0
0
0
0
0
0
0
0
0
0
0
0
0
0
0
0
0
0
0
0
0
0
0
0
0
0
0
0
0
0
0
0
0
0
0
0
0
0
0
0
0
0
0
0
0
0
0
0
0
0
0
0
0
0
0
0
0
0
0
0
0
0
0
0
0
0
0
0
0
0
0
0
0
0
0
0
0
0
0
0
0
0
0
0
0
0
0
0
0
0
0
0
0
0
0
0
0
0
0
0
0
0
0
0
0
0
0
0
0
0
0
0
0
0
0
0
0
0
0
0
0
0
0
0
0
0
0
0
0
0
0
0
0
0
0
0
0
0
0
0
0
0
0
0
0
0
0
0
0
0
0
0
0
0
0
0
0
0
0
0
0
0
0
0
0
0
0
0
0
0
0
0
0
0
0
0
0
0
0
0
0
0
0
0
0
0
0
0
0
0
0
0
0
0
0
0
0
0
0
0
0
0
0
0
0
0
0
0
0
0
0
0
0
0
0
0
0
0
0
0
0
0
0
0
0
0
0
0
0
0
0
0
0
0
0
0
0
0
0
0
0
0
0
0
0
0
0
0
0
0
0
0
0
0
0
0
0
0
0
0
0
0
0
0
0
0
0
0
0
0
0
0
0
0
0
0
0
0
0
0
0
0
0
0
0
0
0
0
0
0
0
0
0
0
0
0
0
0
0
0
0
0
0
0
0
0
0
0
0
0
0
0
0
0
0
0
0
0
0
0
0
0
0
0
0
0
0
0
0
0
0
0
0
0
0
0
0
0
0
0
0
0
0
0
0
0
0
0
0
0
0
0
0
0
0
0
0
0
0
0
0
0
0
0
0
0
0
0
0
0
0
0
0
0
0
0
0
0
0
0
0
0
0
0
0
0
0
0
0
0
0
0
0
0
0
0
0
0
0
0
0
0
0
0
0
0
0
0
0
0
0
0
0
0
0
0
0
0
0
0
0
0
0
0
0
0
0
0
0
0
0
0
0
0
0
0
0
0
0
0
0
0
0
0
0
0
0
0
0
0
0
0
0
0
0
0
0
0
0
0
0
0
0
0
0
0
0
0
0
0
0
0
0
0
0
0
0
0
0
0
0
0
0
0
0
0
0
0
0
0
0
0
0
0
0
0
0
0
0
0
0
0
0
0
0
0
0
0
0
0
0
0
0
0
0
0
0
0
0
0
0
0
0
0
0
0
0
0
0
0
0
0
0
0
0
0
0
0
0
0
0
0
0
0
0
0
0
0
0
0
0
0
0
0
0
0
0
0
0
0
0
0
0
0
0
0
0
0
0
0
0
0
0
0
0
0
0
0
0
0
0
0
0
0
0
0
0
0
0
0
0
0
0
0
0
0
0
0
0
0
0
0
0
0
0
0
0
0
0
0
0
0
0
0
0
0
0
0
0
0
0
0
0
0
0
0
0
0
0
0
0
0
0
0
0
0
0
0
0
0
0
0
0
0
0
0
0
0
0
0
0
0
0
0
0
0
0
0
0
0
0
0
0
0
0
0
0
0
0
0
0
0
0
0
0
0
0
0
0
0
0
0
0
0
0
0
0
0
0
0
0
0
0
0
0
0
0
0
0
0
0
0
0
0
0
0
0
0
0
0
0
0
0
0
0
0
0
0
0
0
0
0
0
0
0
0
0
0
0
0
0
0
0
0
0
0
0
0
0
0
0
0
0
0
0
0
0
0
0
0
0
0
0
0
0
0
0
0
0
0
0
0
0
0
0
0
0
0
0
0
0
0
0
0
0
0
0
0
0
0
0
0
0
0
0
0
0
0
0
0
0
0
0
0
0
0
0
0
0
0
0
0
0
0
0
0
0
0
0
0
0
0
0
0
0
0
0
0
0
0
0
0
0
0
0
0
0
0
0
0
0
0
0
0
0
0
0
0
0
0
0
0
0
0
0
0
0
0
0
0
0
0
0
0
0
0
0
0
0
0
0
0
0
0
0
0
0
0
0
0
0
0
0
0
0
0
0
0
0
0
0
0
0
0
0
0
0
0
0
0
0
0
0
0
284184
588231
881293
1163424
1452234
1727188
2032222
2319025
2610510
2913900
3209524
3498027
3785363
4056463
4359569
4637800
4934388
5208639
5503991
5800658
6068255
6376304
6665782
6952018
7224494
7515011
7812676
8097392
8374607
8651293
8968367
9257755
4934388
5208639
5503991
5800658
6068255
6376304
6665782
6952018
7224494
7515011
7812676
8097392
8374607
8651293
8968367
9257755
284184
588231
881293
1163424
1452234
1727188
2032222
2319025
2610510
2913900
3209524
3498027
3785363
4056463
4359569
4637800
293829
575374
873429
1160227
1465473
1738937
2025601
2314830
2594932
2885442
3189297
3470499
3765227
4044331
4328481
4622517
4909853
5204399
5502562
5797460
6076043
6349728
6651882
6928390
7222596
7485261
7797914
8088639
8384025
8670159
8985057
9242676
4909853
5204399
5502562
5797460
6076043
6349728
6651882
6928390
7222596
7485261
7797914
8088639
8384025
8670159
8985057
9242676
293829
575374
873429
1160227
1465473
1738937
2025601
2314830
2594932
2885442
3189297
3470499
3765227
4044331
4328481
4622517
291077
596170
884995
1186817
1441803
1759093
2037460
2326757
2625249
2899932
3183583
3500544
3798401
4074418
4357596
4642608
4900102
5198798
5501202
5792971
6065317
6369002
6651361
6941429
7199649
7501451
7787937
8102449
8385612
8640862
8964580
9252154
4900102
5198798
5501202
5792971
6065317
6369002
6651361
6941429
7199649
7501451
7787937
8102449
8385612
8640862
8964580
9252154
291077
596170
884995
1186817
1441803
1759093
2037460
2326757
2625249
2899932
3183583
3500544
3798401
4074418
4357596
4642608
293061
590249
879342
1177007
1463537
1735714
2048549
2346485
2613605
2876984
3169161
3488776
3764717
4038390
4345964
4637959
4920000
5189025
5504694
5790045
6078390
6334036
6650998
6937324
7212585
7503923
7807528
8102313
8368912
8634739
8957370
9246780
4920000
5189025
5504694
5790045
6078390
6334036
6650998
6937324
7212585
7503923
7807528
8102313
8368912
8634739
8957370
9246780
293061
590249
879342
1177007
1463537
1735714
2048549
2346485
2613605
2876984
3169161
3488776
3764717
4038390
4345964
4637959
278141
546871
857007
1154150
1459456
1732834
2045488
2324830
2609388
2865805
3182721
3481043
3774240
4046304
4360907
4648186
4941315
5202154
5496984
5788118
6079887
6336077
6643492
6937166
7227347
7507687
7808753
8092540
8390317
8679206
8965646
9248073
4941315
5202154
5496984
5788118
6079887
6336077
6643492
6937166
7227347
7507687
7808753
8092540
8390317
8679206
8965646
9248073
278141
546871
857007
1154150
1459456
1732834
2045488
2324830
2609388
2865805
3182721
3481043
3774240
4046304
4360907
4648186
303866
588730
877891
1197394
1470351
1748662
2050317
2327732
2616655
2924875
3194694
3490499
3786111
4056100
4344512
4623084
4916701
5189864
5492562
5796531
6085884
6372880
6650975
6939161
7232642
7496054
7803492
8086417
8370873
8664875
8969841
9258639
4916701
5189864
5492562
5796531
6085884
6372880
6650975
6939161
7232642
7496054
7803492
8086417
8370873
8664875
8969841
9258639
303866
588730
877891
1197394
1470351
1748662
2050317
2327732
2616655
2924875
3194694
3490499
3786111
4056100
4344512
4623084
218685
411565
602698
803016
1028662
1239025
1427664
1641837
1843265
2053515
2254989
1641837
2676848
2878662
3037256
803016
3455465
3654762
3849683
1641837
4265828
4452698
4673333
803016
5102608
5288957
5496916
4452698
5911519
6092381
6296916
6092381
3455465
3654762
3849683
1641837
4265828
4452698
4673333
803016
5102608
5288957
5496916
4452698
5911519
6092381
6296916
6092381
218685
411565
602698
803016
1028662
1239025
1427664
1641837
1843265
2053515
2254989
1641837
2676848
2878662
3037256
803016
213878
429932
628730
839138
1060249
1252789
1454376
1639660
1828503
2040113
2233515
2438095
2629093
2845986
3025782
3249932
3461655
4489955
3854626
4069433
4253764
4489955
4671474
4864082
5053537
4489955
6295918
5690658
5904444
6106939
6295918
6494240
3461655
4489955
3854626
4069433
4253764
4489955
4671474
4864082
5053537
4489955
6295918
5690658
5904444
6106939
6295918
6494240
213878
429932
628730
839138
1060249
1252789
1454376
1639660
1828503
2040113
2233515
2438095
2629093
2845986
3025782
3249932
206599
431973
607642
827551
1012041
1247052
1450567
3286599
1822154
2041927
2233288
827551
1012041
2906190
3089955
3286599
3476803
3704649
3899932
4102789
4268798
6108526
4686259
4102789
5063084
6108526
5507868
5705828
5886463
6108526
6320884
6511179
3476803
3704649
3899932
4102789
4268798
6108526
4686259
4102789
5063084
6108526
5507868
5705828
5886463
6108526
6320884
6511179
206599
431973
607642
827551
1012041
1247052
1450567
3286599
1822154
2041927
2233288
827551
1012041
2906190
3089955
3286599
218639
446757
615374
833379
1043855
1243492
1455692
1644399
1822245
2038118
2242562
2460091
2672109
2038118
3076508
3284036
3480567
3705964
3879660
4072313
4276644
4491927
4693175
4909637
5093878
3705964
5499320
5702766
5890907
4491927
6306417
6518912
3480567
3705964
3879660
4072313
4276644
4491927
4693175
4909637
5093878
3705964
5499320
5702766
5890907
4491927
6306417
6518912
218639
446757
615374
833379
1043855
1243492
1455692
1644399
1822245
2038118
2242562
2460091
2672109
2038118
3076508
3284036
211655
454263
635057
857007
1042744
1269206
1458707
1681995
1863333
2073741
2251406
2467982
2642993
2073741
3045420
3260385
3488685
3715351
3888707
4078435
4290363
4518367
4685964
4871474
5086236
5322676
5495079
5679615
5891043
6124104
6312540
6517392
3488685
3715351
3888707
4078435
4290363
4518367
4685964
4871474
5086236
5322676
5495079
5679615
5891043
6124104
6312540
6517392
211655
454263
635057
857007
1042744
1269206
1458707
1681995
1863333
2073741
2251406
2467982
2642993
2073741
3045420
3260385
199637
411746
602472
785805
1012086
1231179
1440249
1648526
1854240
2046825
2248503
2458707
2658662
2868345
3072562
3271497
3471247
3668662
3878163
4075669
4275351
4478118
4673741
4883265
5084286
5280884
5498912
4883265
5900567
6100998
6308231
6509569
3471247
3668662
3878163
4075669
4275351
4478118
4673741
4883265
5084286
5280884
5498912
4883265
5900567
6100998
6308231
6509569
199637
411746
602472
785805
1012086
1231179
1440249
1648526
1854240
2046825
2248503
2458707
2658662
2868345
3072562
3271497
0
0
0
0
0
0
0
0
0
0
0
0
0
0
0
0
0
0
0
0
0
0
0
0
0
0
0
0
0
0
0
0
0
0
0
0
0
0
0
0
0
0
0
0
0
0
0
0
0
0
0
0
0
0
0
0
0
0
0
0
0
0
0
0
0
0
0
0
0
0
0
0
0
0
0
0
0
0
0
0
0
0
0
0
0
0
0
0
0
0
0
0
0
0
0
0
0
0
0
0
0
0
0
0
0
0
0
0
0
0
0
0
0
0
0
0
0
0
0
0
0
0
0
0
0
0
0
0
0
0
0
0
0
0
0
0
0
0
0
0
0
0
0
0
0
0
0
0
0
0
0
0
0
0
0
0
0
0
0
0
0
0
0
0
0
0
0
0
0
0
0
0
0
0
0
0
0
0
0
0
0
0
0
0
0
0
0
0
0
0
0
0
0
0
0
0
0
0
0
0
0
0
0
0
0
0
0
0
0
0
0
0
0
0
0
0
0
0
0
0
0
0
0
0
0
0
0
0
0
0
0
0
0
0
0
0
0
0
0
0
0
0
0
0
0
0
0
0
0
0
0
0
0
0
0
0
0
0
0
0
0
0
0
0
0
0
0
0
0
0
0
0
0
0
0
0
0
0
0
0
0
0
0
0
0
0
0
0
0
0
0
0
0
0
0
0
0
0
0
0
0
0
0
0
0
0
0
0
0
0
0
0
0
0
0
0
0
0
0
0
0
0
0
0
0
0
0
0
0
0
0
0
0
0
0
0
0
0
0
0
0
0
0
0
0
0
0
0
0
0
0
0
0
0
0
0
0
0
0
0
0
0
0
0
0
0
0
0
0
0
0
0
0
0
0
0
0
0
0
0
0
0
0
0
0
0
0
0
0
0
0
0
0
0
0
0
0
0
0
0
0
0
0
0
0
0
0
0
0
0
0
0
0
0
0
0
0
0
0
0
0
0
0
0
0
0
0
0
0
0
0
0
0
0
0
0
0
0
0
0
0
0
0
0
0
0
0
0
0
0
0
0
0
0
0
0
0
0
0
0
0
0
0
0
0
0
0
0
0
0
0
0
0
0
0
0
0
0
0
0
0
0
0
0
0
0
0
0
0
0
0
0
0
0
0
0
0
0
0
0
0
0
0
0
0
0
0
0
0
0
0
0
0
0
0
0
0
0
0
0
0
0
0
0
0
0
0
0
0
0
0
0
0
0
0
0
0
0
0
0
0
0
0
0
0
0
0
0
0
0
0
0
0
0
0
0
0
0
0
0
0
0
0
0
0
0
0
0
0
0
0
0
0
0
0
0
0
0
0
0
0
0
0
0
0
0
0
0
0
0
0
0
0
0
0
0
0
0
0
0
0
0
0
0
0
0
0
0
0
0
0
0
0
0
0
0
0
0
0
0
0
0
0
0
0
0
0
0
0
0
0
0
0
0
0
0
0
0
0
0
0
0
0
0
0
0
0
0
0
0
0
0
0
0
0
0
0
0
0
0
0
0
0
0
0
0
0
0
0
0
0
0
0
0
0
0
0
0
0
0
0
0
0
0
0
0
0
0
0
0
0
0
0
0
0
0
0
0
0
0
0
0
0
0
0
0
0
0
0
0
0
0
0
0
0
0
0
0
0
0
0
0
0
0
0
0
0
0
0
0
0
0
0
0
0
0
0
0
0
0
0
0
0
0
0
0
0
0
0
0
0
0
0
0
0
0
0
0
0
0
0
0
0
0
0
0
0
0
0
0
0
0
0
0
0
0
0
0
0
0
0
0
0
0
0
0
0
0
0
0
0
0
0
0
0
0
0
0
0
0
0
0
0
0
0
0
0
0
0
0
0
0
0
0
0
0
0
0
0
0
0
0
0
0
0
0
0
0
0
0
0
0
0
0
0
0
0
0
0
0
0
0
0
0
0
0
0
0
0
0
0
0
0
0
0
0
0
0
0
0
0
0
0
0
0
0
0
0
0
0
0
0
0
0
0
0
0
0
0
0
0
0
0
0
0
0
0
0
0
0
0
0
0
0
0
0
0
0
0
0
0
0
0
0
0
0
0
0
0
0
0
0
0
0
0
0
0
0
0
0
0
0
0
0
0
0
0
0
0
0
0
0
0
0
0
0
0
0
0
0
0
0
0
0
0
0
0
0
0
0
0
0
0
0
0
0
0
0
0
0
0
0
0
0
0
0
0
0
0
0
0
0
0
0
0
0
0
0
0
0
0
0
0
0
0
0
0
0
0
0
0
0
0
0
0
0
0
0
0
0
0
0
0
0
0
0
0
0
0
0
0
0
0
0
0
0
0
0
0
0
0
0
0
0
0
0
0
0
0
0
0
0
0
0
0
0
0
0
0
0
0
0
0
0
0
0
0
0
0
0
0
0
0
0
0
0
0
0
0
0
0
0
0
0
0
0
0
0
0
0
0
0
0
0
0
0
0
0
0
0
0
0
0
0
0
0
0
0
0
0
0
0
0
0
0
0
0
0
0
0
0
0
0
0
0
0
0
0
0
0
0
0
0
0
0
0
0
0
0
0
0
0
0
0
0
0
0
0
0
0
0
0
0
0
0
0
0
0
0
0
0
0
0
0
0
0
0
0
0
0
0
0
0
0
0
0
0
0
0
0
0
0
0
0
0
0
0
0
0
0
0
0
0
0
0
0
0
0
0
0
0
0
0
0
0
0
0
0
0
0
0
0
0
0
0
0
0
0
0
0
0
0
0
0
0
0
0
0
0
0
0
0
0
0
0
0
0
0
0
0
0
0
0
0
0
0
0
0
0
0
0
0
0
0
0
0
0
0
0
0
0
0
0
0
0
0
0
0
0
0
0
0
0
0
0
0
0
0
0
0
0
0
0
0
0
0
0
0
0
0
0
0
0
0
0
0
0
0
0
0
0
0
0
0
0
0
0
0
0
0
0
0
0
0
0
0
0
0
0
0
0
0
0
0
0
0
0
0
0
0
0
0
0
0
0
0
0
0
0
0
0
0
0
0
0
0
0
0
0
0
0
0
0
0
0
0
0
0
0
0
0
0
0
0
0
0
0
0
0
0
0
0
0
0
0
0
0
0
0
0
0
0
0
0
0
0
0
0
0
0
0
0
0
0
0
0
0
0
0
0
0
0
0
0
0
0
0
0
0
0
0
0
0
0
0
0
0
0
0
0
0
0
0
0
0
0
0
0
0
0
0
0
0
0
0
0
0
0
0
0
0
0
0
0
0
0
0
0
0
0
0
0
0
0
0
0
0
0
0
0
0
0
0
0
0
0
0
0
0
0
0
0
0
0
0
0
0
0
0
0
0
0
0
0
0
0
0
0
0
0
0
0
0
0
0
0
0
0
0
0
0
0
0
0
0
0
0
0
0
0
0
0
0
0
0
0
0
0
0
0
0
0
0
0
0
0
0
0
0
0
0
0
0
0
0
0
0
0
0
0
0
0
0
0
0
0
0
0
0
0
0
0
0
0
0
0
928
339
293
306
925
403
331
321
903
341
326
362
1021
334
335
335
908
295
286
318
868
238
357
281
848
246
282
290
968
214
369
380
908
295
286
318
868
238
357
281
848
246
282
290
968
214
369
380
928
339
293
306
925
403
331
321
903
341
326
362
1021
334
335
335
821
219
124
96
756
193
185
140
747
172
199
150
835
169
207
227
664
221
180
126
751
150
174
149
751
141
149
169
664
100
97
190
664
221
180
126
751
150
174
149
751
141
149
169
664
100
97
190
821
219
124
96
756
193
185
140
747
172
199
150
835
169
207
227
1388
647
334
431
1798
581
630
643
1507
702
464
597
1544
732
540
516
1503
725
284
656
1192
698
486
656
1453
749
504
510
1367
749
510
459
1503
725
284
656
1192
698
486
656
1453
749
504
510
1367
749
510
459
1388
647
334
431
1798
581
630
643
1507
702
464
597
1544
732
540
516
1363
190
130
167
1423
190
152
228
1275
353
223
310
1337
270
240
103
1205
394
223
124
1408
284
154
156
1235
220
219
100
1210
223
220
142
1205
394
223
124
1408
284
154
156
1235
220
219
100
1210
223
220
142
1363
190
130
167
1423
190
152
228
1275
353
223
310
1337
270
240
103
1382
324
306
332
1417
422
409
386
1255
482
379
386
1207
361
329
290
1488
395
364
405
1290
315
439
408
1356
335
308
317
1307
351
228
375
1488
395
364
405
1290
315
439
408
1356
335
308
317
1307
351
228
375
1382
324
306
332
1417
422
409
386
1255
482
379
386
1207
361
329
290
1608
436
473
280
1582
460
525
466
1462
385
598
463
1589
393
476
323
1507
506
479
457
1504
363
479
430
1637
491
502
495
1792
457
481
495
1507
506
479
457
1504
363
479
430
1637
491
502
495
1792
457
481
495
1608
436
473
280
1582
460
525
466
1462
385
598
463
1589
393
476
323
1143
434
285
464
1050
429
358
525
1082
321
377
689
963
387
429
494
1175
307
290
463
1023
307
439
492
1048
399
285
517
1210
395
462
444
1175
307
290
463
1023
307
439
492
1048
399
285
517
1210
395
462
444
1143
434
285
464
1050
429
358
525
1082
321
377
689
963
387
429
494
698
340
176
348
829
333
117
399
737
286
196
394
838
363
190
339
818
276
150
337
804
284
209
398
788
229
143
334
644
295
162
368
818
276
150
337
804
284
209
398
788
229
143
334
644
295
162
368
698
340
176
348
829
333
117
399
737
286
196
394
838
363
190
339
1760
564
479
662
1391
543
617
848
1422
613
797
850
1389
506
613
999
1617
686
646
954
1267
496
527
924
1335
443
699
907
1504
830
612
1109
1617
686
646
954
1267
496
527
924
1335
443
699
907
1504
830
612
1109
1760
564
479
662
1391
543
617
848
1422
613
797
850
1389
506
613
999
1418
410
292
985
1543
326
368
966
1543
674
318
1009
1351
534
320
762
1412
505
302
1098
1312
484
432
969
1412
544
305
876
1312
536
383
1103
1412
505
302
1098
1312
484
432
969
1412
544
305
876
1312
536
383
1103
1418
410
292
985
1543
326
368
966
1543
674
318
1009
1351
534
320
762
1896
981
609
1162
1871
753
691
1226
1834
562
486
1239
1960
631
610
1075
1865
672
707
849
1910
705
571
1096
1963
751
404
1123
2160
710
665
1078
1865
672
707
849
1910
705
571
1096
1963
751
404
1123
2160
710
665
1078
1896
981
609
1162
1871
753
691
1226
1834
562
486
1239
1960
631
610
1075
2144
709
479
948
1856
674
747
1043
2024
671
618
1056
1692
673
606
818
1855
639
579
1170
2025
699
526
896
2137
622
461
834
1726
678
725
933
1855
639
579
1170
2025
699
526
896
2137
622
461
834
1726
678
725
933
2144
709
479
948
1856
674
747
1043
2024
671
618
1056
1692
673
606
818
0
0
0
0
0
0
0
0
0
0
0
0
0
0
0
0
0
0
0
0
0
0
0
0
0
0
0
0
0
0
0
0
0
0
0
0
0
0
0
0
0
0
0
0
0
0
0
0
0
0
0
0
0
0
0
0
0
0
0
0
0
0
0
0
0
0
0
0
0
0
0
0
0
0
0
0
0
0
0
0
0
0
0
0
0
0
0
0
0
0
0
0
0
0
0
0
0
0
0
0
0
0
0
0
0
0
0
0
0
0
0
0
0
0
0
0
0
0
0
0
0
0
0
0
0
0
0
0
0
0
0
0
0
0
0
0
0
0
0
0
0
0
0
0
0
0
0
0
0
0
0
0
0
0
0
0
0
0
0
0
0
0
0
0
0
0
0
0
0
0
0
0
0
0
0
0
0
0
0
0
0
0
0
0
0
0
0
0
0
0
0
0
0
0
0
0
0
0
0
0
0
0
0
0
0
0
0
0
0
0
0
0
0
0
0
0
0
0
0
0
0
0
0
0
0
0
0
0
0
0
0
0
0
0
0
0
0
0
0
0
0
0
0
0
0
0
0
0
0
0
0
0
0
0
0
0
0
0
0
0
0
0
0
0
0
0
0
0
0
0
0
0
0
0
0
0
0
0
0
0
0
0
0
0
0
0
0
0
0
0
0
0
0
0
0
0
0
0
0
0
0
0
0
0
0
0
0
0
0
0
0
0
0
0
0
0
0
0
0
0
0
0
0
0
0
0
0
0
0
0
0
0
0
0
0
0
0
0
0
0
0
0
0
0
0
0
0
0
0
0
0
0
0
0
0
0
0
0
0
0
0
0
0
0
0
0
0
0
0
0
0
0
0
0
0
0
0
0
0
0
0
0
0
0
0
0
0
0
0
0
0
0
0
0
0
0
0
0
0
0
0
0
0
0
0
0
0
0
0
0
0
0
0
0
0
0
0
0
0
0
0
0
0
0
0
0
0
0
0
0
0
0
0
0
0
0
0
0
0
0
0
0
0
0
0
0
0
0
0
0
0
0
0
0
0
0
0
0
0
0
0
0
0
0
0
0
0
0
0
0
0
0
0
0
0
0
0
0
0
0
0
0
0
0
0
0
0
0
0
0
0
0
0
0
0
0
0
0
0
0
0
0
0
0
0
0
0
0
0
0
0
0
0
0
0
0
0
0
0
0
0
0
0
0
0
0
0
0
0
0
0
0
0
0
0
0
0
0
0
0
0
0
0
0
0
0
0
0
0
0
0
0
0
0
0
0
0
0
0
0
0
0
0
0
0
0
0
0
0
0
0
0
0
0
0
0
0
0
0
0
0
0
0
0
0
0
0
0
0
0
0
0
0
0
0
0
0
0
0
0
0
0
0
0
0
0
0
0
0
0
0
0
0
0
0
0
0
0
0
0
0
0
0
0
0
0
0
0
0
0
0
0
0
0
0
0
0
0
0
0
0
0
0
0
0
0
0
0
0
0
0
0
0
0
0
0
0
0
0
0
0
0
0
0
0
0
0
0
0
0
0
0
0
0
0
0
0
0
0
0
0
0
0
0
0
0
0
0
0
0
0
0
0
0
0
0
0
0
0
0
0
0
0
0
0
0
0
0
0
0
0
0
0
0
0
0
0
0
0
0
0
0
0
0
0
0
0
0
0
0
0
0
0
0
0
0
0
0
0
0
0
0
0
0
0
0
0
0
0
0
0
0
0
0
0
0
0
0
0
0
0
0
0
0
0
0
0
0
0
0
0
0
0
0
0
0
0
0
0
0
0
0
0
0
0
0
0
0
0
0
0
0
0
0
0
0
0
0
0
0
0
0
0
0
0
0
0
0
0
0
0
0
0
0
0
0
0
0
0
0
0
0
0
0
0
0
0
0
0
0
0
0
0
0
0
0
0
0
0
0
0
0
0
0
0
0
0
0
0
0
0
0
0
0
0
0
0
0
0
0
0
0
0
0
0
0
0
0
0
0
0
0
0
0
0
0
0
0
0
0
0
0
0
0
0
0
0
0
0
0
0
0
0
0
0
0
0
0
0
0
0
0
0
0
0
0
0
0
0
0
0
0
0
0
0
0
0
0
0
0
0
0
0
0
0
0
0
0
0
0
0
0
0
0
0
0
0
0
0
0
0
0
0
0
0
0
0
0
0
0
0
0
0
0
0
0
0
0
0
0
0
0
0
0
0
0
0
0
0
0
0
0
0
0
0
0
0
0
0
0
0
0
0
0
0
0
0
0
0
0
0
0
0
0
0
0
0
0
0
0
0
0
0
0
0
0
0
0
0
0
0
0
0
0
0
0
0
0
0
0
0
0
0
0
0
0
0
0
0
0
0
0
0
0
0
0
0
0
0
0
0
0
0
0
0
0
0
0
0
0
0
0
0
0
0
0
0
0
0
0
0
0
0
0
0
0
0
0
0
0
0
0
0
0
0
0
0
0
0
0
0
0
0
0
0
0
0
0
0
0
0
0
0
0
0
0
0
0
0
0
0
0
0
0
0
0
0
0
0
0
0
0
0
0
0
0
0
0
0
0
0
0
0
0
0
0
0
0
0
0
0
0
0
0
0
0
0
0
0
0
0
0
0
0
0
0
0
0
0
0
0
0
0
0
0
0
0
0
0
0
0
0
0
0
0
0
0
0
0
0
0
0
0
0
0
0
0
0
0
0
0
0
0
0
0
0
0
0
0
0
0
0
0
0
0
0
0
0
0
0
0
0
0
0
0
0
0
0
0
0
0
0
0
0
0
0
0
0
0
0
0
0
0
0
0
0
0
0
0
0
0
0
0
0
0
0
0
0
0
0
0
0
0
0
0
0
0
0
0
0
0
0
0
0
0
0
0
0
0
0
0
0
0
0
0
0
0
0
0
0
0
0
0
0
0
0
0
0
0
0
0
0
0
0
0
0
0
0
0
0
0
0
0
0
0
0
0
0
0
0
0
0
0
0
0
0
0
0
0
0
0
0
0
0
0
0
0
0
0
0
0
0
0
0
0
0
0
0
0
0
0
0
0
0
0
0
0
0
0
0
0
0
0
0
0
0
0
0
0
0
0
0
0
0
0
0
0
0
0
0
0
0
0
0
0
0
0
0
0
0
0
0
0
0
0
0
0
0
0
0
0
0
0
0
0
0
0
0
0
0
0
0
0
0
0
0
0
0
0
0
0
0
0
0
0
0
0
0
0
0
0
0
0
0
0
0
0
0
0
0
0
0
0
0
0
0
0
0
0
0
0
0
0
0
0
0
0
0
0
0
0
0
0
0
0
0
0
0
0
0
0
0
0
0
0
0
0
0
0
0
0
0
0
0
0
0
0
0
0
0
0
0
0
0
0
0
0
0
0
0
0
0
0
0
0
0
0
0
0
0
0
0
0
0
0
0
0
0
0
0
0
0
0
0
0
0
0
0
0
0
0
0
0
0
0
0
0
0
0
0
0
0
0
0
0
0
0
0
0
0
0
0
0
0
0
0
2949
585
349
459
3135
517
390
442
2742
388
348
477
2334
444
328
429
2568
453
461
397
2170
545
384
412
2366
330
380
428
2157
267
436
373
2568
453
461
397
2170
545
384
412
2366
330
380
428
2157
267
436
373
2949
585
349
459
3135
517
390
442
2742
388
348
477
2334
444
328
429
3637
486
454
388
2700
452
446
476
2666
400
469
427
4099
450
542
485
3988
619
451
433
3111
540
318
563
3970
288
343
403
3934
335
293
340
3988
619
451
433
3111
540
318
563
3970
288
343
403
3934
335
293
340
3637
486
454
388
2700
452
446
476
2666
400
469
427
4099
450
542
485
3989
1037
991
387
3820
420
560
466
3247
596
661
597
2657
472
498
542
3781
494
571
471
2668
592
442
478
3234
579
446
396
3198
446
678
695
3781
494
571
471
2668
592
442
478
3234
579
446
396
3198
446
678
695
3989
1037
991
387
3820
420
560
466
3247
596
661
597
2657
472
498
542
2512
496
558
474
1784
467
545
595
2342
518
499
433
1719
426
661
462
2211
491
432
482
2870
444
429
407
1791
244
350
453
2812
424
427
554
2211
491
432
482
2870
444
429
407
1791
244
350
453
2812
424
427
554
2512
496
558
474
1784
467
545
595
2342
518
499
433
1719
426
661
462
4097
556
910
590
2550
519
726
696
2244
342
928
717
3652
571
750
705
3268
786
785
738
3302
602
556
554
2935
518
679
857
2329
206
660
536
3268
786
785
738
3302
602
556
554
2935
518
679
857
2329
206
660
536
4097
556
910
590
2550
519
726
696
2244
342
928
717
3652
571
750
705
4432
1095
1085
1023
4367
865
1150
1019
3915
222
955
1125
3808
907
896
831
3866
811
730
817
2971
525
540
787
2963
685
665
753
3692
274
760
738
3866
811
730
817
2971
525
540
787
2963
685
665
753
3692
274
760
738
4432
1095
1085
1023
4367
865
1150
1019
3915
222
955
1125
3808
907
896
831
3375
940
640
828
3699
1193
643
857
3595
1193
616
857
3677
535
590
828
2898
1008
522
857
3191
1150
657
828
2957
862
535
1150
3007
965
537
965
2898
1008
522
857
3191
1150
657
828
2957
862
535
1150
3007
965
537
965
3375
940
640
828
3699
1193
643
857
3595
1193
616
857
3677
535
590
828
1861
908
459
785
2026
958
462
655
2161
986
478
854
2577
1169
507
830
2792
1029
562
782
2375
1029
512
664
2398
1029
519
656
2466
955
519
582
2792
1029
562
782
2375
1029
512
664
2398
1029
519
656
2466
955
519
582
1861
908
459
785
2026
958
462
655
2161
986
478
854
2577
1169
507
830
4026
1003
580
1015
2880
1042
709
871
4082
1029
434
1015
2880
1186
555
871
3574
1026
308
948
3478
1081
500
948
3536
1081
654
1226
3337
1081
565
1657
3574
1026
308
948
3478
1081
500
948
3536
1081
654
1226
3337
1081
565
1657
4026
1003
580
1015
2880
1042
709
871
4082
1029
434
1015
2880
1186
555
871
4000
560
1148
889
3642
843
924
1115
5318
929
472
1088
4753
929
602
916
5845
741
700
660
5466
776
935
979
4159
741
612
1132
4970
776
664
1123
5845
741
700
660
5466
776
935
979
4159
741
612
1132
4970
776
664
1123
4000
560
1148
889
3642
843
924
1115
5318
929
472
1088
4753
929
602
916
4384
489
648
966
4139
509
854
831
4079
565
664
810
3914
565
674
762
4101
419
647
819
3868
361
430
978
4210
483
448
877
4208
493
549
999
4101
419
647
819
3868
361
430
978
4210
483
448
877
4208
493
549
999
4384
489
648
966
4139
509
854
831
4079
565
664
810
3914
565
674
762
5566
1239
1350
1222
6675
922
1737
853
6452
939
1538
1161
6245
1040
1675
1258
6257
1295
1877
1225
6405
1146
1596
1183
6040
1190
1356
1183
5631
1148
1816
1144
6257
1295
1877
1225
6405
1146
1596
1183
6040
1190
1356
1183
5631
1148
1816
1144
5566
1239
1350
1222
6675
922
1737
853
6452
939
1538
1161
6245
1040
1675
1258
0
0
0
0
0
0
0
0
0
0
0
0
0
0
0
0
0
0
0
0
0
0
0
0
0
0
0
0
0
0
0
0
0
0
0
0
0
0
0
0
0
0
0
0
0
0
0
0
0
0
0
0
0
0
0
0
0
0
0
0
0
0
0
0
0
0
0
0
0
0
0
0
0
0
0
0
0
0
0
0
0
0
0
0
0
0
0
0
0
0
0
0
0
0
0
0
0
0
0
0
0
0
0
0
0
0
0
0
0
0
0
0
0
0
0
0
0
0
0
0
0
0
0
0
0
0
0
0
0
0
0
0
0
0
0
0
0
0
0
0
0
0
0
0
0
0
0
0
0
0
0
0
0
0
0
0
0
0
0
0
0
0
0
0
0
0
0
0
0
0
0
0
0
0
0
0
0
0
0
0
0
0
0
0
0
0
0
0
0
0
0
0
0
0
0
0
0
0
0
0
0
0
0
0
0
0
0
0
0
0
0
0
0
0
0
0
0
0
0
0
0
0
0
0
0
0
0
0
0
0
0
0
0
0
0
0
0
0
0
0
0
0
0
0
0
0
0
0
0
0
0
0
0
0
0
0
0
0
0
0
0
0
0
0
0
0
0
0
0
0
0
0
0
0
0
0
0
0
0
0
0
0
0
0
0
0
0
0
0
0
0
0
0
0
0
0
0
0
0
0
0
0
0
0
0
0
0
0
0
0
0
0
0
0
0
0
0
0
0
0
0
0
0
0
0
0
0
0
0
0
0
0
0
0
0
0
0
0
0
0
0
0
0
0
0
0
0
0
0
0
0
0
0
0
0
0
0
0
0
0
0
0
0
0
0
0
0
0
0
0
0
0
0
0
0
0
0
0
0
0
0
0
0
0
0
0
0
0
0
0
0
0
0
0
0
0
0
0
0
0
0
0
0
0
0
0
0
0
0
0
0
0
0
0
0
0
0
0
0
0
0
0
0
0
0
0
0
0
0
0
0
0
0
0
0
0
0
0
0
0
0
0
0
0
0
0
0
0
0
0
0
0
0
0
0
0
0
0
0
0
0
0
0
0
0
0
0
0
0
0
0
0
0
0
0
0
0
0
0
0
0
0
0
0
0
0
0
0
0
0
0
0
0
0
0
0
0
0
0
0
0
0
0
0
0
0
0
0
0
0
0
0
0
0
0
0
0
0
0
0
0
0
0
0
0
0
0
0
0
0
0
0
0
0
0
0
0
0
0
0
0
0
0
0
0
0
0
0
0
0
0
0
0
0
0
0
0
0
0
0
0
0
0
0
0
0
0
0
0
0
0
0
0
0
0
0
0
0
0
0
0
0
0
0
0
0
0
0
0
0
0
0
0
0
0
0
0
0
0
0
0
0
0
0
0
0
0
0
0
0
0
0
0
0
0
0
0
0
0
0
0
0
0
0
0
0
0
0
0
0
0
0
0
0
0
0
0
0
0
0
0
0
0
0
0
0
0
0
0
0
0
0
0
0
0
0
0
0
0
0
0
0
0
0
0
0
0
0
0
0
0
0
0
0
0
0
0
0
0
0
0
0
0
0
0
0
0
0
0
0
0
0
0
0
0
0
0
0
0
0
0
0
0
0
0
0
0
0
0
0
0
0
0
0
0
0
0
0
0
0
0
0
0
0
0
0
0
0
0
0
0
0
0
0
0
0
0
0
0
0
0
0
0
0
0
0
0
0
0
0
0
0
0
0
0
0
0
0
0
0
0
0
0
0
0
0
0
0
0
0
0
0
0
0
0
0
0
0
0
0
0
0
0
0
0
0
0
0
0
0
0
0
0
0
0
0
0
0
0
0
0
0
0
0
0
0
0
0
0
0
0
0
0
0
0
0
0
0
0
0
0
0
0
0
0
0
0
0
0
0
0
0
0
0
0
0
0
0
0
0
0
0
0
0
0
0
0
0
0
0
0
0
0
0
0
0
0
0
0
0
0
0
0
0
0
0
0
0
0
0
0
0
0
0
0
0
0
0
0
0
0
0
0
0
0
0
0
0
0
0
0
0
0
0
0
0
0
0
0
0
0
0
0
0
0
0
0
0
0
0
0
0
0
0
0
0
0
0
0
0
0
0
0
0
0
0
0
0
0
0
0
0
0
0
0
0
0
0
0
0
0
0
0
0
0
0
0
0
0
0
0
0
0
0
0
0
0
0
0
0
0
0
0
0
0
0
0
0
0
0
0
0
0
0
0
0
0
0
0
0
0
0
0
0
0
0
0
0
0
0
0
0
0
0
0
0
0
0
0
0
0
0
0
0
0
0
0
0
0
0
0
0
0
0
0
0
0
0
0
0
0
0
0
0
0
0
0
0
0
0
0
0
0
0
0
0
0
0
0
0
0
0
0
0
0
0
0
0
0
0
0
0
0
0
0
0
0
0
0
0
0
0
0
0
0
0
0
0
0
0
0
0
0
0
0
0
0
0
0
0
0
0
0
0
0
0
0
0
0
0
0
0
0
0
0
0
0
0
0
0
0
0
0
0
0
0
0
0
0
0
0
0
0
0
0
0
0
0
0
0
0
0
0
0
0
0
0
0
0
0
0
0
0
0
0
0
0
0
0
0
0
0
0
0
0
0
0
0
0
0
0
0
0
0
0
0
0
0
0
0
0
0
0
0
0
0
0
0
0
0
0
0
0
0
0
0
0
0
0
0
0
0
0
0
0
0
0
0
0
0
0
0
0
0
0
0
0
0
0
0
0
0
0
0
0
0
0
0
0
0
0
0
0
0
0
0
0
0
0
0
0
0
0
0
0
0
0
0
0
0
0
0
0
0
0
0
0
0
0
0
0
0
0
0
0
0
0
0
0
0
0
0
0
0
0
0
0
0
0
0
0
0
0
0
0
0
0
0
0
0
0
0
0
0
0
0
0
0
0
0
0
0
0
0
0
0
0
0
0
0
0
0
0
0
0
0
0
0
0
0
0
0
0
0
0
0
0
0
0
0
0
0
0
0
0
0
0
0
0
0
0
0
0
0
0
0
0
0
0
0
0
0
0
0
0
0
0
0
0
0
0
0
0
0
0
0
0
0
0
0
0
0
0
0
0
0
0
0
0
0
0
0
0
0
0
0
0
0
0
0
0
0
0
0
0
0
0
0
0
0
0
0
0
0
0
0
0
0
0
0
0
0
0
0
0
0
0
0
0
0
0
0
0
0
0
0
0
0
0
0
0
0
0
0
0
0
0
0
0
0
0
0
0
0
0
0
0
0
0
0
0
0
0
0
0
0
0
0
0
0
0
0
0
0
0
0
0
0
0
0
0
0
0
0
0
0
0
0
0
0
0
0
0
0
0
0
0
0
0
0
0
0
0
0
0
0
0
0
0
0
0
0
0
0
0
0
0
0
0
0
0
0
0
0
0
0
0
0
0
0
0
0
0
0
0
0
0
0
0
0
0
0
0
0
0
0
0
0
0
0
0
0
0
0
0
0
0
0
0
0
0
0
0
0
0
0
-20
0
0
0
-20
0
0
0
-20
0
0
0
-20
0
0
0
-20
0
0
0
-20
0
0
0
-20
0
0
0
-20
0
0
0
