%pattern_data
0
1
9
4
4
4
0
0
0
1
1
1
0
0
0
0
0
0
0
0
0
0
1
27
104
0
0
52
68
88
0
0
0
0
0
32
0
-8
-8
0
-2
0
0
5
5
0
-2
0
0
5
5
0
-2
0
5
5
-2
0
0
5
5
0
-2
0
0
5
5
0
-2
0
5
5
-2
0
0
5
5
0
-2
0
0
5
5
0
-2
0
5
5
-2
0
0
5
5
0
-2
0
0
5
5
0
-2
0
5
5
0
0
0
0
0
0
0
0
200
0
0
0
0
0
0
0
0
0
0
0
0
0
0
0
200
0
0
0
0
0
0
0
247143
0
0
1185578
1444785
0
6626077
0
0
2894150
3183220
0
3744036
0
4355306
4616848
4916032
0
0
5783061
6033424
0
6626077
0
0
7501293
7774966
0
8346213
0
8939864
9221406
9486848
0
0
10407460
10671723
0
11241156
0
0
12137732
12406757
0
12974195
0
13550136
13834308
14120952
0
0
15019161
15312268
0
15861995
0
0
16731043
17012789
0
17567551
0
18164467
18459274
278662
0
0
1196077
1471111
0
2026621
0
0
2900952
3195057
0
3751882
0
4355986
4622880
4924399
0
0
5786689
6087460
0
6620317
0
0
7465420
7785011
0
8349501
0
8954603
9249705
9542177
0
0
10396236
10691134
0
11226712
0
0
12116463
12401655
0
17571633
0
13568186
13851882
14131950
0
0
14984218
15297253
0
15858413
0
0
16754286
17020204
0
17571633
0
18194331
18466372
282653
0
0
1189403
1491043
0
2049138
0
0
2891281
3194354
0
3740204
0
4322971
4627166
4915737
0
0
5790544
6045601
0
6641043
0
0
7503670
7790227
0
8349085
0
8936440
9205714
9511020
0
0
10394422
10664989
0
11253719
0
0
12124694
12413673
0
12958639
0
13557813
13840975
14138231
0
0
15016745
15294717
0
15885442
0
0
16729353
17012857
0
17592630
0
18188254
18469637
264966
0
0
1147551
1438141
0
2000454
0
0
2883605
3168458
0
3732222
0
4313061
4617755
4896667
0
0
5758186
6025669
0
6628322
0
0
7513991
7795215
0
8341020
0
8937755
9242540
9536485
0
0
10390204
10688753
0
11262948
0
0
12115102
12402494
0
12954376
0
13572948
13847596
14134150
0
0
14989192
15254422
0
15848889
0
0
16716780
17010476
0
17571791
0
18186667
18454104
258005
0
0
1166735
1434127
0
2004558
0
0
2919796
3187188
0
3751837
0
4335986
4633152
4901315
0
0
5816281
6083175
0
6619501
0
0
7517574
7806190
0
8354308
0
8945306
9240000
9523855
0
0
10418481
10687098
0
11231406
0
0
12136327
12416961
0
12978413
0
13560952
13852585
14116689
0
0
15016440
15298934
0
15865351
0
0
16743878
17050363
0
17580862
0
18172902
18470068
281406
0
0
1193084
1467914
0
2010023
0
0
2888050
3171383
0
3713243
0
4333968
4618435
4920249
0
0
5815465
6096327
0
6644762
0
0
7517959
7799252
0
8346667
0
8947664
9253605
9546644
0
0
10403016
10686689
0
11257619
0
0
12156848
12420159
0
12965737
0
13548617
13836757
14141587
0
0
15024286
15296689
0
15867800
0
0
16745351
17028390
0
17574807
0
18176213
18478798
232313
0
0
897846
1116553
0
1565374
0
0
2249342
2451678
0
2874286
0
3324467
3555397
3759819
0
0
4441293
4644739
0
5085510
0
0
5717075
5956916
0
6404989
0
6859070
7092562
7294807
0
0
7950975
8175760
0
8603787
0
0
9302789
9496621
0
9930317
0
10386281
10621678
10814354
0
0
11511814
11700454
0
12163537
0
0
12817392
13022132
0
13442336
0
13914286
14144558
234762
0
0
4432177
1113777
0
1552812
0
0
2211247
2448549
0
2885011
0
3350045
3553537
3773605
0
0
4432177
4650454
0
5083673
0
0
5743810
5981247
0
6416984
0
6871156
7076281
7292812
0
0
7959864
8187732
0
8612268
0
0
9257914
9498639
0
9922063
0
10376168
10600862
10819592
0
0
12816009
11691179
0
12133764
0
0
12816009
13033197
0
13477710
0
13931746
14149478
233401
0
0
913900
1134694
0
1557846
0
0
2218458
2446871
0
2879433
0
3322676
3565079
3766440
0
0
4420680
4650000
0
5085669
0
0
5750363
5991156
0
6403333
0
6858345
7054490
7292404
0
0
7934626
8180023
0
8618458
0
0
9280862
9506689
0
9925646
0
10388435
10604535
10825102
0
0
11483401
11713628
0
12163537
0
0
12819025
13059410
0
13468005
0
13907732
14114717
226667
0
0
879229
1142993
0
1543220
0
0
2214762
2454853
0
2862562
0
3319478
3550113
3768163
0
0
4426395
4676349
0
5084853
0
0
5748844
5983016
0
6404127
0
6848594
7057914
7293560
0
0
7931950
8179002
0
8617528
0
0
9294739
9502880
0
9927029
0
10378798
10610385
10818141
0
0
11468095
11695873
0
12144036
0
0
12784444
13017710
0
13458957
0
13915306
14132517
233039
0
0
902766
1117460
0
1564172
0
0
2214308
2448776
0
2875465
0
3312971
3542109
3739297
0
0
4425079
4650930
0
5082404
0
0
5725556
5961950
0
6397687
0
6852449
7044853
7283311
0
0
7967347
8167460
0
8607143
0
0
9260612
9493039
0
9929274
0
10375578
10588413
10823333
0
0
11474807
11688027
0
12133628
0
0
12800612
13022336
0
13459751
0
13912336
14141859
235624
0
0
900629
1116977
0
1557551
0
0
2233673
2445754
0
2875011
0
3333878
3546780
3759274
0
0
4437664
4640998
0
5078345
0
0
5745413
5962517
0
6389410
0
6851678
7066576
7285238
0
0
7965057
8189660
0
8620748
0
0
9276100
9478489
0
9923061
0
10379524
10604422
10810295
0
0
11490952
11709615
0
12155721
0
0
12816670
13011321
0
13455147
0
13913537
14122880
194263
0
0
698095
878821
0
1220522
0
0
1716825
1903175
0
2224422
0
2585215
2759546
2917551
0
0
3430317
3594943
0
3941224
0
0
4450249
4621610
0
4958730
0
5310113
5472880
5645034
0
0
6147868
6322698
0
6664059
0
0
7187211
7353923
0
7683447
0
8038821
8198141
8371791
0
0
8864966
9049773
0
9391701
0
0
9901088
10076955
0
10399002
0
10760771
10913061
186372
0
0
712222
877823
0
1189138
0
0
1715782
1896531
0
2223243
0
2558957
2735147
2908798
0
0
3442063
3610499
0
3939637
0
0
4443333
4623197
0
4956395
0
5307073
5476848
5633061
0
0
6139955
6315986
0
6645556
0
0
7170159
7339501
0
7669184
0
8013288
8183175
8351315
0
0
8890408
9037256
0
9371859
0
0
9929705
10083084
0
10404762
0
10740113
10910454
186417
0
0
707868
879229
0
1199705
0
0
1708707
1907007
0
2215533
0
2572449
2738254
2908776
0
0
3425193
3586621
0
3940998
0
0
4441066
4621361
0
4946961
0
5291293
5482268
5644263
0
0
6150159
6335918
0
6663311
0
0
7182063
7340091
0
7667619
0
8014098
8202313
8361927
0
0
8870295
9052653
0
9387959
0
0
9919977
10067392
0
10394104
0
10746032
8202313
177687
0
0
693923
885828
0
1205488
0
0
1722381
1901497
0
2224717
0
2572925
2749683
2924467
0
0
3432812
3598821
0
3923515
0
0
4448934
4618810
0
4948549
0
5286372
5468503
5638277
0
0
6164218
6309615
0
6666780
0
0
7196757
7376009
0
7689002
0
8025215
8211429
8374444
0
0
8880340
9052268
0
9393832
0
0
9895283
10081134
0
10404376
0
10748980
10915329
194014
0
0
685465
857438
0
1189070
0
0
1710612
1864875
0
2209977
0
2562766
2721315
2912154
0
0
3394739
3579705
0
3919138
0
0
4434218
4600998
0
4943651
0
5297551
5457415
5642517
0
0
6144853
6311837
0
6662653
0
0
7175102
7345057
0
7676871
0
8021247
8183878
5642517
0
0
8854240
9046780
0
9375442
0
0
9901497
10076916
0
10395125
0
10739660
10914558
173061
0
0
700771
883356
0
1213855
0
0
1723605
1908776
0
2223968
0
2573605
2736236
2916009
0
0
3430476
3603175
0
3940476
0
0
4457211
4625125
0
4948730
0
5286803
5446712
5633696
0
0
6156122
6322562
0
6643333
0
0
7185420
7347959
0
7676644
0
8028050
8191451
8367800
0
0
8881973
9040884
0
9379977
0
0
9900998
10085329
0
10400317
0
10750567
10911293
0
0
0
0
0
0
0
0
0
0
0
0
0
0
0
0
0
0
0
0
0
0
0
0
0
0
0
0
0
0
0
0
0
0
0
0
0
0
0
0
0
0
0
0
0
0
0
0
0
0
0
0
0
0
0
0
0
0
0
0
0
0
0
0
0
0
0
0
0
0
0
0
0
0
0
0
0
0
0
0
0
0
0
0
0
0
0
0
0
0
0
0
0
0
0
0
0
0
0
0
0
0
0
0
0
0
0
0
0
0
0
0
0
0
0
0
0
0
0
0
0
0
0
0
0
0
0
0
0
0
0
0
0
0
0
0
0
0
0
0
0
0
0
0
0
0
0
0
0
0
0
0
0
0
0
0
0
0
0
0
0
0
0
0
0
0
0
0
0
0
0
0
0
0
0
0
0
0
0
0
0
0
0
0
0
0
0
0
0
0
0
0
0
0
0
0
0
0
0
0
0
0
0
0
0
0
0
0
0
0
0
0
0
0
0
0
0
0
0
0
0
0
0
0
0
0
0
0
0
0
0
0
0
0
0
0
0
0
0
0
0
0
0
0
0
0
0
0
0
0
0
0
0
0
0
0
0
0
0
0
0
0
0
0
0
0
0
0
0
0
0
0
0
0
0
0
0
0
0
0
0
0
0
0
0
0
0
0
0
0
0
0
0
0
0
0
0
0
0
0
0
0
0
0
0
0
0
0
0
0
0
0
0
0
0
0
0
0
0
0
0
0
0
0
0
0
0
0
0
0
0
0
0
0
0
0
0
0
0
0
0
0
0
0
0
0
0
0
0
0
0
0
0
0
0
0
0
0
0
0
0
0
0
0
0
0
0
0
0
0
0
0
0
0
0
0
0
0
0
0
0
0
0
0
284785
0
0
1212857
1474512
0
6616190
0
0
2920975
3191655
0
3743787
0
4336871
4633016
4916145
0
0
5779637
6055057
0
6630365
0
0
7520249
7808209
0
8347506
0
8933628
9221519
9510317
0
0
10391179
10687483
0
11233537
0
0
12099116
12387120
0
12967347
0
13566893
13860181
14129025
0
0
15027914
15306576
0
15862109
0
0
16747603
17036440
0
17572290
0
18155125
18450544
237438
0
0
873696
1109819
0
1554671
0
0
2200771
2430068
0
2855420
0
3340703
3569093
3780227
0
0
4456145
4681950
0
5096100
0
0
5764059
5976349
0
6405283
0
6859773
7100045
7316395
0
0
7949864
8180930
0
8601565
0
0
9283605
9507302
0
9930113
0
10375397
10604354
10814898
0
0
11466213
11693968
0
12143515
0
0
12824671
13044785
0
13460159
0
13912426
14143628
180431
0
0
706304
856077
0
1186372
0
0
1711338
1882063
0
2217234
0
2557392
2742948
2912993
0
0
3415079
3592630
0
3926803
0
0
4452426
4633878
0
4937460
0
5304558
5485057
5647710
0
0
6157279
6337528
0
6653900
0
0
7171406
7348231
0
7661814
0
8030431
8219342
8369297
0
0
8891882
9058345
0
9385646
0
0
9917823
10095510
0
10407823
0
10739002
10929388
0
0
0
0
0
0
0
0
0
0
0
0
0
0
0
0
0
0
0
0
0
0
0
0
0
0
0
0
0
0
0
0
0
0
0
0
0
0
0
0
0
0
0
0
0
0
0
0
0
0
0
0
0
0
0
0
0
0
0
0
0
0
0
0
302766
0
0
1163605
1435668
0
2009660
0
0
2886047
3163406
0
3714467
0
4340068
4618821
4887483
0
0
5792871
6043878
0
6618776
0
0
7458730
7752222
0
8322653
0
8943764
9218277
9504717
0
0
10394399
10677324
0
11231769
0
0
12152494
12410726
0
12979524
0
13567324
13839569
14119002
0
0
14994105
15279002
0
15844467
0
0
16730907
16995170
0
17553424
0
18156848
18451995
299138
0
0
1162177
1447755
0
2021247
0
0
2931156
3191633
0
3727823
0
4332682
4605805
4912290
0
0
5797528
6075986
0
6621429
0
0
7529025
7824853
0
8358413
0
8943937
9230091
9511927
0
0
10412041
10699184
0
11257891
0
0
12117438
12414490
0
12963175
0
13587778
13876712
14155193
0
0
15045805
15316349
0
15863787
0
0
16740635
17029592
0
17595057
0
18175034
18455374
231406
0
0
4442358
1093651
0
1542426
0
0
2224444
2444308
0
2880975
0
3332630
3538277
3754467
0
0
4442358
4659592
0
5094558
0
0
5763469
5968277
0
6408231
0
6866032
7090431
7299229
0
0
7971383
8187710
0
8626417
0
0
9276825
9487029
0
9926485
0
10384082
10615918
10833855
0
0
11482086
11703673
0
12157188
0
0
12823991
13029773
0
13463855
0
13914218
14175057
240204
0
0
914943
1129342
0
1554989
0
0
2241179
2442154
0
2878639
0
3322902
3542993
3771156
0
0
4435646
4658934
0
5082948
0
0
5766961
5976780
0
6397324
0
6855102
7062086
7303356
0
0
7948934
8185964
0
8610816
0
0
9284082
9502132
0
13464671
0
10386848
10613764
10834490
0
0
11479161
11726213
0
8610816
0
0
12808571
13050794
0
13464671
0
13917075
14138050
188435
0
0
698685
860884
0
1190227
0
0
1719320
1894512
0
2229456
0
2591927
2753447
2918435
0
0
3427506
3597710
0
3936440
0
0
4451701
4624195
0
4956667
0
5298798
5462766
5632971
0
0
6137370
6299773
0
6649501
0
0
7170726
7352676
0
7675329
0
8006463
8180522
8371338
0
0
8866576
9052200
0
9378571
0
0
9919274
10084671
0
10399410
0
10754512
10930862
193288
0
0
695488
888957
0
1211746
0
0
1715918
1898005
0
2232426
0
2575646
2717891
2931088
0
0
3429297
3609524
0
3931338
0
0
4437687
4632109
0
4934739
0
5287959
5471315
5646780
0
0
6139161
6338186
0
6662245
0
0
7177506
7345034
0
7678413
0
8042540
8226281
8383356
0
0
8886032
9068345
0
9385170
0
0
9900363
10076213
0
10389932
0
10753016
10929297
0
0
0
0
0
0
0
0
0
0
0
0
0
0
0
0
0
0
0
0
0
0
0
0
0
0
0
0
0
0
0
0
0
0
0
0
0
0
0
0
0
0
0
0
0
0
0
0
0
0
0
0
0
0
0
0
0
0
0
0
0
0
0
0
0
0
0
0
0
0
0
0
0
0
0
0
0
0
0
0
0
0
0
0
0
0
0
0
0
0
0
0
0
0
0
0
0
0
0
0
0
0
0
0
0
0
0
0
0
0
0
0
0
0
0
0
0
0
0
0
0
0
0
0
0
0
0
0
268594
0
0
1152063
1423991
0
2033810
0
0
2895624
3176417
0
3765646
0
4373016
4642789
4922789
0
0
5786984
6062948
0
6630045
0
0
7528821
7801633
0
8398027
0
8987120
9277619
9542449
0
0
10389410
10679615
0
11228980
0
0
12147778
12425578
0
12991791
0
13592562
13884195
14151814
0
0
15026168
15297188
0
15868345
0
0
16751746
17024875
0
17612381
0
18201678
18491791
284943
0
0
1189229
1475102
0
2046667
0
0
2885646
3177800
0
3759909
0
4334014
4634331
4916168
0
0
5798413
6084422
0
6657528
0
0
7504150
7809138
0
8381791
0
8963265
9245465
9535896
0
0
10406825
10694376
0
11289184
0
0
12147392
12400159
0
13008934
0
13594444
13867528
14140726
0
0
14992018
15275351
0
15864626
0
0
16707075
16997075
0
17600499
0
18192426
18483084
285941
0
0
1176417
1465420
0
2026100
0
0
2871361
3166893
0
3757755
0
4358912
4651088
4925057
0
0
5815397
6118671
0
6650771
0
0
7524875
7805215
0
8380363
0
8982608
9270862
9554580
0
0
10429229
10693651
0
11260227
0
0
12137687
12427302
0
12999524
0
13586032
13878617
14163424
0
0
15026190
15312993
0
15880930
0
0
16757528
17047914
0
17613016
0
18203129
18506621
284354
0
0
1168503
1483764
0
2030726
0
0
2890907
3190227
0
3758163
0
4360567
4656100
4944989
0
0
5793193
6093175
0
6645261
0
0
7525896
7814444
0
8385941
0
8961474
9256009
9536961
0
0
10427800
10691474
0
11262132
0
0
12118390
12403152
0
12999887
0
13580771
13871927
14155215
0
0
15015669
15301882
0
15857937
0
0
16714354
16994853
0
17617937
0
18213537
18502676
316848
0
0
1172426
1449206
0
2029524
0
0
2918889
3199206
0
3757098
0
4336485
4630499
4903311
0
0
5800363
6074218
0
6647823
0
0
7527279
7797664
0
8383175
0
8972721
9260907
9528367
0
0
10406100
10696508
0
11248277
0
0
12130159
12406803
0
12993265
0
13586735
13866168
14154512
0
0
15024444
15302281
0
15875283
0
0
16736553
17041270
0
17598730
0
18180658
18461088
318209
0
0
1190658
1482572
0
2039320
0
0
2910499
3160635
0
3756440
0
4369320
4674467
4936190
0
0
5789860
6067234
0
6637982
0
0
7498073
7773311
0
8390567
0
8992132
9286122
9539184
0
0
10386803
10691905
0
11256871
0
0
12141882
12427029
0
13002268
0
13594512
13848753
14143810
0
0
15023061
15302041
0
15878617
0
0
16774649
17036327
0
17602653
0
18191927
18470340
248209
0
0
925986
1132358
0
1599206
0
0
2239977
2458367
0
2891678
0
3333129
3528073
3774036
0
0
4415510
4655034
0
5101859
0
0
2239977
5979660
0
6413447
0
6877664
7085374
7303651
0
0
7961315
8165147
0
8624286
0
0
9271678
9487574
0
9944626
0
10412540
10587642
10838390
0
0
11474785
11711746
0
12147868
0
0
12810045
13046553
0
13466168
0
13920635
14104535
237302
0
0
908027
1131837
0
1566372
0
0
2225510
2449592
0
2880408
0
3348141
3545011
3765533
0
0
908027
4644354
0
5073968
0
0
5746032
5979841
0
6416757
0
6858526
7062041
7294649
0
0
7977596
8197075
0
8628254
0
0
9268889
9470317
0
9920181
0
10386893
10617800
10837347
0
0
11499229
11726848
0
12143832
0
0
12806032
13041361
0
13460249
0
13908005
14110068
239932
0
0
4442766
1122223
0
1559433
0
0
2228141
2443243
0
2880136
0
3331882
3545283
3772290
0
0
4442766
4653107
0
5097732
0
0
5764875
5981202
0
6413878
0
6861179
7072834
7293764
0
0
7957800
8192698
0
8623900
0
0
9294376
9490295
0
9945442
0
10393016
10627234
10837596
0
0
11503605
11712449
0
12145420
0
0
12819297
13035397
0
13462698
0
13916395
14147937
235601
0
0
898549
1140612
0
1560703
0
0
2220340
2433084
0
2882404
0
3334376
3548390
3778866
0
0
4446508
4638367
0
5084286
0
0
5750850
5952268
0
6397052
0
6850975
7090567
7295125
0
0
7959025
8163469
0
8595669
0
0
9260045
9489048
0
9935669
0
10396848
10612177
10821111
0
0
11527007
11738934
0
12173673
0
0
12816876
13049841
0
13464603
0
13907438
14157642
242630
0
0
916914
1121361
0
1574807
0
0
6842971
2446576
0
2869637
0
3303946
3533719
3752812
0
0
5764444
4661020
0
5106667
0
0
5764444
5986281
0
6406553
0
6842971
7072676
7282472
0
0
7959274
8175079
0
8633492
0
0
10580000
9488753
0
9911678
0
10362676
10580000
10805782
0
0
11475714
11713923
0
12163288
0
0
12792540
13020998
0
13453719
0
13899546
14129615
269705
0
0
3556508
1136871
0
1560113
0
0
2225873
2452177
0
2874717
0
3321429
3556508
3767891
0
0
4432018
4672336
0
5106417
0
0
2225873
5994853
0
6407302
0
6861791
7062313
7291995
0
0
7940181
8182154
0
8619161
0
0
9285236
9482258
0
9927710
0
10374875
10605608
10815669
0
0
11515601
11726961
0
12145057
0
0
12817029
13054036
0
13472154
0
13912993
14153107
215465
0
0
1718027
878345
0
1223787
0
0
1718027
1911247
0
2235646
0
2589116
2761678
2942404
0
0
3436213
3620998
0
3946893
0
0
5448798
4622698
0
4951293
0
5293560
5448798
5644444
0
0
6139342
6337914
0
6670522
0
0
7179206
7351746
0
7688639
0
8028254
8196621
8391224
0
0
8874172
9069796
0
9403107
0
0
9904218
10077959
0
10404354
0
10758912
10917234
198231
0
0
710930
894535
0
1215079
0
0
1716145
1888277
0
2222585
0
2580748
2745533
2923696
0
0
3435692
3611134
0
3943379
0
0
4446304
4614830
0
4952812
0
5293537
5460295
5639116
0
0
6141610
6318050
0
6648844
0
0
7154059
7337188
0
7674875
0
8014399
8166054
8362562
0
0
8867619
9056893
0
9404830
0
0
9901406
10077800
0
10409025
0
10756825
10922222
193288
0
0
2752177
889501
0
1217664
0
0
1739955
1910340
0
2239864
0
2577868
2752177
2923039
0
0
3431202
3603968
0
3939320
0
0
4491020
4650544
0
4971973
0
5307052
5491905
5655488
0
0
6149206
6336576
0
6659456
0
0
7195079
7360272
0
7684218
0
8030385
8193968
8371088
0
0
8908050
9070703
0
9386735
0
0
8193968
10080045
0
10402449
0
10745147
10899705
199955
0
0
2738299
878141
0
1218322
0
0
1727596
1918912
0
2236984
0
2574989
2738299
2925011
0
0
5452585
3605714
0
3933605
0
0
4438186
4619025
0
4946168
0
5302222
5452585
5643129
0
0
9900590
6326508
0
6674989
0
0
7160363
7340272
0
7673855
0
8018209
8184150
8380091
0
0
8865986
9052857
0
9387664
0
0
9900590
10084104
0
10414444
0
10766417
9900590
210068
0
0
697075
868118
0
1200272
0
0
1719796
1896395
0
2229229
0
2566259
2744853
2922404
0
0
3435601
3589909
0
3938027
0
0
4468753
4634014
0
4963878
0
5305578
5473991
5659524
0
0
6160612
6337075
0
6665601
0
0
7181769
7352902
0
7685986
0
8019297
8206825
8380658
0
0
8880091
9058821
0
9385941
0
0
9914830
10091088
0
10426236
0
10769546
10919274
202562
0
0
714535
886054
0
1215964
0
0
1752200
1911837
0
2232540
0
2569025
2750658
2930544
0
0
3422041
3610340
0
3950272
0
0
4471315
4628367
0
4965737
0
5301633
5497234
5657846
0
0
6143084
6320816
0
6663946
0
0
7176735
7346259
0
7683492
0
8030385
8221905
8376780
0
0
8864603
9060431
0
9404059
0
0
9931383
10090771
0
10415329
0
10746122
10915261
0
0
0
0
0
0
0
0
0
0
0
0
0
0
0
0
0
0
0
0
0
0
0
0
0
0
0
0
0
0
0
0
0
0
0
0
0
0
0
0
0
0
0
0
0
0
0
0
0
0
0
0
0
0
0
0
0
0
0
0
0
0
0
0
0
0
0
0
0
0
0
0
0
0
0
0
0
0
0
0
0
0
0
0
0
0
0
0
0
0
0
0
0
0
0
0
0
0
0
0
0
0
0
0
0
0
0
0
0
0
0
0
0
0
0
0
0
0
0
0
0
0
0
0
0
0
0
0
0
0
0
0
0
0
0
0
0
0
0
0
0
0
0
0
0
0
0
0
0
0
0
0
0
0
0
0
0
0
0
0
0
0
0
0
0
0
0
0
0
0
0
0
0
0
0
0
0
0
0
0
0
0
0
0
0
0
0
0
0
0
0
0
0
0
0
0
0
0
0
0
0
0
0
0
0
0
0
0
0
0
0
0
0
0
0
0
0
0
0
0
0
0
0
0
0
0
0
0
0
0
0
0
0
0
0
0
0
0
0
0
0
0
0
0
0
0
0
0
0
0
0
0
0
0
0
0
0
0
0
0
0
0
0
0
0
0
0
0
0
0
0
0
0
0
0
0
0
0
0
0
0
0
0
0
0
0
0
0
0
0
0
0
0
0
0
0
0
0
0
0
0
0
0
0
0
0
0
0
0
0
0
0
0
0
0
0
0
0
0
0
0
0
0
0
0
0
0
0
0
0
0
0
0
0
0
0
0
0
0
0
0
0
0
0
0
0
0
0
0
0
0
0
0
0
0
0
0
0
0
0
0
0
0
0
0
0
0
0
0
0
0
0
0
0
0
0
0
0
0
0
0
0
0
0
298458
0
0
1203424
1441565
0
2031723
0
0
2884785
3167302
0
3745760
0
4357166
4648730
4906712
0
0
5771156
6037120
0
6630590
0
0
7530544
7801134
0
8368821
0
8980522
9276553
9549365
0
0
10439569
10660998
0
11270068
0
0
12148299
12406508
0
12988730
0
13589932
13835828
14142063
0
0
15045669
15336190
0
15887075
0
0
16734444
16994218
0
17597143
0
18190522
18495714
250068
0
0
919478
1135873
0
1565261
0
0
2227370
2442018
0
2881973
0
3339546
3551247
3777755
0
0
4430658
4658707
0
5081565
0
0
5764921
5991701
0
6406531
0
6838186
7067029
7294989
0
0
7968526
8183311
0
8614014
0
0
9268730
9507256
0
9953061
0
10398322
10620907
10835193
0
0
11523039
11722721
0
12147029
0
0
12813379
13041950
0
13455782
0
13897460
14149977
207392
0
0
693855
886327
0
1218095
0
0
1725601
1906803
0
2241066
0
2594490
2755397
2944082
0
0
3455896
3612426
0
3944807
0
0
4451020
4641701
0
4959025
0
5312948
5504263
5662381
0
0
6198299
6352857
0
6674399
0
0
7197528
7359660
0
7680499
0
8010884
8220703
8374104
0
0
8887347
9054580
0
9385850
0
0
9889365
10078458
0
10406916
0
10743968
10941905
0
0
0
0
0
0
0
0
0
0
0
0
0
0
0
0
0
0
0
0
0
0
0
0
0
0
0
0
0
0
0
0
0
0
0
0
0
0
0
0
0
0
0
0
0
0
0
0
0
0
0
0
0
0
0
0
0
0
0
0
0
0
0
0
276054
0
0
1164399
1405964
0
1994376
0
0
2899440
3161202
0
3740295
0
4332109
4611429
4908934
0
0
5783787
6081859
0
6640680
0
0
7510249
7801247
0
8375147
0
8959320
9261429
9536576
0
0
10440680
10711610
0
11248798
0
0
12106327
12385624
0
12957234
0
13524331
13796122
14114535
0
0
15007345
15297075
0
15881497
0
0
16774078
17048231
0
17601655
0
18181315
18487800
275147
0
0
1165488
1461179
0
2039433
0
0
2897438
3177823
0
3752902
0
4339184
4603696
4901610
0
0
5803696
6089592
0
6647234
0
0
7508981
7798413
0
8358889
0
8952721
9246077
9528254
0
0
10412449
10707143
0
11271610
0
0
12136032
12441406
0
12982336
0
13568912
13860181
14151882
0
0
15036145
15331429
0
15891383
0
0
16724172
17019410
0
17601927
0
18195601
18469410
237596
0
0
906032
1144875
0
1573810
0
0
2245918
2441746
0
2875646
0
3335329
3584762
3780975
0
0
4421837
4662086
0
5091655
0
0
5777642
5983492
0
6408685
0
6848118
7096961
7297574
0
0
7981678
8186349
0
8615351
0
0
9295533
9506259
0
9923651
0
10389320
10600522
10819592
0
0
11518254
11721179
0
12154875
0
0
12835782
13039569
0
13467732
0
13913175
14154240
221973
0
0
909252
1135941
0
1560590
0
0
2224172
2441315
0
2878118
0
3331383
3547846
3764875
0
0
4438435
4662086
0
5099637
0
0
5788141
5988571
0
6414467
0
6843810
7070635
7299070
0
0
7965306
8191791
0
8616825
0
0
9276644
9516009
0
9930567
0
10380272
10599252
10819274
0
0
11496259
11718844
0
12139274
0
0
12819093
13050590
0
13465079
0
13922766
14135852
201950
0
0
717392
895896
0
1223401
0
0
1729456
1915351
0
2238390
0
2571134
717392
2925261
0
0
3414785
3606327
0
3943673
0
0
1729456
4634376
0
4959297
0
5306077
5491973
5651224
0
0
6157687
6334649
0
6672630
0
0
7206417
7362041
0
7692426
0
8026553
8214966
8370000
0
0
8214966
9057075
0
9389524
0
0
9912086
10095692
0
10417256
0
10771519
10963288
199093
0
0
2762336
883651
0
1211905
0
0
1736440
1900408
0
2236757
0
2572109
2762336
2929660
0
0
3447098
3612494
0
3933356
0
0
4444580
4625669
0
4957687
0
5299365
5492177
5653243
0
0
6173424
6335102
0
6671519
0
0
8212358
7361383
0
7670839
0
8019524
8212358
8380340
0
0
8895465
9069093
0
9392200
0
0
9887778
10085125
0
10410907
0
10773832
8895465
0
0
0
0
0
0
0
0
0
0
0
0
0
0
0
0
0
0
0
0
0
0
0
0
0
0
0
0
0
0
0
0
0
0
0
0
0
0
0
0
0
0
0
0
0
0
0
0
0
0
0
0
0
0
0
0
0
0
0
0
0
0
0
0
0
0
0
0
0
0
0
0
0
0
0
0
0
0
0
0
0
0
0
0
0
0
0
0
0
0
0
0
0
0
0
0
0
0
0
0
0
0
0
0
0
0
0
0
0
0
0
0
0
0
0
0
0
0
0
0
0
0
0
0
0
0
0
0
2672
0
0
471
896
0
3136
0
0
625
914
0
3375
0
1476
604
2261
0
0
537
722
0
3136
0
0
512
883
0
2948
0
1492
592
1758
0
0
521
1181
0
3116
0
0
706
775
0
3043
0
1888
593
1792
0
0
558
695
0
3074
0
0
703
663
0
2767
0
1380
763
2803
0
0
450
538
0
2287
0
0
496
439
0
2354
0
1210
652
2577
0
0
655
484
0
3506
0
0
626
789
0
2444
0
1080
694
1827
0
0
606
799
0
2586
0
0
458
501
0
2274
0
1595
585
2607
0
0
557
572
0
3400
0
0
523
710
0
2274
0
1077
559
1840
0
0
795
746
0
1831
0
0
673
494
0
1656
0
1361
976
1373
0
0
980
948
0
2334
0
0
594
830
0
1537
0
1235
766
1594
0
0
622
622
0
1984
0
0
809
557
0
1750
0
1007
899
1340
0
0
738
638
0
1534
0
0
673
505
0
1771
0
1595
765
1857
0
0
561
872
0
2078
0
0
811
604
0
1263
0
1092
340
1735
0
0
726
708
0
1830
0
0
685
549
0
2262
0
1180
295
1347
0
0
636
730
0
1405
0
0
706
743
0
1920
0
1201
321
1696
0
0
820
598
0
2249
0
0
455
617
0
1569
0
1236
529
1379
0
0
474
832
0
1991
0
0
610
742
0
1764
0
922
702
1464
0
0
517
488
0
2445
0
0
503
644
0
1752
0
697
466
1080
0
0
600
604
0
2859
0
0
663
453
0
2270
0
646
456
1669
0
0
421
549
0
2718
0
0
472
558
0
2254
0
841
565
2435
0
0
665
883
0
2206
0
0
528
814
0
2151
0
999
442
2040
0
0
365
759
0
2094
0
0
472
841
0
2087
0
1068
303
1358
0
0
627
788
0
1913
0
0
686
748
0
2382
0
1297
390
1522
0
0
484
831
0
2246
0
0
468
728
0
1853
0
1132
641
3023
0
0
927
817
0
3124
0
0
526
461
0
2501
0
1051
629
2400
0
0
808
737
0
2439
0
0
590
794
0
2475
0
955
678
2180
0
0
1284
969
0
2082
0
0
707
598
0
2001
0
574
605
1711
0
0
650
1158
0
2163
0
0
797
886
0
3154
0
1112
943
2676
0
0
949
994
0
2633
0
0
708
1275
0
2662
0
1410
891
2894
0
0
949
1519
0
3670
0
0
1121
1243
0
3262
0
1287
859
2460
0
0
1107
852
0
2845
0
0
803
949
0
1718
0
1168
709
2043
0
0
544
1377
0
2455
0
0
544
1130
0
2635
0
1040
593
1548
0
0
1047
721
0
2091
0
0
766
472
0
1748
0
934
723
1606
0
0
1019
793
0
2157
0
0
1010
500
0
2131
0
1232
968
1785
0
0
801
649
0
2482
0
0
907
608
0
1910
0
1328
636
1569
0
0
752
681
0
1911
0
0
725
660
0
1782
0
1515
775
2178
0
0
1291
890
0
2054
0
0
768
745
0
1720
0
1420
710
1626
0
0
1133
890
0
2338
0
0
1105
713
0
2029
0
1208
848
1709
0
0
992
980
0
2445
0
0
980
847
0
2421
0
1213
695
1386
0
0
1004
921
0
2308
0
0
894
930
0
2626
0
1783
800
1612
0
0
956
767
0
1766
0
0
981
887
0
2484
0
1035
601
1628
0
0
1120
903
0
2566
0
0
967
895
0
2252
0
815
522
1647
0
0
750
1431
0
2184
0
0
840
1062
0
2309
0
1116
678
1530
0
0
1010
1059
0
2098
0
0
522
967
0
1937
0
795
545
2562
0
0
1386
1452
0
3490
0
0
919
1079
0
3270
0
928
1001
1972
0
0
890
1418
0
2788
0
0
1112
1155
0
3300
0
1130
761
2155
0
0
883
1235
0
3757
0
0
740
922
0
3345
0
811
886
2212
0
0
1083
1499
0
3726
0
0
743
853
0
3840
0
1229
690
2046
0
0
1124
1081
0
3025
0
0
1098
835
0
2835
0
1076
917
1466
0
0
850
1049
0
2104
0
0
1173
1026
0
2483
0
1518
827
1730
0
0
1049
1275
0
2949
0
0
977
1171
0
2540
0
779
1221
1700
0
0
1057
1342
0
2884
0
0
1089
1062
0
2703
0
1311
1001
3088
0
0
1428
1493
0
2415
0
0
595
989
0
2494
0
965
975
2243
0
0
1351
1352
0
2839
0
0
1435
1611
0
2538
0
1436
756
2637
0
0
1418
1319
0
2592
0
0
997
1009
0
2773
0
1388
1316
2145
0
0
1207
1669
0
2507
0
0
980
1534
0
2669
0
1885
1313
3060
0
0
1167
1169
0
2402
0
0
1150
1090
0
2981
0
1186
1468
1911
0
0
1336
1551
0
2648
0
0
1879
988
0
2447
0
1595
1233
1962
0
0
1414
1275
0
2862
0
0
1415
781
0
2596
0
1399
1164
1805
0
0
1200
1080
0
2340
0
0
1128
856
0
2291
0
2149
1164
1687
0
0
1158
1148
0
2709
0
0
961
974
0
2257
0
1047
1091
1310
0
0
885
1031
0
2337
0
0
1065
972
0
2355
0
1357
1106
2104
0
0
1069
1571
0
3029
0
0
1850
1279
0
2243
0
1389
1206
1935
0
0
1147
1311
0
2540
0
0
2230
1287
0
2290
0
1281
1459
2039
0
0
976
1440
0
3756
0
0
2001
1209
0
2539
0
1282
1006
2015
0
0
1368
1245
0
2897
0
0
1101
1102
0
3109
0
939
1040
1767
0
0
1049
1263
0
2416
0
0
977
1249
0
2729
0
1222
1389
1767
0
0
876
1171
0
3471
0
0
810
1219
0
2776
0
889
812
2833
0
0
1872
1351
0
3060
0
0
1220
1360
0
3115
0
1769
1450
2368
0
0
1338
1782
0
3272
0
0
1253
1382
0
3338
0
1473
1131
2214
0
0
1146
2246
0
3643
0
0
861
1178
0
2321
0
860
982
2503
0
0
1379
1785
0
3951
0
0
947
1249
0
2883
0
1216
1149
0
0
0
0
0
0
0
0
0
0
0
0
0
0
0
0
0
0
0
0
0
0
0
0
0
0
0
0
0
0
0
0
0
0
0
0
0
0
0
0
0
0
0
0
0
0
0
0
0
0
0
0
0
0
0
0
0
0
0
0
0
0
0
0
0
0
0
0
0
0
0
0
0
0
0
0
0
0
0
0
0
0
0
0
0
0
0
0
0
0
0
0
0
0
0
0
0
0
0
0
0
0
0
0
0
0
0
0
0
0
0
0
0
0
0
0
0
0
0
0
0
0
0
0
0
0
0
0
0
0
0
0
0
0
0
0
0
0
0
0
0
0
0
0
0
0
0
0
0
0
0
0
0
0
0
0
0
0
0
0
0
0
0
0
0
0
0
0
0
0
0
0
0
0
0
0
0
0
0
0
0
0
0
0
0
0
0
0
0
0
0
0
0
0
0
0
0
0
0
0
0
0
0
0
0
0
0
0
0
0
0
0
0
0
0
0
0
0
0
0
0
0
0
0
0
0
0
0
0
0
0
0
0
0
0
0
0
0
0
0
0
0
0
0
0
0
0
0
0
0
0
0
0
0
0
0
0
0
0
0
0
0
0
0
0
0
0
0
0
0
0
0
0
0
0
0
0
0
0
0
0
0
0
0
0
0
0
0
0
0
0
0
0
0
0
0
0
0
0
0
0
0
0
0
0
0
0
0
0
0
0
0
0
0
0
0
0
0
0
0
0
0
0
0
0
0
0
0
0
0
0
0
0
0
0
0
0
0
0
0
0
0
0
0
0
0
0
0
0
0
0
0
0
0
0
0
0
0
0
0
0
0
0
0
0
0
0
0
0
0
0
0
0
0
0
0
0
0
0
0
0
0
0
0
1773
0
0
549
1110
0
2054
0
0
446
790
0
1864
0
1057
666
1528
0
0
496
906
0
2014
0
0
561
916
0
1915
0
1198
662
1795
0
0
748
911
0
2311
0
0
469
634
0
2223
0
1398
501
1505
0
0
454
940
0
1923
0
0
754
586
0
1845
0
1103
551
2084
0
0
1039
904
0
2788
0
0
1165
690
0
2695
0
1502
856
1788
0
0
1248
1040
0
2861
0
0
740
934
0
2913
0
1340
933
1702
0
0
1077
1011
0
3710
0
0
1426
817
0
3333
0
976
844
2292
0
0
798
1084
0
2769
0
0
673
830
0
3127
0
588
709
2036
0
0
1050
1116
0
3002
0
0
879
1164
0
2454
0
1510
660
2502
0
0
1245
1358
0
3704
0
0
1249
1032
0
3000
0
1725
776
2275
0
0
934
1070
0
3743
0
0
1367
929
0
3292
0
1184
421
2488
0
0
1229
1261
0
2597
0
0
951
920
0
2883
0
1232
752
0
0
0
0
0
0
0
0
0
0
0
0
0
0
0
0
0
0
0
0
0
0
0
0
0
0
0
0
0
0
0
0
0
0
0
0
0
0
0
0
0
0
0
0
0
0
0
0
0
0
0
0
0
0
0
0
0
0
0
0
0
0
0
0
2174
0
0
850
396
0
3503
0
0
574
544
0
3412
0
742
422
1712
0
0
593
669
0
2583
0
0
670
619
0
2760
0
1197
645
1654
0
0
605
458
0
3631
0
0
353
629
0
2600
0
625
449
1790
0
0
540
490
0
2545
0
0
476
564
0
2687
0
966
602
1658
0
0
793
1139
0
1907
0
0
751
1431
0
1870
0
1496
891
1614
0
0
752
896
0
1435
0
0
665
1149
0
1455
0
1250
463
1705
0
0
699
1263
0
1231
0
0
678
1179
0
1372
0
1100
788
1767
0
0
543
1029
0
1474
0
0
687
1065
0
1205
0
1245
577
2198
0
0
657
1195
0
2752
0
0
610
1096
0
2590
0
1037
420
2687
0
0
657
1253
0
2469
0
0
561
1252
0
2562
0
829
450
2143
0
0
676
997
0
2808
0
0
634
690
0
2817
0
743
807
2452
0
0
329
1099
0
2215
0
0
719
875
0
2440
0
1090
555
3038
0
0
1086
1151
0
3769
0
0
843
979
0
3967
0
1459
971
3108
0
0
1009
1219
0
3494
0
0
859
1557
0
3575
0
2343
915
1702
0
0
1365
2014
0
3583
0
0
883
1999
0
4773
0
1483
789
2420
0
0
1080
1562
0
3583
0
0
965
1361
0
4773
0
2073
832
1824
0
0
1265
1720
0
3154
0
0
1048
974
0
3561
0
1203
1019
2301
0
0
1487
1301
0
3551
0
0
644
1070
0
2563
0
930
864
2174
0
0
1342
1608
0
3340
0
0
1268
1189
0
3030
0
807
1048
2235
0
0
1080
1257
0
2889
0
0
1137
1511
0
3009
0
1335
1090
2486
0
0
1206
1593
0
3457
0
0
1008
1335
0
2922
0
1084
709
2622
0
0
675
1730
0
4095
0
0
970
1172
0
2477
0
1221
751
2364
0
0
1684
1413
0
2944
0
0
658
1440
0
3119
0
1160
541
2733
0
0
935
1275
0
2697
0
0
1114
956
0
2332
0
1628
794
0
0
0
0
0
0
0
0
0
0
0
0
0
0
0
0
0
0
0
0
0
0
0
0
0
0
0
0
0
0
0
0
0
0
0
0
0
0
0
0
0
0
0
0
0
0
0
0
0
0
0
0
0
0
0
0
0
0
0
0
0
0
0
0
0
0
0
0
0
0
0
0
0
0
0
0
0
0
0
0
0
0
0
0
0
0
0
0
0
0
0
0
0
0
0
0
0
0
0
0
0
0
0
0
0
0
0
0
0
0
0
0
0
0
0
0
0
0
0
0
0
0
0
0
0
0
0
0
1787
0
0
679
1237
0
2096
0
0
829
996
0
2877
0
1713
899
1733
0
0
832
908
0
3159
0
0
645
1212
0
2085
0
1747
619
1902
0
0
650
1192
0
2305
0
0
576
997
0
2583
0
1532
1104
1734
0
0
670
1192
0
1847
0
0
1072
1171
0
1888
0
1616
862
1944
0
0
662
1129
0
2094
0
0
1145
956
0
1975
0
2212
812
2195
0
0
616
1816
0
2384
0
0
1191
985
0
2037
0
1249
1150
1090
0
0
1000
906
0
2064
0
0
830
1029
0
1412
0
1190
1171
934
0
0
1028
782
0
1999
0
0
1081
1089
0
1918
0
1033
868
2928
0
0
1177
1800
0
4038
0
0
1254
988
0
3437
0
1857
940
2057
0
0
1102
628
0
3302
0
0
1070
711
0
2871
0
1833
963
1838
0
0
1085
1199
0
2959
0
0
738
603
0
2345
0
1869
1287
1984
0
0
902
579
0
3333
0
0
1087
649
0
3157
0
2109
896
2163
0
0
500
1244
0
4034
0
0
594
746
0
4109
0
2166
714
1689
0
0
902
1115
0
3508
0
0
706
474
0
3224
0
1992
879
1462
0
0
823
501
0
3866
0
0
582
426
0
2871
0
1340
849
1174
0
0
824
553
0
3067
0
0
803
599
0
2278
0
1691
614
2263
0
0
804
1038
0
3021
0
0
766
811
0
2723
0
1842
783
2287
0
0
812
610
0
2993
0
0
728
586
0
2301
0
1141
970
2271
0
0
726
735
0
3143
0
0
1040
632
0
2935
0
1661
607
1738
0
0
627
524
0
2799
0
0
507
548
0
2666
0
979
756
1101
0
0
903
599
0
2254
0
0
981
595
0
2484
0
2366
815
1476
0
0
811
620
0
2085
0
0
796
697
0
2090
0
1397
711
1833
0
0
725
825
0
2227
0
0
999
638
0
2503
0
1621
776
1074
0
0
811
780
0
2783
0
0
789
680
0
2916
0
2116
905
1817
0
0
538
997
0
3275
0
0
960
1162
0
2738
0
1738
935
1908
0
0
1183
875
0
2478
0
0
960
1280
0
3287
0
1430
761
1905
0
0
817
971
0
2932
0
0
1102
1067
0
2817
0
1295
828
2164
0
0
1055
1450
0
3924
0
0
1054
972
0
3037
0
2142
606
1899
0
0
961
1003
0
3387
0
0
746
688
0
2535
0
1768
940
2191
0
0
961
1096
0
4127
0
0
971
813
0
3060
0
1565
881
2053
0
0
932
898
0
3646
0
0
947
810
0
3086
0
1073
680
1534
0
0
635
2025
0
3907
0
0
878
1620
0
3496
0
1211
777
2339
0
0
655
774
0
4982
0
0
833
958
0
4367
0
1661
1129
2218
0
0
655
2113
0
3591
0
0
1244
1057
0
4734
0
1638
1205
2411
0
0
1162
1103
0
4216
0
0
904
817
0
4965
0
1416
852
2328
0
0
771
1043
0
4632
0
0
663
765
0
2656
0
1912
978
1868
0
0
1052
1544
0
3120
0
0
417
848
0
3019
0
1124
743
1939
0
0
641
617
0
3327
0
0
778
535
0
2964
0
876
601
1701
0
0
634
832
0
2600
0
0
688
988
0
2806
0
898
540
978
0
0
698
1556
0
2354
0
0
849
776
0
2846
0
1600
910
1971
0
0
1542
835
0
2926
0
0
1151
1058
0
3651
0
1073
962
1953
0
0
1356
1752
0
3361
0
0
1356
979
0
2687
0
1151
951
1969
0
0
771
1218
0
2962
0
0
811
857
0
3673
0
1017
811
2059
0
0
1209
941
0
3335
0
0
977
1047
0
3995
0
1196
1060
2284
0
0
1188
1772
0
3055
0
0
1095
1285
0
2989
0
1622
1188
1361
0
0
1110
1096
0
2948
0
0
1095
1012
0
3405
0
2350
1034
2510
0
0
959
1066
0
3807
0
0
1092
774
0
3372
0
1710
1075
1162
0
0
1158
966
0
3552
0
0
1058
903
0
3148
0
2213
1058
2823
0
0
765
1060
0
4128
0
0
765
1586
0
3907
0
1636
771
2996
0
0
1148
2745
0
5193
0
0
1318
2377
0
5107
0
2463
1318
3881
0
0
1267
1565
0
5304
0
0
833
2324
0
4632
0
1482
1383
4402
0
0
1709
2529
0
5375
0
0
1457
1477
0
4852
0
2797
1462
3521
0
0
1402
3003
0
3597
0
0
1266
2507
0
4092
0
2541
1224
3241
0
0
1076
2506
0
4292
0
0
1521
2735
0
4736
0
2380
1407
4377
0
0
1069
3048
0
4789
0
0
1074
2805
0
5203
0
2238
1444
2463
0
0
1292
1496
0
5158
0
0
1036
2376
0
4751
0
2777
1406
4045
0
0
1540
2322
0
4657
0
0
1398
2333
0
4337
0
1120
1540
3112
0
0
1426
2781
0
4218
0
0
1224
2382
0
4537
0
2254
1337
3708
0
0
1621
2145
0
3729
0
0
1508
2388
0
4536
0
1952
1465
3114
0
0
1154
3056
0
3375
0
0
1465
1543
0
3670
0
1791
1662
3834
0
0
969
3178
0
4208
0
0
1301
2507
0
4073
0
1023
969
3265
0
0
976
2897
0
4020
0
0
1243
2303
0
4667
0
1907
976
2427
0
0
1056
2586
0
3945
0
0
1055
1757
0
4577
0
995
1230
2434
0
0
978
2678
0
3642
0
0
1056
2132
0
3872
0
3201
1056
2522
0
0
1266
1921
0
3325
0
0
1465
2207
0
4160
0
1362
731
2355
0
0
1498
834
0
3419
0
0
1406
2083
0
3947
0
1458
1086
2113
0
0
899
2153
0
4210
0
0
832
1984
0
4030
0
885
955
2360
0
0
1183
2422
0
3746
0
0
944
1581
0
4226
0
1838
1349
2268
0
0
1619
1042
0
3420
0
0
1334
1142
0
3521
0
1127
1269
2212
0
0
1078
2339
0
3822
0
0
956
2196
0
3487
0
964
1459
1721
0
0
1099
2101
0
3578
0
0
1218
2116
0
3821
0
2080
1166
2349
0
0
1105
2006
0
3647
0
0
1039
2105
0
3863
0
1114
1069
0
0
0
0
0
0
0
0
0
0
0
0
0
0
0
0
0
0
0
0
0
0
0
0
0
0
0
0
0
0
0
0
0
0
0
0
0
0
0
0
0
0
0
0
0
0
0
0
0
0
0
0
0
0
0
0
0
0
0
0
0
0
0
0
0
0
0
0
0
0
0
0
0
0
0
0
0
0
0
0
0
0
0
0
0
0
0
0
0
0
0
0
0
0
0
0
0
0
0
0
0
0
0
0
0
0
0
0
0
0
0
0
0
0
0
0
0
0
0
0
0
0
0
0
0
0
0
0
0
0
0
0
0
0
0
0
0
0
0
0
0
0
0
0
0
0
0
0
0
0
0
0
0
0
0
0
0
0
0
0
0
0
0
0
0
0
0
0
0
0
0
0
0
0
0
0
0
0
0
0
0
0
0
0
0
0
0
0
0
0
0
0
0
0
0
0
0
0
0
0
0
0
0
0
0
0
0
0
0
0
0
0
0
0
0
0
0
0
0
0
0
0
0
0
0
0
0
0
0
0
0
0
0
0
0
0
0
0
0
0
0
0
0
0
0
0
0
0
0
0
0
0
0
0
0
0
0
0
0
0
0
0
0
0
0
0
0
0
0
0
0
0
0
0
0
0
0
0
0
0
0
0
0
0
0
0
0
0
0
0
0
0
0
0
0
0
0
0
0
0
0
0
0
0
0
0
0
0
0
0
0
0
0
0
0
0
0
0
0
0
0
0
0
0
0
0
0
0
0
0
0
0
0
0
0
0
0
0
0
0
0
0
0
0
0
0
0
0
0
0
0
0
0
0
0
0
0
0
0
0
0
0
0
0
0
0
0
0
0
0
0
0
0
0
0
0
0
0
0
0
0
0
0
0
1598
0
0
938
637
0
4109
0
0
1045
658
0
3727
0
2624
1073
2250
0
0
841
645
0
4495
0
0
856
883
0
3032
0
2010
931
1256
0
0
868
611
0
3102
0
0
876
694
0
3150
0
2215
913
867
0
0
1063
532
0
2869
0
0
909
584
0
2977
0
1988
980
2842
0
0
882
1737
0
4095
0
0
621
1577
0
4402
0
2234
735
3160
0
0
410
1089
0
4902
0
0
853
1594
0
3508
0
1118
976
2325
0
0
664
909
0
3608
0
0
632
1002
0
3203
0
1134
1024
2059
0
0
962
1814
0
3564
0
0
970
1380
0
3474
0
2567
695
3197
0
0
1748
2364
0
3680
0
0
1169
2760
0
4208
0
1378
1118
3479
0
0
1193
2303
0
4253
0
0
1275
2303
0
4280
0
2328
1372
3235
0
0
1140
2057
0
4423
0
0
932
2229
0
3855
0
1075
1085
3846
0
0
866
2285
0
4388
0
0
1193
2384
0
4098
0
1134
1232
0
0
0
0
0
0
0
0
0
0
0
0
0
0
0
0
0
0
0
0
0
0
0
0
0
0
0
0
0
0
0
0
0
0
0
0
0
0
0
0
0
0
0
0
0
0
0
0
0
0
0
0
0
0
0
0
0
0
0
0
0
0
0
0
2751
0
0
697
1752
0
5136
0
0
548
1870
0
4447
0
2528
880
3336
0
0
723
1839
0
5061
0
0
639
2054
0
4433
0
3476
627
2889
0
0
716
1234
0
5527
0
0
637
1233
0
4290
0
1969
532
2156
0
0
539
674
0
3947
0
0
620
706
0
3341
0
1990
606
2569
0
0
620
871
0
3385
0
0
449
657
0
2756
0
2345
702
2150
0
0
633
1355
0
3506
0
0
626
1440
0
4016
0
2838
815
2447
0
0
520
1991
0
2760
0
0
640
1454
0
3668
0
2271
1058
2401
0
0
552
1281
0
3590
0
0
554
1005
0
4081
0
3489
890
2492
0
0
1415
1647
0
3234
0
0
767
1692
0
3154
0
2371
979
2088
0
0
1085
1815
0
3269
0
0
899
1712
0
3389
0
2680
1009
1763
0
0
751
1277
0
3723
0
0
923
1480
0
3796
0
1736
796
1886
0
0
995
1340
0
3473
0
0
1000
1756
0
3342
0
2454
934
3259
0
0
1011
1439
0
4562
0
0
933
2320
0
3305
0
3450
1105
2497
0
0
810
2051
0
3535
0
0
938
2031
0
3490
0
2684
1244
2599
0
0
747
1774
0
4255
0
0
1061
1981
0
3834
0
2556
984
2839
0
0
809
1106
0
3739
0
0
916
1349
0
4020
0
1905
1292
4703
0
0
2176
3232
0
4400
0
0
1452
3085
0
4631
0
2687
2176
4507
0
0
1543
3062
0
4760
0
0
1452
2854
0
4528
0
3439
1064
4738
0
0
1546
3662
0
4640
0
0
1165
3270
0
4110
0
3790
1320
3455
0
0
1320
2673
0
3971
0
0
1309
2935
0
4643
0
3451
1034
3607
0
0
1229
2359
0
5616
0
0
984
2460
0
5663
0
1941
1229
3784
0
0
979
2562
0
4080
0
0
1423
2467
0
4903
0
2918
1591
3633
0
0
1778
3066
0
4207
0
0
1486
3400
0
4751
0
2791
1486
3888
0
0
1847
2859
0
5226
0
0
1181
3724
0
5417
0
3992
1847
0
0
0
0
0
0
0
0
0
0
0
0
0
0
0
0
0
0
0
0
0
0
0
0
0
0
0
0
0
0
0
0
0
0
0
0
0
0
0
0
0
0
0
0
0
0
0
0
0
0
0
0
0
0
0
0
0
0
0
0
0
0
0
0
0
0
0
0
0
0
0
0
0
0
0
0
0
0
0
0
0
0
0
0
0
0
0
0
0
0
0
0
0
0
0
0
0
0
0
0
0
0
0
0
0
0
0
0
0
0
0
0
0
0
0
0
0
0
0
0
0
0
0
0
0
0
0
0
0
0
0
0
0
0
0
0
0
0
0
0
0
0
0
0
0
0
0
0
0
0
0
0
0
0
0
0
0
0
0
0
