%pattern_data
30
0
18
4
4
4
0
0
0
1
1
1
0
0
0
0
0
0
0
0
0
0
1
3
92
0
0
52
68
88
0
0
0
960
-7543
0
0
-8
-8
0
-1
0
1
-3
0
0
-101
0
-1
0
1
-3
-101
0
0
0
-1
0
1
-3
0
0
-101
0
-1
0
1
-3
-101
0
0
0
-1
0
1
-3
0
0
-101
0
-1
0
1
-3
-101
0
0
0
-1
0
1
-3
0
0
-101
0
-1
0
1
-3
-101
0
0
0
0
0
0
0
0
0
288
0
0
0
0
0
288
0
0
0
0
0
0
0
0
0
288
0
0
0
0
0
288
0
0
0
290544
0
840771
1150748
0
0
0
0
2592698
0
3164218
3461429
0
0
0
0
4906463
0
5472132
5761315
0
0
0
0
7235782
0
7796599
8068798
0
0
0
0
9519184
0
10062313
10341655
0
0
0
0
11825238
0
12392222
12668050
0
0
0
0
14127347
0
14697914
14994603
0
0
0
0
16438866
0
17007029
17297415
0
0
0
0
281791
0
863175
1137823
0
0
0
0
2619751
0
3193401
3468662
0
0
0
0
4901723
0
5479660
5759093
0
0
0
0
7195102
0
7752494
8040113
0
0
0
0
9504286
0
10073787
10345896
0
0
0
0
11811791
0
12393605
12683061
0
0
0
0
14103515
0
14694853
14982834
0
0
0
0
16442902
0
17007347
17296395
0
0
0
0
289070
0
844762
1130612
0
0
0
0
2601973
0
3164195
3478571
0
0
0
0
4904308
0
5459048
5751587
0
0
0
0
7235782
0
7784875
8066236
0
0
0
0
9514853
0
10090884
10362109
0
0
0
0
11818345
0
12372834
12654535
0
0
0
0
14142449
0
14694308
14981746
0
0
0
0
16445964
0
17015737
17285488
0
0
0
0
293061
0
842721
1156077
0
0
0
0
2630635
0
3159004
3459365
0
0
0
0
4907868
0
5441723
5763424
0
0
0
0
7195669
0
7764331
8056961
0
0
0
0
9528413
0
10091565
10376667
0
0
0
0
11838277
0
12386417
12679592
0
0
0
0
14139093
0
14694535
14980136
0
0
0
0
16460227
0
17004376
17297370
0
0
0
0
274989
0
870181
1154853
0
0
0
0
2565193
0
3118413
3428231
0
0
0
0
4910227
0
5500816
5784966
0
0
0
0
7221156
0
7767029
8068889
0
0
0
0
9517778
0
10070159
10345034
0
0
0
0
11820748
0
12393356
12687211
0
0
0
0
14158322
0
14718435
14995941
0
0
0
0
16447052
0
17020000
17301066
0
0
0
0
285034
0
868050
1144875
0
0
0
0
2587324
0
3174898
3460862
0
0
0
0
4910680
0
5480227
5764308
0
0
0
0
7196893
0
7775669
8066803
0
0
0
0
9512041
0
10081179
10376576
0
0
0
0
11822721
0
12382971
12673016
0
0
0
0
14147324
0
14711882
14994308
0
0
0
0
16447392
0
17003152
17303107
0
0
0
0
232517
0
665986
917619
0
0
0
0
1987234
0
2414014
2658367
0
0
0
0
3747823
0
4177710
4418163
0
0
0
0
5524807
0
5966327
6188186
0
0
0
0
7278957
0
7721769
7944354
0
0
0
0
9045329
0
9473673
9715986
0
0
0
0
10816440
0
11258844
11486372
0
0
0
0
12574807
0
13016576
13223061
0
0
0
0
227483
0
680499
883651
0
0
0
0
1982086
0
2448345
2655102
0
0
0
0
3751043
0
4191043
4406757
0
0
0
0
5541701
0
5979546
6178844
0
0
0
0
7295079
0
7747664
7944422
0
0
0
0
9062948
0
9510408
9704172
0
0
0
0
10821769
0
11251791
11475646
0
0
0
0
12583560
0
13031610
13239025
0
0
0
0
227664
0
675102
899002
0
0
0
0
1977551
0
2424830
2640476
0
0
0
0
3746871
0
4210000
4419501
0
0
0
0
5525510
0
5975986
6185646
0
0
0
0
7280204
0
7725873
7930159
0
0
0
0
9036531
0
9476379
9690816
0
0
0
0
10801361
0
11247619
11461746
0
0
0
0
12583084
0
13028594
13233787
0
0
0
0
223696
0
652222
879252
0
0
0
0
1993855
0
2425261
2641701
0
0
0
0
3763991
0
4200816
4410612
0
0
0
0
5528231
0
5951791
6175850
0
0
0
0
7280703
0
7717370
7933129
0
0
0
0
9061156
0
9490136
9707732
0
0
0
0
10808390
0
11234036
11446871
0
0
0
0
12569932
0
13016599
13224898
0
0
0
0
218186
0
642948
880703
0
0
0
0
1995556
0
2410431
2637619
0
0
0
0
3767052
0
4191542
4437302
0
0
0
0
5515782
0
5968367
6190998
0
0
0
0
7298481
0
7712993
7940091
0
0
0
0
9053333
0
9483129
9706236
0
0
0
0
10817868
0
11255397
11476576
0
0
0
0
12574649
0
13008776
13224739
0
0
0
0
240385
0
645034
879637
0
0
0
0
1993333
0
2403243
2642132
0
0
0
0
3747347
0
4188503
4412766
0
0
0
0
5508435
0
5941088
6176100
0
0
0
0
7266485
0
7703265
7923080
0
0
0
0
9038322
0
9474762
9692132
0
0
0
0
10785760
0
11236190
11455896
0
0
0
0
12566531
0
13010385
13239002
0
0
0
0
175034
0
516349
694036
0
0
0
0
1534127
0
1866122
2042540
0
0
0
0
2895147
0
3252245
3422041
0
0
0
0
4271837
0
4611338
4772993
0
0
0
0
5630816
0
5976576
6127551
0
0
0
0
6993107
0
7335170
7495760
0
0
0
0
8361315
0
8703651
8866304
0
0
0
0
9725737
0
10057279
10228345
0
0
0
0
170408
0
515351
662789
0
0
0
0
1552902
0
1914603
2050862
0
0
0
0
2906961
0
3258367
3411451
0
0
0
0
4265057
0
4605388
4750794
0
0
0
0
5638662
0
5979070
6127438
0
0
0
0
7001837
0
7349229
7484059
0
0
0
0
8368299
0
8719138
8859977
0
0
0
0
9724467
0
10066032
10230136
0
0
0
0
182721
0
536100
696599
0
0
0
0
1520794
0
1880091
2021043
0
0
0
0
2905147
0
3262540
3414422
0
0
0
0
4269161
0
4616735
4776780
0
0
0
0
5625102
0
5953424
6127347
0
0
0
0
6983197
0
7340590
7498322
0
0
0
0
8350272
0
8693333
8849728
0
0
0
0
9714218
0
10066689
10224649
0
0
0
0
197778
0
526032
668776
0
0
0
0
1529705
0
1884671
2036122
0
0
0
0
2906531
0
3236825
3406667
0
0
0
0
4259955
0
4603900
4760476
0
0
0
0
5634807
0
5983084
6141202
0
0
0
0
7007029
0
7348571
7501882
0
0
0
0
8364127
0
8705488
8857052
0
0
0
0
9720590
0
10064943
10215283
0
0
0
0
178571
0
528390
686871
0
0
0
0
1540204
0
1888798
2051927
0
0
0
0
2912200
0
3250658
3406984
0
0
0
0
4280794
0
4625420
4778163
0
0
0
0
5628753
0
5977596
6134649
0
0
0
0
7000295
0
7337279
7487800
0
0
0
0
8359161
0
8692063
8850897
0
0
0
0
9729796
0
10071111
10228639
0
0
0
0
199796
0
509070
679705
0
0
0
0
1539977
0
1876621
2038844
0
0
0
0
2911111
0
3227483
3402381
0
0
0
0
4274218
0
4599388
4759025
0
0
0
0
5636893
0
5972766
6132154
0
0
0
0
7008050
0
7339705
7499206
0
0
0
0
8379320
0
8719093
8866077
0
0
0
0
9730272
0
10064626
10229501
0
0
0
0
0
0
0
0
0
0
0
0
0
0
0
0
0
0
0
0
0
0
0
0
0
0
0
0
0
0
0
0
0
0
0
0
0
0
0
0
0
0
0
0
0
0
0
0
0
0
0
0
0
0
0
0
0
0
0
0
0
0
0
0
0
0
0
0
0
0
0
0
0
0
0
0
0
0
0
0
0
0
0
0
0
0
0
0
0
0
0
0
0
0
0
0
0
0
0
0
0
0
0
0
0
0
0
0
0
0
0
0
0
0
0
0
0
0
0
0
0
0
0
0
0
0
0
0
0
0
0
0
0
0
0
0
0
0
0
0
0
0
0
0
0
0
0
0
0
0
0
0
0
0
0
0
0
0
0
0
0
0
0
0
0
0
0
0
0
0
0
0
0
0
0
0
0
0
0
0
0
0
0
0
0
0
0
0
0
0
0
0
0
0
0
0
0
0
0
0
0
0
0
0
0
0
0
0
0
0
0
0
0
0
0
0
0
0
0
0
0
0
0
0
0
0
0
0
0
0
0
0
0
0
0
0
0
0
0
0
0
0
0
0
0
0
0
0
0
0
0
0
0
0
0
0
0
0
0
0
0
0
0
0
0
0
0
0
0
0
0
0
0
0
0
0
0
0
0
0
0
0
0
0
0
0
0
0
0
0
0
0
0
0
0
0
0
0
0
0
0
0
0
0
0
0
0
0
0
0
0
0
0
0
0
0
0
0
0
0
0
0
0
0
0
0
0
0
0
0
0
0
0
0
0
0
0
0
0
0
0
0
0
0
0
0
0
0
0
0
0
0
0
0
0
0
0
0
0
0
0
0
0
0
0
0
0
0
0
0
0
0
0
0
0
0
0
0
0
0
0
0
0
0
0
0
0
0
272902
0
859615
1141316
0
0
0
0
2598707
0
3170794
3462041
0
0
0
0
4924853
0
5474694
5749615
0
0
0
0
7222834
0
7787324
8068367
0
0
0
0
9508345
0
10071701
10359002
0
0
0
0
11805941
0
12378685
12660340
0
0
0
0
14138322
0
14711633
14990567
0
0
0
0
16440023
0
17003741
17293991
0
0
0
0
217891
0
663583
876100
0
0
0
0
1993946
0
2421497
2638639
0
0
0
0
3764717
0
4200068
4417983
0
0
0
0
5520227
0
5951633
6160068
0
0
0
0
7294467
0
7728345
7925941
0
0
0
0
9047120
0
9471565
9693741
0
0
0
0
10821950
0
11248345
11469841
0
0
0
0
12595261
0
13043288
13244467
0
0
0
0
176236
0
501406
692789
0
0
0
0
1533175
0
1888503
2049070
0
0
0
0
2902812
0
3257687
3421134
0
0
0
0
4274059
0
4614785
4766916
0
0
0
0
5627574
0
5987098
6142041
0
0
0
0
6990408
0
7340249
7494044
0
0
0
0
8364966
0
8711886
8856531
0
0
0
0
9706417
0
10050476
10212449
0
0
0
0
0
0
0
0
0
0
0
0
0
0
0
0
0
0
0
0
0
0
0
0
0
0
0
0
0
0
0
0
0
0
0
0
0
0
0
0
0
0
0
0
0
0
0
0
0
0
0
0
0
0
0
0
0
0
0
0
0
0
0
0
0
0
0
0
288458
0
837732
1136077
0
0
0
0
2624467
0
3179501
3465805
0
0
0
0
4890998
0
5464195
5756009
0
0
0
0
7249138
0
7803311
8070544
0
0
0
0
9510068
0
10062676
10360702
0
0
0
0
11832381
0
12408594
12685737
0
0
0
0
14139887
0
14707302
15003220
0
0
0
0
16447256
0
17016961
17302948
0
0
0
0
301927
0
903424
1168753
0
0
0
0
2627120
0
3176009
3432993
0
0
0
0
4901633
0
5500272
5762608
0
0
0
0
7229955
0
7792063
8064059
0
0
0
0
9539501
0
10107324
10380249
0
0
0
0
11822200
0
12378231
12662336
0
0
0
0
14131042
0
14726349
14952018
0
0
0
0
16448277
0
17000249
17279615
0
0
0
0
217347
0
675760
899637
0
0
0
0
1986803
0
2446621
2650590
0
0
0
0
3777868
0
4217188
4420181
0
0
0
0
5521905
0
5955805
6180408
0
0
0
0
7283787
0
7729751
7936508
0
0
0
0
9047528
0
9481791
9699773
0
0
0
0
10826780
0
11256553
11475215
0
0
0
0
12572857
0
13006508
13224444
0
0
0
0
224966
0
679864
867302
0
0
0
0
2002449
0
2453061
2652245
0
0
0
0
3781111
0
4213741
4409116
0
0
0
0
5515420
0
5955714
6151383
0
0
0
0
7298481
0
7735057
7937528
0
0
0
0
9060658
0
9498163
9705510
0
0
0
0
10813379
0
11276349
11464898
0
0
0
0
12578005
0
13019048
13219501
0
0
0
0
168027
0
504535
661610
0
0
0
0
1529751
0
1884104
2039342
0
0
0
0
2909660
0
3251882
3399456
0
0
0
0
4261338
0
4608685
4764490
0
0
0
0
5637052
0
5986961
6134422
0
0
0
0
6988639
0
7342358
7483084
0
0
0
0
8345011
0
8691315
8843968
0
0
0
0
9717279
0
10053243
10220499
0
0
0
0
177324
0
527982
673128
0
0
0
0
1527982
0
1895941
2051746
0
0
0
0
2890907
0
3255692
3390091
0
0
0
0
4264467
0
4596531
4754822
0
0
0
0
5631383
0
5971633
6122086
0
0
0
0
6995465
0
7345374
7483152
0
0
0
0
8364490
0
8708367
8851633
0
0
0
0
9722812
0
10079751
10225782
0
0
0
0
0
0
0
0
0
0
0
0
0
0
0
0
0
0
0
0
0
0
0
0
0
0
0
0
0
0
0
0
0
0
0
0
0
0
0
0
0
0
0
0
0
0
0
0
0
0
0
0
0
0
0
0
0
0
0
0
0
0
0
0
0
0
0
0
0
0
0
0
0
0
0
0
0
0
0
0
0
0
0
0
0
0
0
0
0
0
0
0
0
0
0
0
0
0
0
0
0
0
0
0
0
0
0
0
0
0
0
0
0
0
0
0
0
0
0
0
0
0
0
0
0
0
0
0
0
0
0
0
307755
0
862132
1128753
0
0
0
0
2621134
0
3176395
3460930
0
0
0
0
4909705
0
5484717
5757959
0
0
0
0
7215057
0
7809229
8072200
0
0
0
0
9514580
0
10112018
10348844
0
0
0
0
11836803
0
12429932
12692608
0
0
0
0
14139025
0
14703107
14981995
0
0
0
0
16467506
0
17033583
17294286
0
0
0
0
294898
0
846757
1142585
0
0
0
0
2616032
0
3178685
3467664
0
0
0
0
4907664
0
5459592
5762290
0
0
0
0
7214785
0
7775420
8060431
0
0
0
0
9520431
0
10062358
10367982
0
0
0
0
11847211
0
12409229
12705714
0
0
0
0
14121905
0
14693968
14986168
0
0
0
0
16444512
0
17000181
17294422
0
0
0
0
284376
0
863719
1153265
0
0
0
0
2611315
0
3191247
3473447
0
0
0
0
4909161
0
5487234
5777279
0
0
0
0
7208435
0
7780454
8083039
0
0
0
0
9509002
0
10064921
10370227
0
0
0
0
11839751
0
12400839
12680385
0
0
0
0
14133129
0
14704467
14992857
0
0
0
0
16464603
0
17010204
17298639
0
0
0
0
275556
0
853741
1148821
0
0
0
0
2608549
0
3184717
3469320
0
0
0
0
4931247
0
5482925
5778413
0
0
0
0
7241995
0
7804671
8082404
0
0
0
0
9499751
0
10068299
10371973
0
0
0
0
11822902
0
12376644
12669705
0
0
0
0
14135782
0
14696349
14975011
0
0
0
0
16458980
0
17029615
17316893
0
0
0
0
295601
0
866281
1148277
0
0
0
0
2615170
0
3185556
3454286
0
0
0
0
4901020
0
5476961
5746417
0
0
0
0
7210385
0
7767324
8065193
0
0
0
0
9521678
0
10108163
10379796
0
0
0
0
11827664
0
12400363
12686213
0
0
0
0
14150658
0
14696440
14982200
0
0
0
0
16437370
0
17026032
17301315
0
0
0
0
302653
0
856304
1133968
0
0
0
0
2617143
0
3176259
3445533
0
0
0
0
4919637
0
3189758
5743152
0
0
0
0
7222132
0
7796780
8066599
0
0
0
0
9543107
0
10104603
10378435
0
0
0
0
11853537
0
12397687
12677891
0
0
0
0
14132313
0
14706122
14967959
0
0
0
0
16417302
0
16978571
17263764
0
0
0
0
235828
0
675329
879410
0
0
0
0
2000340
0
2423515
2632494
0
0
0
0
3773311
0
4204014
4421383
0
0
0
0
5531859
0
5946032
6160884
0
0
0
0
7295306
0
7720680
7938844
0
0
0
0
9065556
0
9492494
9707800
0
0
0
0
10816916
0
11243333
11459592
0
0
0
0
12589819
0
13026871
13221315
0
0
0
0
215034
0
624875
858662
0
0
0
0
1987710
0
2425964
2647914
0
0
0
0
3769274
0
4192971
4395624
0
0
0
0
5503560
0
5946848
6156417
0
0
0
0
7277324
0
7727823
7930023
0
0
0
0
9048095
0
9490816
9682086
0
0
0
0
10807347
0
11255102
11472132
0
0
0
0
12580816
0
13016417
13234785
0
0
0
0
241383
0
664830
887596
0
0
0
0
1983810
0
2423401
2640091
0
0
0
0
3765283
0
4184150
4405147
0
0
0
0
5523129
0
5964626
6179025
0
0
0
0
7292789
0
7708730
7931088
0
0
0
0
9047256
0
9481633
9711406
0
0
0
0
10833832
0
11259569
11476145
0
0
0
0
12592313
0
13008776
13235782
0
0
0
0
215737
0
660703
872245
0
0
0
0
1992086
0
2434467
2647120
0
0
0
0
3766304
0
4206372
4426259
0
0
0
0
5522426
0
5960363
6183356
0
0
0
0
7277664
0
7717324
7937075
0
0
0
0
9033696
0
9483673
9691723
0
0
0
0
10820590
0
11250998
11479569
0
0
0
0
12572472
0
12996009
13218231
0
0
0
0
225556
0
634195
874966
0
0
0
0
1987052
0
2447687
2638027
0
0
0
0
3752880
0
4190249
4413605
0
0
0
0
5525533
0
5943764
6158345
0
0
0
0
7272472
0
7701927
7937619
0
0
0
0
9052472
0
9473991
9703560
0
0
0
0
10820091
0
11243537
11473379
0
0
0
0
12564989
0
13024626
13228912
0
0
0
0
224150
0
652245
886916
0
0
0
0
1976077
0
2417664
2637120
0
0
0
0
3751587
0
4194966
4427959
0
0
0
0
5505011
0
5946735
6179615
0
0
0
0
7268798
0
7727619
7933583
0
0
0
0
9046825
0
9499773
9711519
0
0
0
0
10810091
0
11258662
11468549
0
0
0
0
12571973
0
13007800
13232426
0
0
0
0
167551
0
506009
662222
0
0
0
0
1556667
0
1869637
2050998
0
0
0
0
2886689
0
3235196
3378254
0
0
0
0
4264762
0
4596236
4759683
0
0
0
0
5636440
0
5969569
6131610
0
0
0
0
6991542
0
7335850
7481995
0
0
0
0
8356553
0
8689728
8846077
0
0
0
0
9721927
0
10061315
10225896
0
0
0
0
180363
0
532426
687302
0
0
0
0
1528005
0
1877619
2027415
0
0
0
0
2901451
0
3246576
3407007
0
0
0
0
4266122
0
4606939
4765102
0
0
0
0
5636372
0
5952290
6124150
0
0
0
0
7005760
0
7336644
7512426
0
0
0
0
8358639
0
8706054
8855420
0
0
0
0
9727687
0
10076417
10222585
0
0
0
0
174150
0
505692
693220
0
0
0
0
1544898
0
1902449
2079342
0
0
0
0
2914104
0
3255420
3409524
0
0
0
0
4270544
0
4583696
4756077
0
0
0
0
5637732
0
5959637
6138277
0
0
0
0
7005737
0
7327392
7502132
0
0
0
0
8355896
0
8682381
8854059
0
0
0
0
9716395
0
10044150
10216871
0
0
0
0
173991
0
517098
671270
0
0
0
0
1543469
0
1893787
2046712
0
0
0
0
2902880
0
3255170
3394785
0
0
0
0
4266168
0
4611587
4777506
0
0
0
0
5635193
0
5974853
6132313
0
0
0
0
7000181
0
7332336
7485465
0
0
0
0
8364671
0
8699569
8853492
0
0
0
0
9730476
0
10074921
10221043
0
0
0
0
180839
0
517007
675714
0
0
0
0
1547392
0
1885193
2048617
0
0
0
0
2892993
0
3236553
3405306
0
0
0
0
4256780
0
4609320
4782268
0
0
0
0
5633469
0
5989773
6143129
0
0
0
0
6993107
0
7325578
7498458
0
0
0
0
8363560
0
8715442
8862812
0
0
0
0
9721429
0
10069887
10236372
0
0
0
0
156916
0
529637
676327
0
0
0
0
1554898
0
1903560
2078639
0
0
0
0
2912721
0
3255828
3418435
0
0
0
0
4261338
0
4595397
4771451
0
0
0
0
5634785
0
5972200
6135850
0
0
0
0
6997324
0
7338277
7503741
0
0
0
0
8365057
0
8704830
8854898
0
0
0
0
9727075
0
10074898
10236848
0
0
0
0
0
0
0
0
0
0
0
0
0
0
0
0
0
0
0
0
0
0
0
0
0
0
0
0
0
0
0
0
0
0
0
0
0
0
0
0
0
0
0
0
0
0
0
0
0
0
0
0
0
0
0
0
0
0
0
0
0
0
0
0
0
0
0
0
0
0
0
0
0
0
0
0
0
0
0
0
0
0
0
0
0
0
0
0
0
0
0
0
0
0
0
0
0
0
0
0
0
0
0
0
0
0
0
0
0
0
0
0
0
0
0
0
0
0
0
0
0
0
0
0
0
0
0
0
0
0
0
0
0
0
0
0
0
0
0
0
0
0
0
0
0
0
0
0
0
0
0
0
0
0
0
0
0
0
0
0
0
0
0
0
0
0
0
0
0
0
0
0
0
0
0
0
0
0
0
0
0
0
0
0
0
0
0
0
0
0
0
0
0
0
0
0
0
0
0
0
0
0
0
0
0
0
0
0
0
0
0
0
0
0
0
0
0
0
0
0
0
0
0
0
0
0
0
0
0
0
0
0
0
0
0
0
0
0
0
0
0
0
0
0
0
0
0
0
0
0
0
0
0
0
0
0
0
0
0
0
0
0
0
0
0
0
0
0
0
0
0
0
0
0
0
0
0
0
0
0
0
0
0
0
0
0
0
0
0
0
0
0
0
0
0
0
0
0
0
0
0
0
0
0
0
0
0
0
0
0
0
0
0
0
0
0
0
0
0
0
0
0
0
0
0
0
0
0
0
0
0
0
0
0
0
0
0
0
0
0
0
0
0
0
0
0
0
0
0
0
0
0
0
0
0
0
0
0
0
0
0
0
0
0
0
0
0
0
0
0
0
0
0
0
0
0
0
0
0
0
0
0
0
0
0
0
0
0
269592
0
835986
1137664
0
0
0
0
2600113
0
3186712
3470544
0
0
0
0
4908662
0
5478503
5762222
0
0
0
0
7208753
0
7762925
8073333
0
0
0
0
9521519
0
10075669
10367483
0
0
0
0
11812381
0
12420522
12672857
0
0
0
0
14125918
0
14724150
14990181
0
0
0
0
16430068
0
17021270
17295646
0
0
0
0
200204
0
651338
865329
0
0
0
0
1992789
0
2438549
2653152
0
0
0
0
3735601
0
4171429
4398005
0
0
0
0
5487528
0
5930590
6154671
0
0
0
0
7274218
0
7711338
7934490
0
0
0
0
9053288
0
9503152
9715261
0
0
0
0
10807710
0
11232041
11455578
0
0
0
0
12566825
0
13006395
13226712
0
0
0
0
171542
0
511202
673605
0
0
0
0
1526576
0
1858798
2021769
0
0
0
0
2898027
0
3238322
3427460
0
0
0
0
4267415
0
4603923
4752018
0
0
0
0
5621315
0
5956939
6110612
0
0
0
0
6988730
0
7325374
7485057
0
0
0
0
8361224
0
8703787
8855510
0
0
0
0
9721111
0
10072222
10221179
0
0
0
0
0
0
0
0
0
0
0
0
0
0
0
0
0
0
0
0
0
0
0
0
0
0
0
0
0
0
0
0
0
0
0
0
0
0
0
0
0
0
0
0
0
0
0
0
0
0
0
0
0
0
0
0
0
0
0
0
0
0
0
0
0
0
0
0
287937
0
855442
1140862
0
0
0
0
2632290
0
3161406
3450771
0
0
0
0
4908118
0
5474535
5753696
0
0
0
0
7208776
0
7768707
8040748
0
0
0
0
9515510
0
10079025
10370317
0
0
0
0
11847937
0
12402721
12672109
0
0
0
0
14141542
0
14714172
14984649
0
0
0
0
16439229
0
17029864
17292426
0
0
0
0
290567
0
856190
1139773
0
0
0
0
2603492
0
3174739
3458345
0
0
0
0
4916463
0
5493129
5771383
0
0
0
0
7206485
0
7783152
8058639
0
0
0
0
9530930
0
10101950
10379705
0
0
0
0
11839456
0
12414354
12684535
0
0
0
0
14137324
0
14709433
14991995
0
0
0
0
16466576
0
17031565
17301587
0
0
0
0
226689
0
642744
888526
0
0
0
0
1988844
0
2425669
2665873
0
0
0
0
3756984
0
4186644
4417415
0
0
0
0
5537528
0
5979161
6192608
0
0
0
0
7276054
0
7734785
7945828
0
0
0
0
9044875
0
9490295
9706599
0
0
0
0
10798639
0
11232925
11465964
0
0
0
0
12569637
0
12988254
13225646
0
0
0
0
209161
0
649569
873220
0
0
0
0
1989048
0
2426100
2651633
0
0
0
0
3743469
0
4192789
4395261
0
0
0
0
5503810
0
5933787
6156735
0
0
0
0
7278435
0
7728050
7953878
0
0
0
0
9063741
0
9493605
9713220
0
0
0
0
10820522
0
11256100
11474989
0
0
0
0
12580272
0
13020159
13236553
0
0
0
0
171905
0
510522
681474
0
0
0
0
1539093
0
1861361
2035782
0
0
0
0
2909116
0
3242744
3413719
0
0
0
0
4258662
0
4595918
4759592
0
0
0
0
5624331
0
5960385
6132472
0
0
0
0
7007483
0
7337075
7505760
0
0
0
0
8348481
0
8685079
8855102
0
0
0
0
9723515
0
10057188
10217438
0
0
0
0
159705
0
491247
660113
0
0
0
0
1531066
0
1894875
2036893
0
0
0
0
2892653
0
3240317
3400431
0
0
0
0
4266961
0
4611769
4758231
0
0
0
0
5623832
0
5965329
6115261
0
0
0
0
6997574
0
7328798
7496281
0
0
0
0
8356984
0
8681859
8856780
0
0
0
0
9732540
0
10060590
10220884
0
0
0
0
0
0
0
0
0
0
0
0
0
0
0
0
0
0
0
0
0
0
0
0
0
0
0
0
0
0
0
0
0
0
0
0
0
0
0
0
0
0
0
0
0
0
0
0
0
0
0
0
0
0
0
0
0
0
0
0
0
0
0
0
0
0
0
0
0
0
0
0
0
0
0
0
0
0
0
0
0
0
0
0
0
0
0
0
0
0
0
0
0
0
0
0
0
0
0
0
0
0
0
0
0
0
0
0
0
0
0
0
0
0
0
0
0
0
0
0
0
0
0
0
0
0
0
0
0
0
0
0
5501
0
1282
3701
0
0
0
0
4244
0
1314
4359
0
0
0
0
5244
0
1859
4147
0
0
0
0
4664
0
1485
3652
0
0
0
0
5304
0
1776
4294
0
0
0
0
4993
0
1647
4890
0
0
0
0
5147
0
1374
4648
0
0
0
0
4397
0
1094
4695
0
0
0
0
8140
0
1824
6405
0
0
0
0
5649
0
2222
4579
0
0
0
0
5480
0
1415
5073
0
0
0
0
5544
0
1233
5283
0
0
0
0
6625
0
1626
4541
0
0
0
0
6134
0
1681
4314
0
0
0
0
8087
0
1571
4639
0
0
0
0
6172
0
1887
5625
0
0
0
0
3519
0
2505
4238
0
0
0
0
3836
0
2090
3823
0
0
0
0
3770
0
1883
4400
0
0
0
0
3743
0
1644
4298
0
0
0
0
4319
0
2040
4440
0
0
0
0
3945
0
2174
3520
0
0
0
0
3807
0
1855
3982
0
0
0
0
5378
0
1909
4661
0
0
0
0
4344
0
1785
4328
0
0
0
0
3723
0
1733
3779
0
0
0
0
3910
0
1455
3836
0
0
0
0
3823
0
1065
3828
0
0
0
0
3833
0
1537
3985
0
0
0
0
3746
0
1182
3475
0
0
0
0
3932
0
1263
3586
0
0
0
0
4154
0
1245
3259
0
0
0
0
4969
0
1543
3627
0
0
0
0
4454
0
2370
4854
0
0
0
0
4625
0
2020
3742
0
0
0
0
4681
0
2359
4174
0
0
0
0
5514
0
2166
3423
0
0
0
0
4575
0
1896
4616
0
0
0
0
4936
0
1587
3315
0
0
0
0
4620
0
2158
3465
0
0
0
0
5417
0
1613
4495
0
0
0
0
4832
0
2012
4208
0
0
0
0
4738
0
1734
3974
0
0
0
0
5002
0
2013
4248
0
0
0
0
4378
0
2341
4557
0
0
0
0
4429
0
2041
4865
0
0
0
0
4703
0
2526
4331
0
0
0
0
4815
0
1876
4577
0
0
0
0
5075
0
2185
4745
0
0
0
0
6028
0
2251
5232
0
0
0
0
4386
0
1758
4683
0
0
0
0
5313
0
2079
4859
0
0
0
0
5589
0
1871
4393
0
0
0
0
5302
0
1928
4083
0
0
0
0
4420
0
1372
4985
0
0
0
0
4888
0
2150
3435
0
0
0
0
7004
0
2717
2852
0
0
0
0
6020
0
2499
5246
0
0
0
0
7838
0
3146
5743
0
0
0
0
7428
0
1818
6060
0
0
0
0
7456
0
2551
5946
0
0
0
0
7859
0
2632
5329
0
0
0
0
6962
0
3022
7014
0
0
0
0
6872
0
2069
5800
0
0
0
0
5300
0
2252
6790
0
0
0
0
6126
0
2880
6290
0
0
0
0
5011
0
3005
6847
0
0
0
0
4724
0
3097
6901
0
0
0
0
5329
0
3484
3665
0
0
0
0
6292
0
3115
7296
0
0
0
0
5251
0
3007
6082
0
0
0
0
5892
0
2319
6582
0
0
0
0
5643
0
1600
5234
0
0
0
0
4814
0
2078
6914
0
0
0
0
4690
0
2318
6708
0
0
0
0
5479
0
1665
5361
0
0
0
0
5487
0
1844
5542
0
0
0
0
5580
0
1955
6225
0
0
0
0
6048
0
1691
5105
0
0
0
0
5613
0
2283
4789
0
0
0
0
4644
0
2404
4544
0
0
0
0
4800
0
2099
4266
0
0
0
0
5214
0
3092
4843
0
0
0
0
5355
0
2093
4650
0
0
0
0
5204
0
2601
3555
0
0
0
0
5274
0
2970
4662
0
0
0
0
6110
0
2172
5285
0
0
0
0
4845
0
2265
5351
0
0
0
0
5548
0
1946
3985
0
0
0
0
5580
0
1914
4004
0
0
0
0
5463
0
1783
4165
0
0
0
0
5524
0
2351
4183
0
0
0
0
5686
0
2103
3784
0
0
0
0
5764
0
1649
4932
0
0
0
0
5790
0
1323
4199
0
0
0
0
5820
0
2198
4153
0
0
0
0
5007
0
2182
4888
0
0
0
0
5756
0
2638
4360
0
0
0
0
5612
0
3248
4811
0
0
0
0
4724
0
2662
5358
0
0
0
0
6104
0
2958
4933
0
0
0
0
5519
0
3211
5541
0
0
0
0
5244
0
2692
4708
0
0
0
0
5423
0
2169
4807
0
0
0
0
6695
0
2230
6544
0
0
0
0
7027
0
2066
4330
0
0
0
0
8080
0
2887
5651
0
0
0
0
7038
0
2512
5975
0
0
0
0
7344
0
2378
5857
0
0
0
0
7847
0
2470
6759
0
0
0
0
8369
0
2144
5894
0
0
0
0
7441
0
3838
5988
0
0
0
0
5908
0
3193
5093
0
0
0
0
6312
0
2525
5338
0
0
0
0
6187
0
3553
5951
0
0
0
0
6097
0
3049
4767
0
0
0
0
5827
0
3081
5742
0
0
0
0
7278
0
2505
4303
0
0
0
0
7798
0
2616
4973
0
0
0
0
6190
0
3143
5930
0
0
0
0
6451
0
3146
3890
0
0
0
0
6716
0
3520
5940
0
0
0
0
5880
0
3309
5200
0
0
0
0
6697
0
3762
4944
0
0
0
0
5929
0
5113
6186
0
0
0
0
6451
0
3706
5428
0
0
0
0
6528
0
2591
5596
0
0
0
0
6771
0
2835
6326
0
0
0
0
5669
0
3351
5615
0
0
0
0
6326
0
4026
5412
0
0
0
0
5627
0
2607
4484
0
0
0
0
6973
0
3747
6668
0
0
0
0
5943
0
3061
4460
0
0
0
0
6760
0
6136
5820
0
0
0
0
6844
0
4424
4750
0
0
0
0
6319
0
3086
5490
0
0
0
0
5479
0
2278
4447
0
0
0
0
6105
0
2984
5096
0
0
0
0
6018
0
2107
4976
0
0
0
0
6243
0
3571
4179
0
0
0
0
7258
0
3522
4202
0
0
0
0
6975
0
2834
4934
0
0
0
0
6272
0
3100
4616
0
0
0
0
6245
0
2739
4476
0
0
0
0
0
0
0
0
0
0
0
0
0
0
0
0
0
0
0
0
0
0
0
0
0
0
0
0
0
0
0
0
0
0
0
0
0
0
0
0
0
0
0
0
0
0
0
0
0
0
0
0
0
0
0
0
0
0
0
0
0
0
0
0
0
0
0
0
0
0
0
0
0
0
0
0
0
0
0
0
0
0
0
0
0
0
0
0
0
0
0
0
0
0
0
0
0
0
0
0
0
0
0
0
0
0
0
0
0
0
0
0
0
0
0
0
0
0
0
0
0
0
0
0
0
0
0
0
0
0
0
0
0
0
0
0
0
0
0
0
0
0
0
0
0
0
0
0
0
0
0
0
0
0
0
0
0
0
0
0
0
0
0
0
0
0
0
0
0
0
0
0
0
0
0
0
0
0
0
0
0
0
0
0
0
0
0
0
0
0
0
0
0
0
0
0
0
0
0
0
0
0
0
0
0
0
0
0
0
0
0
0
0
0
0
0
0
0
0
0
0
0
0
0
0
0
0
0
0
0
0
0
0
0
0
0
0
0
0
0
0
0
0
0
0
0
0
0
0
0
0
0
0
0
0
0
0
0
0
0
0
0
0
0
0
0
0
0
0
0
0
0
0
0
0
0
0
0
0
0
0
0
0
0
0
0
0
0
0
0
0
0
0
0
0
0
0
0
0
0
0
0
0
0
0
0
0
0
0
0
0
0
0
0
0
0
0
0
0
0
0
0
0
0
0
0
0
0
0
0
0
0
0
0
0
0
0
0
0
0
0
0
0
0
0
0
0
0
0
0
0
0
0
0
0
0
0
0
0
0
0
0
0
0
0
0
0
0
0
0
0
0
0
0
0
0
0
0
0
0
0
0
0
0
0
0
0
0
4297
0
1414
4384
0
0
0
0
4404
0
1557
5216
0
0
0
0
4094
0
2257
3842
0
0
0
0
4371
0
2041
5277
0
0
0
0
4130
0
1798
4606
0
0
0
0
4386
0
1678
3877
0
0
0
0
4294
0
1165
4891
0
0
0
0
4127
0
1591
3380
0
0
0
0
5172
0
2436
4510
0
0
0
0
5034
0
2403
5263
0
0
0
0
5146
0
2234
4689
0
0
0
0
5410
0
1773
5031
0
0
0
0
4973
0
1870
4614
0
0
0
0
5439
0
2186
4880
0
0
0
0
6067
0
2384
5162
0
0
0
0
5945
0
2261
4639
0
0
0
0
6530
0
2429
4089
0
0
0
0
6010
0
3068
4455
0
0
0
0
5869
0
3527
5817
0
0
0
0
5437
0
4221
4326
0
0
0
0
5532
0
2592
5270
0
0
0
0
6257
0
3407
5183
0
0
0
0
5921
0
1985
4718
0
0
0
0
5665
0
3567
4073
0
0
0
0
0
0
0
0
0
0
0
0
0
0
0
0
0
0
0
0
0
0
0
0
0
0
0
0
0
0
0
0
0
0
0
0
0
0
0
0
0
0
0
0
0
0
0
0
0
0
0
0
0
0
0
0
0
0
0
0
0
0
0
0
0
0
0
0
4016
0
1467
3207
0
0
0
0
3648
0
1056
4400
0
0
0
0
3765
0
1261
4502
0
0
0
0
4399
0
1190
4063
0
0
0
0
3146
0
1172
4049
0
0
0
0
3720
0
1759
4649
0
0
0
0
3956
0
1143
4429
0
0
0
0
4024
0
1205
3787
0
0
0
0
6338
0
1130
2929
0
0
0
0
5661
0
1200
3519
0
0
0
0
5719
0
1396
3233
0
0
0
0
4911
0
1781
4330
0
0
0
0
5092
0
1530
4210
0
0
0
0
5543
0
1187
3209
0
0
0
0
5325
0
1331
3160
0
0
0
0
5222
0
1420
4279
0
0
0
0
5424
0
1530
4202
0
0
0
0
5291
0
1536
4256
0
0
0
0
6309
0
1717
4366
0
0
0
0
4888
0
2033
5644
0
0
0
0
4234
0
1620
4846
0
0
0
0
5391
0
1825
4706
0
0
0
0
5202
0
1646
4459
0
0
0
0
5824
0
1619
4719
0
0
0
0
6562
0
1271
4645
0
0
0
0
5294
0
2090
5040
0
0
0
0
6176
0
1603
5347
0
0
0
0
5945
0
1445
5059
0
0
0
0
6344
0
1580
5685
0
0
0
0
7176
0
1584
5279
0
0
0
0
6934
0
1692
5001
0
0
0
0
6963
0
1732
5139
0
0
0
0
5903
0
2771
4594
0
0
0
0
7412
0
2918
3716
0
0
0
0
5988
0
3524
5485
0
0
0
0
6378
0
3855
5317
0
0
0
0
6589
0
2576
5124
0
0
0
0
7375
0
3166
5471
0
0
0
0
6570
0
2301
6240
0
0
0
0
5760
0
2833
5027
0
0
0
0
5922
0
2550
3581
0
0
0
0
5914
0
2398
3855
0
0
0
0
6971
0
2860
3826
0
0
0
0
6085
0
2161
5182
0
0
0
0
7152
0
2543
4316
0
0
0
0
7599
0
3212
4305
0
0
0
0
8829
0
2699
6739
0
0
0
0
8320
0
2224
6543
0
0
0
0
0
0
0
0
0
0
0
0
0
0
0
0
0
0
0
0
0
0
0
0
0
0
0
0
0
0
0
0
0
0
0
0
0
0
0
0
0
0
0
0
0
0
0
0
0
0
0
0
0
0
0
0
0
0
0
0
0
0
0
0
0
0
0
0
0
0
0
0
0
0
0
0
0
0
0
0
0
0
0
0
0
0
0
0
0
0
0
0
0
0
0
0
0
0
0
0
0
0
0
0
0
0
0
0
0
0
0
0
0
0
0
0
0
0
0
0
0
0
0
0
0
0
0
0
0
0
0
0
5096
0
1621
4543
0
0
0
0
4656
0
1758
4009
0
0
0
0
4061
0
1415
4428
0
0
0
0
4843
0
1746
4125
0
0
0
0
5379
0
856
3610
0
0
0
0
4819
0
1224
3688
0
0
0
0
4451
0
949
3194
0
0
0
0
4602
0
1047
3603
0
0
0
0
4159
0
1359
4087
0
0
0
0
4239
0
1160
3949
0
0
0
0
3721
0
1060
4030
0
0
0
0
4059
0
892
4549
0
0
0
0
4384
0
1140
4416
0
0
0
0
4180
0
1335
3669
0
0
0
0
4310
0
865
4079
0
0
0
0
3424
0
775
3691
0
0
0
0
3524
0
1376
3252
0
0
0
0
3516
0
916
3222
0
0
0
0
3383
0
863
3164
0
0
0
0
3630
0
778
3348
0
0
0
0
3483
0
900
2842
0
0
0
0
3640
0
1221
2975
0
0
0
0
3306
0
891
3020
0
0
0
0
4067
0
965
2982
0
0
0
0
5487
0
1434
3986
0
0
0
0
4662
0
1446
4770
0
0
0
0
4183
0
912
3946
0
0
0
0
5346
0
1574
3250
0
0
0
0
5002
0
1261
3442
0
0
0
0
4557
0
1072
3300
0
0
0
0
4656
0
958
3228
0
0
0
0
4144
0
1354
3887
0
0
0
0
4831
0
2082
3912
0
0
0
0
4323
0
1476
4879
0
0
0
0
5211
0
1236
4304
0
0
0
0
4700
0
885
4084
0
0
0
0
5635
0
1539
4000
0
0
0
0
5172
0
1356
4005
0
0
0
0
5624
0
1159
4048
0
0
0
0
4726
0
1892
5181
0
0
0
0
3906
0
1825
4072
0
0
0
0
4491
0
1387
4346
0
0
0
0
5086
0
1337
4271
0
0
0
0
5177
0
1064
3583
0
0
0
0
5038
0
1020
4675
0
0
0
0
4435
0
915
3842
0
0
0
0
4470
0
1061
3838
0
0
0
0
5541
0
1146
4432
0
0
0
0
5496
0
1448
3883
0
0
0
0
5448
0
2089
4115
0
0
0
0
4857
0
1484
4031
0
0
0
0
5795
0
1363
4068
0
0
0
0
5870
0
1517
4161
0
0
0
0
5692
0
1481
4680
0
0
0
0
4728
0
1405
3570
0
0
0
0
5780
0
1563
3707
0
0
0
0
6136
0
1608
5048
0
0
0
0
6851
0
1901
4811
0
0
0
0
5943
0
1999
4468
0
0
0
0
6290
0
2020
4280
0
0
0
0
6596
0
1884
4682
0
0
0
0
6441
0
1457
4192
0
0
0
0
5667
0
2344
6950
0
0
0
0
5270
0
1720
4620
0
0
0
0
4747
0
1443
4275
0
0
0
0
5039
0
1489
4585
0
0
0
0
5712
0
1337
4336
0
0
0
0
6432
0
1531
4675
0
0
0
0
5727
0
1898
3925
0
0
0
0
5397
0
1628
4711
0
0
0
0
6336
0
1279
4809
0
0
0
0
5759
0
1740
4898
0
0
0
0
6607
0
1612
4503
0
0
0
0
5737
0
1742
4402
0
0
0
0
6085
0
1863
4555
0
0
0
0
5932
0
1442
4882
0
0
0
0
6192
0
1545
4557
0
0
0
0
6172
0
1473
4033
0
0
0
0
6408
0
2015
4400
0
0
0
0
5683
0
1658
4495
0
0
0
0
6661
0
1386
5131
0
0
0
0
5852
0
1290
4791
0
0
0
0
6637
0
1498
5487
0
0
0
0
5906
0
1618
4650
0
0
0
0
6169
0
1467
5355
0
0
0
0
6141
0
1518
4828
0
0
0
0
6731
0
1433
5607
0
0
0
0
6325
0
1666
5043
0
0
0
0
6676
0
2164
5495
0
0
0
0
5610
0
1461
4916
0
0
0
0
5803
0
2037
4879
0
0
0
0
6686
0
1634
4760
0
0
0
0
6117
0
1406
4576
0
0
0
0
5662
0
2884
4963
0
0
0
0
7050
0
1549
4928
0
0
0
0
6211
0
1887
4786
0
0
0
0
6635
0
1835
3186
0
0
0
0
5665
0
1659
4146
0
0
0
0
6660
0
1721
4259
0
0
0
0
6996
0
1664
3793
0
0
0
0
7294
0
2052
3745
0
0
0
0
7096
0
2095
3272
0
0
0
0
6261
0
3286
4412
0
0
0
0
6886
0
2130
4655
0
0
0
0
7315
0
3052
6635
0
0
0
0
7509
0
3353
6139
0
0
0
0
7650
0
3072
5310
0
0
0
0
7501
0
2784
6485
0
0
0
0
7173
0
3010
6432
0
0
0
0
7604
0
2716
6563
0
0
0
0
8126
0
3234
6028
0
0
0
0
6885
0
2867
5735
0
0
0
0
5279
0
1905
5134
0
0
0
0
5948
0
2219
4719
0
0
0
0
6384
0
2053
4508
0
0
0
0
7231
0
1916
4645
0
0
0
0
7617
0
1700
5547
0
0
0
0
7800
0
2368
5251
0
0
0
0
6745
0
1731
5428
0
0
0
0
6653
0
1470
4885
0
0
0
0
7407
0
2096
3949
0
0
0
0
7499
0
2695
4091
0
0
0
0
7307
0
2210
5664
0
0
0
0
6330
0
2945
4505
0
0
0
0
6400
0
1878
5531
0
0
0
0
7550
0
2022
4627
0
0
0
0
7726
0
2473
5523
0
0
0
0
8111
0
2199
4460
0
0
0
0
6044
0
1737
3700
0
0
0
0
6924
0
1758
5189
0
0
0
0
7041
0
1952
4139
0
0
0
0
6863
0
2073
5080
0
0
0
0
7173
0
1884
4439
0
0
0
0
6671
0
2102
5086
0
0
0
0
7559
0
1796
4472
0
0
0
0
7527
0
2203
4911
0
0
0
0
8202
0
1835
4547
0
0
0
0
5411
0
3424
5389
0
0
0
0
5524
0
1836
5481
0
0
0
0
5764
0
1783
4715
0
0
0
0
6890
0
2105
4956
0
0
0
0
6517
0
1953
5464
0
0
0
0
6653
0
1543
5575
0
0
0
0
5892
0
2181
4986
0
0
0
0
0
0
0
0
0
0
0
0
0
0
0
0
0
0
0
0
0
0
0
0
0
0
0
0
0
0
0
0
0
0
0
0
0
0
0
0
0
0
0
0
0
0
0
0
0
0
0
0
0
0
0
0
0
0
0
0
0
0
0
0
0
0
0
0
0
0
0
0
0
0
0
0
0
0
0
0
0
0
0
0
0
0
0
0
0
0
0
0
0
0
0
0
0
0
0
0
0
0
0
0
0
0
0
0
0
0
0
0
0
0
0
0
0
0
0
0
0
0
0
0
0
0
0
0
0
0
0
0
0
0
0
0
0
0
0
0
0
0
0
0
0
0
0
0
0
0
0
0
0
0
0
0
0
0
0
0
0
0
0
0
0
0
0
0
0
0
0
0
0
0
0
0
0
0
0
0
0
0
0
0
0
0
0
0
0
0
0
0
0
0
0
0
0
0
0
0
0
0
0
0
0
0
0
0
0
0
0
0
0
0
0
0
0
0
0
0
0
0
0
0
0
0
0
0
0
0
0
0
0
0
0
0
0
0
0
0
0
0
0
0
0
0
0
0
0
0
0
0
0
0
0
0
0
0
0
0
0
0
0
0
0
0
0
0
0
0
0
0
0
0
0
0
0
0
0
0
0
0
0
0
0
0
0
0
0
0
0
0
0
0
0
0
0
0
0
0
0
0
0
0
0
0
0
0
0
0
0
0
0
0
0
0
0
0
0
0
0
0
0
0
0
0
0
0
0
0
0
0
0
0
0
0
0
0
0
0
0
0
0
0
0
0
0
0
0
0
0
0
0
0
0
0
0
0
0
0
0
0
0
0
0
0
0
0
0
0
0
0
0
0
0
0
0
0
0
0
0
0
0
0
0
0
0
0
4191
0
2160
4970
0
0
0
0
4712
0
1731
4849
0
0
0
0
4511
0
1784
4551
0
0
0
0
3805
0
1933
4694
0
0
0
0
4335
0
2043
4139
0
0
0
0
4473
0
1456
4468
0
0
0
0
5028
0
1906
4609
0
0
0
0
4784
0
1780
4751
0
0
0
0
5468
0
2107
5295
0
0
0
0
5532
0
2247
5329
0
0
0
0
5706
0
2453
5105
0
0
0
0
5490
0
1972
5000
0
0
0
0
6010
0
1999
4954
0
0
0
0
5835
0
3375
5216
0
0
0
0
5877
0
2646
5050
0
0
0
0
5808
0
2524
4362
0
0
0
0
7534
0
3937
5667
0
0
0
0
6153
0
2964
6469
0
0
0
0
6599
0
6604
5116
0
0
0
0
7109
0
4421
6180
0
0
0
0
6317
0
3950
6103
0
0
0
0
6054
0
4175
6333
0
0
0
0
7673
0
4079
5932
0
0
0
0
6941
0
2819
6001
0
0
0
0
0
0
0
0
0
0
0
0
0
0
0
0
0
0
0
0
0
0
0
0
0
0
0
0
0
0
0
0
0
0
0
0
0
0
0
0
0
0
0
0
0
0
0
0
0
0
0
0
0
0
0
0
0
0
0
0
0
0
0
0
0
0
0
0
4015
0
1676
3484
0
0
0
0
3467
0
1265
3645
0
0
0
0
4052
0
1330
3932
0
0
0
0
3801
0
1136
4316
0
0
0
0
3923
0
1513
3933
0
0
0
0
4813
0
1203
3661
0
0
0
0
4762
0
1248
4217
0
0
0
0
4533
0
1051
4214
0
0
0
0
4929
0
1657
5706
0
0
0
0
4920
0
1806
6013
0
0
0
0
5384
0
2055
5653
0
0
0
0
5765
0
2228
5853
0
0
0
0
5593
0
1751
5939
0
0
0
0
5665
0
1775
5758
0
0
0
0
5727
0
1814
4819
0
0
0
0
5850
0
1661
5559
0
0
0
0
5671
0
1454
4616
0
0
0
0
6040
0
1580
4400
0
0
0
0
6256
0
1755
3854
0
0
0
0
6457
0
1870
4206
0
0
0
0
5432
0
1628
3910
0
0
0
0
5880
0
1489
4126
0
0
0
0
6438
0
2210
4504
0
0
0
0
6193
0
1585
3768
0
0
0
0
4968
0
1797
4076
0
0
0
0
4668
0
2167
4950
0
0
0
0
4797
0
1693
4132
0
0
0
0
5837
0
2411
4780
0
0
0
0
5324
0
2475
5013
0
0
0
0
5599
0
1581
5029
0
0
0
0
5615
0
1685
4770
0
0
0
0
5847
0
1457
5428
0
0
0
0
4868
0
2707
3633
0
0
0
0
5798
0
1892
4191
0
0
0
0
4748
0
2199
4268
0
0
0
0
5708
0
2081
4217
0
0
0
0
5415
0
2043
4145
0
0
0
0
6026
0
1983
4519
0
0
0
0
5926
0
2066
4169
0
0
0
0
6362
0
1759
4263
0
0
0
0
5023
0
1893
4286
0
0
0
0
5825
0
2512
5335
0
0
0
0
6079
0
2096
4857
0
0
0
0
5595
0
2617
4688
0
0
0
0
6143
0
2478
4804
0
0
0
0
6199
0
2310
4920
0
0
0
0
6112
0
1837
4522
0
0
0
0
6087
0
2027
5590
0
0
0
0
0
0
0
0
0
0
0
0
0
0
0
0
0
0
0
0
0
0
0
0
0
0
0
0
0
0
0
0
0
0
0
0
0
0
0
0
0
0
0
0
0
0
0
0
0
0
0
0
0
0
0
0
0
0
0
0
0
0
0
0
0
0
0
0
0
0
0
0
0
0
0
0
0
0
0
0
0
0
0
0
0
0
0
0
0
0
0
0
0
0
0
0
0
0
0
0
0
0
0
0
0
0
0
0
0
0
0
0
0
0
0
0
0
0
0
0
0
0
0
0
0
0
0
0
0
0
0
0
0
0
0
0
0
0
0
0
0
0
0
0
0
0
0
0
0
0
0
0
0
0
0
0
0
0
0
0
0
0
0
0
